900,'4614',600,,10370,2,,,0,40,,10369,2,,,0,80,,10367,2,,,0,31,,10368,2,,,0,72,,10363,2,,,0,32,,10355,2,,,0,167,,10354,2,,,0,83,,10353,2,,,0,20,,10371,2,,,0,94,,10356,2,,,0,102,,10358,2,,,0,98,,10357,2,,,0,106,,10359,2,,,0,100,,10360,2,,,0,99,,10361,2,,,0,30,,10372,2,,,0,69,,10373,2,,,0,28,,10362,2,,,0,163,,10364,2,,,0,103,,10365,2,,,0,94,,10366,2,,,0
900,'4619',1550,,10374,2,,,0
900,'4931',1550,,10375,2,,,0
900,'5544',823,,10380,2,,,0,100,,10378,2,,,0,127,,10383,2,,,0,175,,10384,2,,,0,96,,10382,2,,,0,101,,10376,2,,,0,99,,10385,2,,,0,102,,10377,2,,,0,106,,10379,2,,,0,117,,10386,2,,,0,173,,10381,2,,,0
900,'5547',723,,10387,2,,,0,100,,10389,2,,,0,99,,10390,2,,,0,104,,10395,2,,,0,24,,10392,2,,,0,69,,10402,2,,,0,105,,10391,2,,,0,97,,10400,2,,,0,100,,10394,2,,,0,100,,10393,2,,,0,102,,10397,2,,,0,105,,10388,2,,,0,93,,10396,2,,,0,24,,10401,2,,,0,75,,10399,2,,,0,93,,10398,2,,,0
9801,'4614',728,,11318,2,,,0,99,,11319,2,,,0,119,,11314,2,,,0,92,,11315,2,,,0,117,,11316,2,,,0,103,,11317,2,,,0,95,,11311,2,,,0,176,,11312,2,,,0,126,,11313,2,,,0,96,,11310,2,,,0
9801,'5547',700,,11328,2,,,0,100,,11329,2,,,0,100,,11330,2,,,0,128,,11321,2,,,0,92,,11322,2,,,0,101,,11323,2,,,0,94,,11324,2,,,0,105,,11325,2,,,0,100,,11326,2,,,0,135,,11327,2,,,0,95,,11320,2,,,0
9901,'4614',913,,11337,2,,,0,743,,11338,2,,,0
9901,'5544',900,,11339,2,,,0,757,,11340,2,,,0
9901,'5547',858,,11341,2,,,0,797,,11342,2,,,0
