4000,'4614',556,,10854,3,,,0,70,,10855,3,,,0,15,,10881,3,,,0,15,,10856,3,,,0,55,,10880,3,,,0,8,,10882,3,0,6 7,0,7,,10857,3,,,0,7,,10883,3,0,6 7,0,4,,10886,3,0,6 7,0,5,,10879,3,,,0,8,,10884,3,0,6 7,0,7,,10858,3,,,0,48,,10885,3,0,6 7,0,7,,10878,3,,,0,15,,10832,3,,,0,15,,10859,3,,,0,15,,10833,3,,,0,55,,10860,3,,,0,15,,10834,3,,,0,15,,10861,3,,,0,15,,10835,3,,,0,55,,10862,3,,,0,15,,10836,3,,,0,15,,10863,3,,,0,15,,10837,3,,,0,55,,10864,3,,,0,15,,10838,3,,,0,15,,10865,3,,,0,15,,10839,3,,,0,55,,10866,3,,,0,15,,10840,3,,,0,15,,10867,3,,,0,15,,10841,3,,,0,55,,10868,3,,,0,15,,10842,3,,,0,15,,10869,3,,,0,15,,10844,3,,,0,55,,10870,3,,,0,15,,10843,3,,,0,15,,10871,3,,,0,15,,10845,3,,,0,55,,10872,3,,,0,15,,10846,3,,,0,15,,10873,3,,,0,15,,10847,3,,,0,55,,10874,3,,,0,15,,10848,3,,,0,15,,10875,3,,,0,15,,10849,3,,,0,70,,10850,3,,,0,15,,10876,3,,,0,15,,10851,3,,,0,70,,10852,3,,,0,30,,10853,3,,,0,70,,10828,3,,,0,30,,10829,3,,,0,70,,10827,3,,,0,30,,10830,3,,,0,70,,10826,3,,,0,30,,10831,3,,,0,70,,10825,3,,,0,29,,10877,3,,,0
4000,'4619',1712,,10887,3,,,0
4000,'4931',1712,,10888,3,,,0
4000,'5544',656,,10889,3,,,0,100,,10891,3,,,0,100,,10893,3,,,0,71,,10894,3,,,0,30,,10895,3,,,0,70,,10896,3,,,0,30,,10897,3,,,0,70,,10898,3,,,0,30,,10899,3,,,0,70,,10900,3,,,0,31,,10901,3,,,0,70,,10902,3,,,0,30,,10903,3,,,0,71,,10904,3,,,0,28,,10905,3,,,0,70,,10906,3,,,0,30,,10907,3,,,0,70,,10908,3,,,0,30,,10909,3,,,0,69,,10910,3,,,0,31,,10911,3,,,0,70,,10912,3,,,0,30,,10890,3,,,0,70,,10892,3,,,0
4000,'5547',626,,10938,3,,,0,100,,10939,3,,,0,30,,10940,3,,,0,70,,10941,3,,,0,30,,10942,3,,,0,71,,10925,3,,,0,30,,10922,3,,,0,70,,10920,3,,,0,30,,10930,3,,,0,70,,10937,3,,,0,31,,10915,3,,,0,70,,10921,3,,,0,30,,10916,3,,,0,70,,10933,3,,,0,30,,10919,3,,,0,70,,10914,3,,,0,30,,10931,3,,,0,70,,10926,3,,,0,30,,10913,3,,,0,70,,10923,3,,,0,29,,10924,3,,,0,70,,10929,3,,,0,30,,10927,3,,,0,70,,10932,3,,,0,30,,10935,3,,,0,70,,10918,3,,,0,30,,10928,3,,,0,100,,10934,3,,,0,100,,10917,3,,,0,99,,10936,3,,,0
1002000,'4614',616,,11372,3,,,0,111,,11373,3,,,0,85,,11379,3,,,0,105,,11374,3,,,0,100,,11366,3,,,0,100,,11367,3,,,0,101,,11368,3,,,0,99,,11369,3,,,0,102,,11375,3,,,0,83,,11370,3,,,0,22,,11371,3,,,0,186,,11376,3,,,0,332,,11377,3,,,0,199,,11378,3,,,0
1002000,'5299',1612,,11380,3,,,0,233,,11381,3,,,0
1002000,'5544',648,,11382,3,,,0,100,,11388,3,,,0,200,,11383,3,,,0,201,,11384,3,,,0,200,,11385,3,,,0,200,,11386,3,,,0,200,,11387,3,,,0
1002000,'5547',611,,11391,3,,,0,100,,11403,3,,,0,100,,11390,3,,,0,100,,11392,3,,,0,100,,11393,3,,,0,101,,11394,3,,,0,100,,11395,3,,,0,100,,11396,3,,,0,100,,11397,3,,,0,100,,11402,3,,,0,100,,11398,3,,,0,98,,11399,3,,,0,135,,11400,3,,,0,197,,11401,3,,,0,199,,11389,3,,,0
1002000,'5567',1612,,11404,3,,,0,233,,11405,3,,,0
