101,'4614',632,,10024,3,,,0,20,,10023,3,,,0,60,,10027,3,,,0,20,,10021,3,,,0,20,,10025,3,,,0,60,,10036,3,,,0,22,,10026,3,,,0,20,,10020,3,,,0,66,,10017,3,,,0,30,,10016,3,,,0,69,,10019,3,,,0,30,,10007,3,,,0,70,,10018,3,,,0,29,,10008,3,,,0,69,,10014,3,,,0,30,,10035,3,,,0,69,,10015,3,,,0,30,,10011,3,,,0,70,,10013,3,,,0,29,,10033,3,,,0,59,,10009,3,,,0,20,,9996,3,,,0,22,,10022,3,,,0,60,,9998,3,,,0,20,,10006,3,,,0,20,,9997,3,,,0,61,,10012,3,,,0,20,,10010,3,,,0,22,,10034,3,,,0,103,,10001,3,,,0,71,,10029,3,,,0,33,,10002,3,,,0,70,,10028,3,,,0,30,,10003,3,,,0,70,,10031,3,,,0,31,,10004,3,,,0,70,,10030,3,,,0,30,,10005,3,,,0,70,,10032,3,,,0,31,,10000,3,,,0,70,,9999,3,,,0
101,'4619',1820,,10037,3,,,0
101,'4931',1820,,10038,3,,,0
101,'5544',752,,10048,3,,,0,70,,10054,3,,,0,30,,10051,3,,,0,69,,10050,3,,,0,29,,10059,3,,,0,70,,10047,3,,,0,30,,10057,3,,,0,70,,10060,3,,,0,29,,10041,3,,,0,69,,10045,3,,,0,29,,10058,3,,,0,71,,10062,3,,,0,30,,10061,3,,,0,70,,10040,3,,,0,30,,10053,3,,,0,70,,10046,3,,,0,31,,10044,3,,,0,70,,10042,3,,,0,30,,10049,3,,,0,71,,10043,3,,,0,30,,10064,3,,,0,72,,10063,3,,,0,30,,10052,3,,,0,70,,10039,3,,,0,34,,10056,3,,,0,70,,10065,3,,,0,30,,10055,3,,,0,70,,10066,3,,,0
101,'5547',652,,10067,3,,,0,70,,10068,3,,,0,30,,10069,3,,,0,70,,10070,3,,,0,28,,10071,3,,,0,70,,10072,3,,,0,30,,10073,3,,,0,67,,10074,3,,,0,30,,10075,3,,,0,69,,10076,3,,,0,30,,10077,3,,,0,70,,10078,3,,,0,30,,10079,3,,,0,70,,10080,3,,,0,30,,10081,3,,,0,70,,10082,3,,,0,30,,10083,3,,,0,70,,10084,3,,,0,31,,10085,3,,,0,70,,10086,3,,,0,32,,10087,3,,,0,71,,10088,3,,,0,30,,10089,3,,,0,70,,10090,3,,,0,30,,10091,3,,,0,71,,10092,3,,,0,33,,10093,3,,,0,71,,10094,3,,,0,31,,10095,3,,,0,70,,10096,3,,,0,30,,10097,3,,,0,71,,10098,3,,,0,30,,10099,3,,,0,71,,10100,3,,,0,100,,10101,3,,,0
2001,'4614',641,,10575,3,,,0,85,,10581,3,0,9 10 11,0,30,,10574,3,0,9 10 11,0,145,,10569,3,,,0,45,,10580,3,0,9 10 11,0,75,,10570,3,,,0,100,,10579,3,,,0,101,,10576,3,,,0,100,,10577,3,,,0,97,,10578,3,0,9 10 11,0,407,,10571,3,,,0,320,,10572,3,0,9 10 11,0,200,,10573,3,0,9 10 11,0
2001,'5289',1627,,10583,3,,,0
2001,'5299',1527,,10586,3,,,0,200,,10584,3,,,0,219,,10585,3,0,9 10 11,0
2001,'5544',746,,10592,3,,,0,201,,10587,3,,,0,200,,10589,3,,,0,200,,10588,3,,,0,201,,10590,3,,,0,199,,10591,3,,,0
2001,'5547',816,,10604,3,0,9 10 11,0,110,,10599,3,,,0,100,,10603,3,,,0,100,,10600,3,,,0,101,,10593,3,,,0,100,,10602,3,,,0,100,,10606,3,,,0,100,,10596,3,,,0,100,,10601,3,,,0,100,,10597,3,,,0,99,,10594,3,,,0,120,,10605,3,0,9 10 11,0,200,,10598,3,0,9 10 11,0,200,,10595,3,0,9 10 11,0
2001,'5567',1527,,10609,3,,,0,200,,10607,3,,,0,219,,10608,3,0,9 10 11,0
2001,'5568',1627,,10610,3,,,0
2501,'4614',815,,10626,3,,,0,302,,10627,4,,,0,139,,10628,3,,,0,261,,10629,4,,,0,400,,10630,4,,,0,90,,10631,3,,,0
2501,'5544',815,,10632,3,,,0,302,,10633,4,,,0,400,,10634,4,,,0,200,,10636,4,,,0,200,,10635,4,,,0
2501,'5547',815,,10638,3,,,0,302,,10640,4,,,0,400,,10639,4,,,0,200,,10641,4,,,0,200,,10637,4,,,0
3001,'4614',612,,10743,3,,,0,30,,10736,3,,,0,70,,10735,3,,,0,30,,10738,3,,,0,17,,10741,3,,,0,57,,10740,3,,,0,15,,10742,3,,,0,16,,10737,3,,,0,69,,10713,3,,,0,30,,10714,3,,,0,70,,10715,3,,,0,30,,10717,3,,,0,70,,10716,3,,,0,30,,10718,3,,,0,70,,10720,3,,,0,30,,10722,3,,,0,70,,10723,3,,,0,30,,10719,3,,,0,70,,10724,3,,,0,30,,10721,3,,,0,100,,10725,3,,,0,70,,10739,3,,,0,101,,10726,3,,,0,30,,10727,3,,,0,70,,10728,3,,,0,30,,10729,3,,,0,100,,10731,3,,,0,100,,10732,3,,,0,100,,10733,3,,,0,100,,10730,3,,,0,100,,10734,3,,,0
3001,'5289',1516,,10745,3,,,0,131,,10744,3,,,0
3001,'5544',747,,10746,3,,,0,100,,10747,3,,,0,100,,10748,3,,,0,100,,10749,3,,,0,100,,10750,3,,,0,100,,10751,3,,,0,100,,10752,3,,,0,100,,10753,3,,,0,100,,10754,3,,,0,100,,10755,3,,,0,100,,10756,3,,,0,100,,10757,3,,,0,100,,10758,3,,,0
3001,'5547',717,,10759,3,,,0,100,,10760,3,,,0,100,,10761,3,,,0,30,,10762,3,,,0,70,,10763,3,,,0,30,,10764,3,,,0,70,,10765,3,,,0,30,,10766,3,,,0,70,,10767,3,,,0,30,,10768,3,,,0,70,,10769,3,,,0,30,,10770,3,,,0,70,,10771,3,,,0,30,,10772,3,,,0,70,,10773,3,,,0,30,,10774,3,,,0,70,,10775,3,,,0,30,,10776,3,,,0,71,,10777,3,,,0,29,,10778,3,,,0,70,,10779,3,,,0,30,,10780,3,,,0,100,,10781,3,,,0,100,,10782,3,,,0,100,,10783,3,,,0,100,,10784,3,,,0,100,,10785,3,,,0
3001,'5568',1516,,10787,3,,,0,131,,10786,3,,,0
7201,'4614',703,,11182,3,,,0,28,,11183,3,,,0,28,,11184,3,,,0,75,,11185,3,,,0,72,,11186,3,,,0,31,,11187,3,,,0,70,,11188,3,,,0,30,,11189,3,,,0,69,,11190,3,,,0,29,,11191,3,,,0,70,,11192,3,,,0,30,,11193,3,,,0,70,,11194,3,,,0,30,,11195,3,,,0,68,,11196,3,,,0,30,,11197,3,,,0,70,,11198,3,,,0,30,,11199,3,,,0,71,,11200,3,,,0,31,,11201,3,,,0,70,,11202,3,,,0,31,,11203,3,,,0,70,,11204,3,,,0,31,,11205,3,,,0,71,,11206,3,,,0,100,,11207,3,,,0,100,,11208,3,,,0,100,,11209,3,,,0,132,,11210,3,,,0
7201,'5544',807,,11211,3,,,0,100,,11212,3,,,0,100,,11213,3,,,0,99,,11214,3,,,0,98,,11215,3,,,0,100,,11216,3,,,0,100,,11217,3,,,0,100,,11218,3,,,0,101,,11219,3,,,0,101,,11220,3,,,0,100,,11221,3,,,0,100,,11222,3,,,0,102,,11223,3,,,0
7201,'5547',709,,11230,3,,,0,98,,11231,3,,,0,100,,11232,3,,,0,30,,11233,3,,,0,69,,11234,3,,,0,30,,11235,3,,,0,70,,11236,3,,,0,29,,11237,3,,,0,70,,11238,3,,,0,30,,11239,3,,,0,70,,11240,3,,,0,30,,11241,3,,,0,70,,11242,3,,,0,30,,11243,3,,,0,70,,11244,3,,,0,30,,11245,3,,,0,70,,11246,3,,,0,31,,11247,3,,,0,70,,11248,3,,,0,30,,11249,3,,,0,70,,11250,3,,,0,31,,11251,3,,,0,70,,11224,3,,,0,101,,11225,3,,,0,101,,11226,3,,,0,100,,11227,3,,,0,101,,11228,3,,,0,101,,11229,3,,,0
1002001,'4614',701,,11410,3,,,0,125,,11411,3,,,0,100,,11412,3,,,0,125,,11413,3,,,0,100,,11406,3,,,0,101,,11407,3,,,0,95,,11414,3,,,0,100,,11408,3,,,0,100,,11409,3,,,0,100,,11415,3,,,0,100,,11416,3,,,0,99,,11417,3,,,0,200,,11418,3,,,0,200,,11419,3,,,0
1002001,'5544',846,,11420,3,,,0,201,,11421,3,,,0,200,,11422,3,,,0,200,,11423,3,,,0,200,,11424,3,,,0,199,,11426,3,,,0,200,,11425,3,,,0
1002001,'5547',716,,11440,3,,,0,130,,11427,3,,,0,100,,11428,3,,,0,100,,11429,3,,,0,100,,11430,3,,,0,101,,11439,3,,,0,100,,11431,3,,,0,100,,11432,3,,,0,100,,11433,3,,,0,100,,11434,3,,,0,100,,11435,3,,,0,99,,11436,3,,,0,200,,11437,3,,,0,200,,11438,3,,,0
