2001,'4614',706,,10575,38,,,0,105,,10581,55,,,0,2,,10582,19,,,0,27,,10574,55,,,0,88,,10569,38,,,0,99,,10580,55,,,0,21,,10570,38,,,0,100,,10579,38,,,0,101,,10576,38,,,0,100,,10577,38,,,0,155,,10578,55,,,0,346,,10571,38,,,0,373,,10572,55,,,0,196,,10573,55,,,0
2001,'5289',1654,,10583,38,,,0
2001,'5299',1554,,10586,38,,,0,199,,10584,38,,,0,270,,10585,55,,,0
2001,'5544',810,,10592,38,,,0,202,,10587,38,,,0,201,,10589,38,,,0,200,,10588,38,,,0,201,,10590,38,,,0,199,,10591,38,,,0
2001,'5547',855,,10604,55,,,0,97,,10599,38,,,0,100,,10603,38,,,0,100,,10600,38,,,0,101,,10593,38,,,0,100,,10602,38,,,0,100,,10606,38,,,0,100,,10596,38,,,0,99,,10601,38,,,0,100,,10597,38,,,0,99,,10594,38,,,0,174,,10605,55,,,0,200,,10598,55,,,0,194,,10595,55,,,0
2001,'5567',1554,,10609,38,,,0,199,,10607,38,,,0,270,,10608,55,,,0
2001,'5568',1654,,10610,38,,,0
1002001,'4614',726,,11410,38,,,0,183,,11411,55,,,0,44,,11412,38,,,0,165,,11413,38,,,0,100,,11406,38,,,0,101,,11407,38,,,0,113,,11414,55,,,0,99,,11408,55,,,0,98,,11409,55,,,0,98,,11415,55,,,0,100,,11416,55,,,0,98,,11417,55,,,0,199,,11418,55,,,0,198,,11419,55,,,0
1002001,'5544',925,,11420,55,,,0,201,,11421,55,,,0,201,,11422,55,,,0,200,,11423,55,,,0,200,,11424,55,,,0,199,,11426,55,,,0,198,,11425,55,,,0
1002001,'5547',753,,11440,55,,,0,172,,11427,55,,,0,100,,11428,55,,,0,100,,11429,55,,,0,100,,11430,55,,,0,101,,11439,55,,,0,100,,11431,55,,,0,100,,11432,55,,,0,100,,11433,55,,,0,100,,11434,55,,,0,100,,11435,55,,,0,99,,11436,55,,,0,200,,11437,55,,,0,198,,11438,55,,,0
