4001,'4614',702,,10973,50,,,0,33,,10974,50,,,0,75,,10976,50,,,0,15,,10978,50,,,0,15,,10975,50,,,0,17,,10979,50,,,0,52,,10953,50,,,0,15,,10980,50,,,0,15,,10955,50,,,0,16,,10981,50,,,0,54,,10954,50,,,0,16,,10982,50,,,0,15,,10956,50,,,0,15,,10983,50,,,0,55,,10957,50,,,0,15,,10984,50,,,0,17,,10958,50,,,0,15,,10985,50,,,0,55,,10959,50,,,0,15,,10986,50,,,0,15,,10960,50,,,0,15,,10987,50,,,0,56,,10961,50,,,0,15,,10988,50,,,0,16,,10962,50,,,0,15,,10989,50,,,0,55,,10963,50,,,0,17,,10990,50,,,0,15,,10964,50,,,0,10,,10991,50,,,0,50,,10992,50,,,0,11,,10965,50,,,0,10,,10993,50,,,0,20,,10966,50,,,0,60,,10995,50,,,0,10,,10968,50,,,0,10,,10994,50,,,0,10,,10996,50,,,0,9,,10967,50,,,0,60,,10997,50,,,0,10,,10969,50,,,0,13,,10998,50,,,0,14,,10977,50,,,0,15,,10999,50,,,0,54,,10971,50,,,0,14,,11000,50,,,0,14,,10970,50,,,0,15,,11001,50,,,0,55,,10972,50,,,0,15,,11002,50,,,0,14,,10952,50,,,0,69,,10951,50,,,0,31,,10950,50,,,0,69,,10946,50,,,0,28,,10949,50,,,0,69,,10945,50,,,0,29,,10948,50,,,0,68,,10944,50,,,0,29,,10947,50,,,0,70,,10943,50,,,0,30,,11003,50,,,0
4001,'4619',1557,,11005,50,,,0
4001,'5289',1537,,11006,50,,,0,20,,11007,50,,,0,99,,11008,50,,,0
4001,'5299',1557,,11009,50,,,0
4001,'5544',735,,11010,50,,,0,105,,11012,50,,,0,102,,11014,50,,,0,100,,11016,50,,,0,70,,11017,50,,,0,30,,11018,50,,,0,71,,11019,50,,,0,31,,11020,50,,,0,70,,11021,50,,,0,30,,11022,50,,,0,71,,11023,50,,,0,28,,11024,50,,,0,69,,11025,50,,,0,30,,11026,50,,,0,70,,11027,50,,,0,30,,11028,50,,,0,70,,11029,50,,,0,30,,11030,50,,,0,67,,11031,50,,,0,30,,11032,50,,,0,70,,11033,50,,,0,29,,11015,50,,,0,69,,11013,50,,,0,30,,11011,50,,,0
4001,'5547',737,,11034,50,,,0,103,,11035,50,,,0,71,,11036,50,,,0,31,,11037,50,,,0,71,,11038,50,,,0,30,,11039,50,,,0,70,,11040,50,,,0,31,,11041,50,,,0,70,,11042,50,,,0,30,,11043,50,,,0,70,,11044,50,,,0,30,,11045,50,,,0,70,,11046,50,,,0,30,,11047,50,,,0,70,,11048,50,,,0,30,,11049,50,,,0,70,,11050,50,,,0,30,,11051,50,,,0,70,,11052,50,,,0,28,,11053,50,,,0,70,,11054,50,,,0,29,,11055,50,,,0,69,,11056,50,,,0,30,,11057,50,,,0,69,,11058,50,,,0,30,,11059,50,,,0,69,,11060,50,,,0,30,,11061,50,,,0,98,,11062,50,,,0,99,,11063,50,,,0,99,,11064,50,,,0
4001,'5568',1537,,11065,50,,,0,119,,11066,50,,,0
1002001,'4614',733,,11410,46,,,0,183,,11411,63,,,0,84,,11412,46,,,0,124,,11413,46,,,0,100,,11406,46,,,0,102,,11407,46,,,0,114,,11414,63,,,0,98,,11408,63,,,0,97,,11409,63,,,0,98,,11415,63,,,0,99,,11416,63,,,0,98,,11417,63,,,0,199,,11418,63,,,0,198,,11419,63,,,0
1002001,'5544',931,,11420,63,,,0,201,,11421,63,,,0,202,,11422,63,,,0,199,,11423,63,,,0,200,,11424,63,,,0,199,,11426,63,,,0,198,,11425,63,,,0
1002001,'5547',759,,11440,63,,,0,172,,11427,63,,,0,100,,11428,63,,,0,100,,11429,63,,,0,100,,11430,63,,,0,101,,11439,63,,,0,100,,11431,63,,,0,100,,11432,63,,,0,100,,11433,63,,,0,99,,11434,63,,,0,100,,11435,63,,,0,99,,11436,63,,,0,200,,11437,63,,,0,198,,11438,63,,,0
