2000,'4614',611,,10541,42,,,0,102,,10542,42,,,0,108,,10543,42,,,0,1187,,10539,42,,,0,198,,10540,42,,,0
2000,'5544',912,,10550,42,,,0,202,,10553,42,,,0,201,,10552,42,,,0,202,,10554,42,,,0,200,,10551,42,,,0,293,,10555,42,,,0
2000,'5547',2009,,10561,42,,,0,198,,10566,42,,,0
2001,'4614',753,,10581,34,,,0,72,,10574,34,,,0,188,,10580,34,,,0,435,,10578,34,,,0,763,,10572,34,,,0,196,,10573,34,,,0
2001,'5299',2011,,10585,34,,,0
2001,'5547',842,,10604,34,,,0,1170,,10605,34,,,0,200,,10598,34,,,0,196,,10595,34,,,0
2001,'5567',2011,,10608,34,,,0
1002000,'4614',846,,11379,48,,,0,402,,11368,48,,,0,207,,11375,48,,,0,103,,11371,48,,,0,184,,11376,48,,,0,367,,11377,48,,,0,199,,11378,48,,,0
1002000,'5299',1645,,11380,48,,,0,268,,11381,48,,,0
1002000,'5544',716,,11382,48,,,0,100,,11388,48,,,0
1002000,'5547',639,,11391,48,,,0,101,,11403,48,,,0,100,,11390,48,,,0,100,,11392,48,,,0,100,,11393,48,,,0,101,,11394,48,,,0,100,,11395,48,,,0,100,,11396,48,,,0,101,,11397,48,,,0,100,,11402,48,,,0,100,,11398,48,,,0,98,,11399,48,,,0,174,,11400,48,,,0,196,,11401,48,,,0,198,,11389,48,,,0
1002000,'5567',1645,,11404,48,,,0,268,,11405,48,,,0
1002001,'4614',854,,11411,34,,,0,561,,11414,34,,,0,101,,11408,34,,,0,98,,11409,34,,,0,100,,11415,34,,,0,100,,11416,34,,,0,98,,11417,34,,,0,199,,11418,34,,,0,198,,11419,34,,,0
1002001,'5544',912,,11420,34,,,0,201,,11421,34,,,0,201,,11422,34,,,0,200,,11423,34,,,0,200,,11424,34,,,0,199,,11426,34,,,0,198,,11425,34,,,0
1002001,'5547',740,,11440,34,,,0,172,,11427,34,,,0,100,,11428,34,,,0,100,,11429,34,,,0,100,,11430,34,,,0,101,,11439,34,,,0,100,,11431,34,,,0,100,,11432,34,,,0,100,,11433,34,,,0,100,,11434,34,,,0,100,,11435,34,,,0,99,,11436,34,,,0,200,,11437,34,,,0,198,,11438,34,,,0
