2001,'4614',658,,10575,27,,,0,144,,10581,44,,,0,2,,10582,8,,,0,28,,10574,44,,,0,88,,10569,27,,,0,99,,10580,44,,,0,21,,10570,27,,,0,100,,10579,27,,,0,101,,10576,27,,,0,100,,10577,27,,,0,115,,10578,44,,,0,388,,10571,27,,,0,373,,10572,44,,,0,196,,10573,44,,,0
2001,'5289',1646,,10583,27,,,0
2001,'5299',1546,,10586,27,,,0,200,,10584,27,,,0,271,,10585,44,,,0
2001,'5544',803,,10592,27,,,0,202,,10587,27,,,0,201,,10589,27,,,0,200,,10588,27,,,0,201,,10590,27,,,0,199,,10591,27,,,0
2001,'5547',848,,10604,44,,,0,97,,10599,27,,,0,100,,10603,27,,,0,100,,10600,27,,,0,101,,10593,27,,,0,100,,10602,27,,,0,100,,10606,27,,,0,100,,10596,27,,,0,99,,10601,27,,,0,100,,10597,27,,,0,99,,10594,27,,,0,174,,10605,44,,,0,200,,10598,44,,,0,195,,10595,44,,,0
2001,'5567',1546,,10609,27,,,0,200,,10607,27,,,0,271,,10608,44,,,0
2001,'5568',1646,,10610,27,,,0
1002001,'4614',718,,11410,27,,,0,183,,11411,44,,,0,44,,11412,27,,,0,165,,11413,27,,,0,100,,11406,27,,,0,101,,11407,27,,,0,112,,11414,44,,,0,100,,11408,44,,,0,98,,11409,44,,,0,99,,11415,44,,,0,100,,11416,44,,,0,98,,11417,44,,,0,199,,11418,44,,,0,198,,11419,44,,,0
1002001,'5544',918,,11420,44,,,0,201,,11421,44,,,0,201,,11422,44,,,0,200,,11423,44,,,0,200,,11424,44,,,0,199,,11426,44,,,0,198,,11425,44,,,0
1002001,'5547',746,,11440,44,,,0,172,,11427,44,,,0,100,,11428,44,,,0,100,,11429,44,,,0,100,,11430,44,,,0,101,,11439,44,,,0,100,,11431,44,,,0,100,,11432,44,,,0,100,,11433,44,,,0,100,,11434,44,,,0,100,,11435,44,,,0,99,,11436,44,,,0,200,,11437,44,,,0,198,,11438,44,,,0
