601,'4614',637,,10204,23,,,0,96,,10215,23,,,0,93,,10203,23,,,0,15,,10212,23,,,0,106,,10200,23,,,0,97,,10210,23,,,0,100,,10202,23,,,0,104,,10201,23,,,0,101,,10216,23,,,0,105,,10205,23,,,0,146,,10207,23,,,0,59,,10208,23,,,0,100,,10217,23,,,0,91,,10206,23,,,0,100,,10218,23,,,0,100,,10209,23,,,0,100,,10211,23,,,0,100,,10213,23,,,0,100,,10214,23,,,0
601,'5544',740,,10223,23,,,0,207,,10229,23,,,0,100,,10219,23,,,0,101,,10225,23,,,0,100,,10220,23,,,0,99,,10230,23,,,0,100,,10222,23,,,0,102,,10226,23,,,0,100,,10221,23,,,0,101,,10228,23,,,0,100,,10227,23,,,0,100,,10224,23,,,0
601,'5547',740,,10239,23,,,0,106,,10246,23,,,0,101,,10240,23,,,0,100,,10237,23,,,0,99,,10241,23,,,0,101,,10238,23,,,0,101,,10236,23,,,0,100,,10231,23,,,0,101,,10233,23,,,0,101,,10234,23,,,0,100,,10247,23,,,0,101,,10235,23,,,0,100,,10232,23,,,0,100,,10244,23,,,0,100,,10245,23,,,0,99,,10242,23,,,0,102,,10243,23,,,0
4001,'4614',629,,10973,10,,,0,71,,10974,10,,,0,31,,10976,10,,,0,15,,10978,10,,,0,56,,10975,10,,,0,16,,10979,10,,,0,14,,10953,10,,,0,17,,10980,10,,,0,55,,10955,10,,,0,16,,10981,10,,,0,15,,10954,10,,,0,15,,10982,10,,,0,55,,10956,10,,,0,15,,10983,10,,,0,15,,10957,10,,,0,15,,10984,10,,,0,55,,10958,10,,,0,15,,10985,10,,,0,15,,10959,10,,,0,15,,10986,10,,,0,55,,10960,10,,,0,15,,10987,10,,,0,15,,10961,10,,,0,15,,10988,10,,,0,55,,10962,10,,,0,15,,10989,10,,,0,15,,10963,10,,,0,15,,10990,10,,,0,55,,10964,10,,,0,11,,10991,10,,,0,10,,10992,10,,,0,10,,10965,10,,,0,10,,10993,10,,,0,60,,10966,10,,,0,20,,10995,10,,,0,11,,10968,10,,,0,10,,10994,10,,,0,10,,10996,10,,,0,50,,10967,10,,,0,20,,10997,10,,,0,10,,10969,10,,,0,14,,10998,10,,,0,55,,10977,10,,,0,15,,10999,10,,,0,15,,10971,10,,,0,15,,11000,10,,,0,55,,10970,10,,,0,15,,11001,10,,,0,15,,10972,10,,,0,15,,11002,10,,,0,54,,10952,10,,,0,30,,10951,10,,,0,71,,10950,10,,,0,29,,10946,10,,,0,69,,10949,10,,,0,30,,10945,10,,,0,69,,10948,10,,,0,30,,10944,10,,,0,70,,10947,10,,,0,30,,10943,10,,,0,70,,11003,10,,,0
4001,'4619',1516,,11005,10,,,0
4001,'5289',1456,,11006,10,,,0,60,,11007,10,,,0,101,,11008,10,,,0
4001,'5299',1516,,11009,10,,,0
4001,'5544',704,,11010,10,,,0,101,,11012,10,,,0,100,,11014,10,,,0,100,,11016,10,,,0,30,,11017,10,,,0,70,,11018,10,,,0,31,,11019,10,,,0,70,,11020,10,,,0,30,,11021,10,,,0,70,,11022,10,,,0,30,,11023,10,,,0,70,,11024,10,,,0,30,,11025,10,,,0,70,,11026,10,,,0,30,,11027,10,,,0,70,,11028,10,,,0,30,,11029,10,,,0,70,,11030,10,,,0,30,,11031,10,,,0,70,,11032,10,,,0,30,,11033,10,,,0,70,,11015,10,,,0,30,,11013,10,,,0,70,,11011,10,,,0
4001,'5547',704,,11034,10,,,0,101,,11035,10,,,0,30,,11036,10,,,0,70,,11037,10,,,0,30,,11038,10,,,0,70,,11039,10,,,0,30,,11040,10,,,0,70,,11041,10,,,0,30,,11042,10,,,0,69,,11043,10,,,0,30,,11044,10,,,0,70,,11045,10,,,0,30,,11046,10,,,0,70,,11047,10,,,0,30,,11048,10,,,0,71,,11049,10,,,0,30,,11050,10,,,0,71,,11051,10,,,0,30,,11052,10,,,0,70,,11053,10,,,0,30,,11054,10,,,0,70,,11055,10,,,0,30,,11056,10,,,0,70,,11057,10,,,0,30,,11058,10,,,0,70,,11059,10,,,0,29,,11060,10,,,0,70,,11061,10,,,0,99,,11062,10,,,0,100,,11063,10,,,0,100,,11064,10,,,0
4001,'5568',1456,,11065,10,,,0,161,,11066,10,,,0
