2000,'4614',601,,10541,27,0,9 12 2 5,0,101,,10542,27,0,9 12 2 5,0,105,,10543,27,0,9 12 2 5,0,97,,10536,27,,,0,100,,10549,27,,,0,100,,10544,27,,,0,101,,10545,27,,,0,100,,10546,27,,,0,100,,10537,27,,,0,207,,10547,27,,,0,97,,10548,27,,,0,98,,10538,27,,,0,151,,10539,27,0,9 12 2 5,0,198,,10540,27,0,9 12 2 5,0
2000,'5544',903,,10550,27,0,9 12 2 5,0,202,,10553,27,0,9 12 2 5,0,201,,10552,27,0,9 12 2 5,0,202,,10554,27,0,9 12 2 5,0,200,,10551,27,0,9 12 2 5,0,294,,10555,27,0,9 12 2 5,0
2000,'5547',804,,10568,27,,,0,100,,10564,27,,,0,101,,10563,27,,,0,101,,10565,27,,,0,100,,10556,27,,,0,100,,10557,27,,,0,100,,10559,27,,,0,101,,10567,27,,,0,100,,10560,27,,,0,100,,10558,27,,,0,97,,10562,27,,,0,155,,10561,27,0,9 12 2 5,0,198,,10566,27,0,9 12 2 5,0
9200,'4619',1417,,11284,23,,,0,2,,11283,23,,,0
9200,'5289',1526,,11286,23,,,0,2,,11285,23,,,0
9200,'5299',1433,,11287,23,,,0,2,,11288,23,,,0
1002000,'4614',634,,11372,33,,,0,113,,11373,33,,,0,86,,11379,33,,,0,103,,11374,33,,,0,100,,11366,33,,,0,100,,11367,33,,,0,101,,11368,33,,,0,100,,11369,33,,,0,105,,11375,33,,,0,89,,11370,33,,,0,15,,11371,33,,,0,185,,11376,33,,,0,328,,11377,33,,,0,199,,11378,33,,,0
1002000,'5299',1634,,11380,33,,,0,269,,11381,33,,,0
1002000,'5544',705,,11382,33,,,0,100,,11388,33,,,0,201,,11383,33,,,0,201,,11384,33,,,0,200,,11385,33,,,0,202,,11386,33,,,0,199,,11387,33,,,0
1002000,'5547',629,,11391,33,,,0,100,,11403,33,,,0,100,,11390,33,,,0,100,,11392,33,,,0,100,,11393,33,,,0,101,,11394,33,,,0,100,,11395,33,,,0,100,,11396,33,,,0,101,,11397,33,,,0,100,,11402,33,,,0,100,,11398,33,,,0,98,,11399,33,,,0,175,,11400,33,,,0,196,,11401,33,,,0,158,,11389,33,,,0
1002000,'5567',1634,,11404,33,,,0,269,,11405,33,,,0
