2001,'4614',651,,10575,15,,,0,87,,10581,15,0,9 10 11,0,70,,10574,15,0,9 10 11,0,105,,10569,15,,,0,45,,10580,15,0,9 10 11,0,75,,10570,15,,,0,100,,10579,15,,,0,101,,10576,15,,,0,100,,10577,15,,,0,97,,10578,15,0,9 10 11,0,406,,10571,15,,,0,320,,10572,15,0,9 10 11,0,198,,10573,15,0,9 10 11,0
2001,'5289',1639,,10583,15,,,0
2001,'5299',1539,,10586,15,,,0,200,,10584,15,,,0,218,,10585,15,0,9 10 11,0
2001,'5544',756,,10592,15,,,0,202,,10587,15,,,0,200,,10589,15,,,0,201,,10588,15,,,0,241,,10590,15,,,0,159,,10591,15,,,0
2001,'5547',827,,10604,15,0,9 10 11,0,110,,10599,15,,,0,100,,10603,15,,,0,100,,10600,15,,,0,101,,10593,15,,,0,100,,10602,15,,,0,100,,10606,15,,,0,101,,10596,15,,,0,99,,10601,15,,,0,100,,10597,15,,,0,99,,10594,15,,,0,120,,10605,15,0,9 10 11,0,200,,10598,15,0,9 10 11,0,198,,10595,15,0,9 10 11,0
2001,'5567',1539,,10609,15,,,0,200,,10607,15,,,0,218,,10608,15,0,9 10 11,0
2001,'5568',1639,,10610,15,,,0
7201,'4614',713,,11182,16,,,0,29,,11183,16,,,0,68,,11184,16,,,0,35,,11185,16,,,0,72,,11186,16,,,0,30,,11187,16,,,0,70,,11188,16,,,0,30,,11189,16,,,0,70,,11190,16,,,0,29,,11191,16,,,0,70,,11192,16,,,0,30,,11193,16,,,0,70,,11194,16,,,0,30,,11195,16,,,0,69,,11196,16,,,0,30,,11197,16,,,0,70,,11198,16,,,0,30,,11199,16,,,0,70,,11200,16,,,0,31,,11201,16,,,0,70,,11202,16,,,0,30,,11203,16,,,0,70,,11204,16,,,0,31,,11205,16,,,0,70,,11206,16,,,0,100,,11207,16,,,0,100,,11208,16,,,0,100,,11209,16,,,0,132,,11210,16,,,0
7201,'5544',817,,11211,16,,,0,100,,11212,16,,,0,100,,11213,16,,,0,100,,11214,16,,,0,98,,11215,16,,,0,100,,11216,16,,,0,100,,11217,16,,,0,101,,11218,16,,,0,101,,11219,16,,,0,100,,11220,16,,,0,100,,11221,16,,,0,100,,11222,16,,,0,101,,11223,16,,,0
7201,'5547',718,,11230,16,,,0,99,,11231,16,,,0,100,,11232,16,,,0,30,,11233,16,,,0,70,,11234,16,,,0,30,,11235,16,,,0,70,,11236,16,,,0,29,,11237,16,,,0,70,,11238,16,,,0,30,,11239,16,,,0,70,,11240,16,,,0,30,,11241,16,,,0,70,,11242,16,,,0,31,,11243,16,,,0,70,,11244,16,,,0,30,,11245,16,,,0,70,,11246,16,,,0,30,,11247,16,,,0,70,,11248,16,,,0,30,,11249,16,,,0,70,,11250,16,,,0,30,,11251,16,,,0,70,,11224,16,,,0,100,,11225,16,,,0,101,,11226,16,,,0,100,,11227,16,,,0,100,,11228,16,,,0,101,,11229,16,,,0
1002001,'4614',711,,11410,15,,,0,127,,11411,15,,,0,100,,11412,15,,,0,165,,11413,15,,,0,100,,11406,15,,,0,101,,11407,15,,,0,55,,11414,15,,,0,100,,11408,15,,,0,100,,11409,15,,,0,100,,11415,15,,,0,100,,11416,15,,,0,98,,11417,15,,,0,200,,11418,15,,,0,199,,11419,15,,,0
1002001,'5544',857,,11420,15,,,0,201,,11421,15,,,0,201,,11422,15,,,0,200,,11423,15,,,0,200,,11424,15,,,0,199,,11426,15,,,0,199,,11425,15,,,0
1002001,'5547',726,,11440,15,,,0,131,,11427,15,,,0,100,,11428,15,,,0,100,,11429,15,,,0,100,,11430,15,,,0,101,,11439,15,,,0,100,,11431,15,,,0,100,,11432,15,,,0,100,,11433,15,,,0,100,,11434,15,,,0,100,,11435,15,,,0,99,,11436,15,,,0,200,,11437,15,,,0,199,,11438,15,,,0
