2000,'4614',554,,10541,14,0,9 12 2 5,0,100,,10542,14,0,9 12 2 5,0,102,,10543,14,0,9 12 2 5,0,100,,10536,14,,,0,100,,10549,14,,,0,100,,10544,14,,,0,101,,10545,14,,,0,100,,10546,14,,,0,100,,10537,14,,,0,246,,10547,14,,,0,97,,10548,14,,,0,59,,10538,14,,,0,191,,10539,14,0,9 12 2 5,0,199,,10540,14,0,9 12 2 5,0
2000,'5544',856,,10550,14,0,9 12 2 5,0,201,,10553,14,0,9 12 2 5,0,201,,10552,14,0,9 12 2 5,0,201,,10554,14,0,9 12 2 5,0,200,,10551,14,0,9 12 2 5,0,295,,10555,14,0,9 12 2 5,0
2000,'5547',756,,10568,14,,,0,100,,10564,14,,,0,101,,10563,14,,,0,101,,10565,14,,,0,100,,10556,14,,,0,100,,10557,14,,,0,100,,10559,14,,,0,101,,10567,14,,,0,100,,10560,14,,,0,100,,10558,14,,,0,97,,10562,14,,,0,195,,10561,14,0,9 12 2 5,0,198,,10566,14,0,9 12 2 5,0
9200,'4619',1408,,11284,10,,,0,2,,11283,10,,,0
9200,'5289',1517,,11286,10,,,0,2,,11285,10,,,0
9200,'5299',1423,,11287,10,,,0,2,,11288,10,,,0
1002000,'4614',626,,11372,20,,,0,112,,11373,20,,,0,87,,11379,20,,,0,103,,11374,20,,,0,100,,11366,20,,,0,100,,11367,20,,,0,101,,11368,20,,,0,100,,11369,20,,,0,103,,11375,20,,,0,89,,11370,20,,,0,16,,11371,20,,,0,185,,11376,20,,,0,330,,11377,20,,,0,199,,11378,20,,,0
1002000,'5299',1625,,11380,20,,,0,230,,11381,20,,,0
1002000,'5544',658,,11382,20,,,0,100,,11388,20,,,0,200,,11383,20,,,0,201,,11384,20,,,0,200,,11385,20,,,0,241,,11386,20,,,0,200,,11387,20,,,0
1002000,'5547',621,,11391,20,,,0,100,,11403,20,,,0,100,,11390,20,,,0,100,,11392,20,,,0,100,,11393,20,,,0,101,,11394,20,,,0,100,,11395,20,,,0,100,,11396,20,,,0,101,,11397,20,,,0,100,,11402,20,,,0,100,,11398,20,,,0,98,,11399,20,,,0,135,,11400,20,,,0,196,,11401,20,,,0,199,,11389,20,,,0
1002000,'5567',1625,,11404,20,,,0,230,,11405,20,,,0
