2000,'4614',550,,10541,7,0,9 12 2 5,0,100,,10542,7,0,9 12 2 5,0,101,,10543,7,0,9 12 2 5,0,100,,10536,7,,,0,100,,10549,7,,,0,100,,10544,7,,,0,101,,10545,7,,,0,100,,10546,7,,,0,100,,10537,7,,,0,206,,10547,7,,,0,97,,10548,7,,,0,99,,10538,7,,,0,192,,10539,7,0,9 12 2 5,0,199,,10540,7,0,9 12 2 5,0
2000,'5544',852,,10550,7,0,9 12 2 5,0,201,,10553,7,0,9 12 2 5,0,200,,10552,7,0,9 12 2 5,0,201,,10554,7,0,9 12 2 5,0,200,,10551,7,0,9 12 2 5,0,295,,10555,7,0,9 12 2 5,0
2000,'5547',752,,10568,7,,,0,100,,10564,7,,,0,101,,10563,7,,,0,100,,10565,7,,,0,100,,10556,7,,,0,100,,10557,7,,,0,100,,10559,7,,,0,101,,10567,7,,,0,100,,10560,7,,,0,100,,10558,7,,,0,97,,10562,7,,,0,195,,10561,7,0,9 12 2 5,0,199,,10566,7,0,9 12 2 5,0
9200,'4619',1401,,11284,3,,,0,2,,11283,3,,,0
9200,'5289',1511,,11286,3,,,0,2,,11285,3,,,0
9200,'5299',1416,,11287,3,,,0,2,,11288,3,,,0
1002000,'4614',621,,11372,13,,,0,111,,11373,13,,,0,87,,11379,13,,,0,103,,11374,13,,,0,100,,11366,13,,,0,100,,11367,13,,,0,101,,11368,13,,,0,100,,11369,13,,,0,103,,11375,13,,,0,89,,11370,13,,,0,16,,11371,13,,,0,185,,11376,13,,,0,331,,11377,13,,,0,199,,11378,13,,,0
1002000,'5299',1619,,11380,13,,,0,231,,11381,13,,,0
1002000,'5544',653,,11382,13,,,0,100,,11388,13,,,0,200,,11383,13,,,0,201,,11384,13,,,0,200,,11385,13,,,0,200,,11386,13,,,0,200,,11387,13,,,0
1002000,'5547',616,,11391,13,,,0,100,,11403,13,,,0,100,,11390,13,,,0,100,,11392,13,,,0,100,,11393,13,,,0,101,,11394,13,,,0,100,,11395,13,,,0,100,,11396,13,,,0,100,,11397,13,,,0,100,,11402,13,,,0,100,,11398,13,,,0,98,,11399,13,,,0,135,,11400,13,,,0,197,,11401,13,,,0,199,,11389,13,,,0
1002000,'5567',1619,,11404,13,,,0,231,,11405,13,,,0
