2000,'4614',553,,10541,11,0,9 12 2 5,0,100,,10542,11,0,9 12 2 5,0,102,,10543,11,0,9 12 2 5,0,100,,10536,11,,,0,100,,10549,11,,,0,100,,10544,11,,,0,100,,10545,11,,,0,100,,10546,11,,,0,100,,10537,11,,,0,246,,10547,11,,,0,57,,10548,11,,,0,99,,10538,11,,,0,192,,10539,11,0,9 12 2 5,0,199,,10540,11,0,9 12 2 5,0
2000,'5544',855,,10550,11,0,9 12 2 5,0,201,,10553,11,0,9 12 2 5,0,201,,10552,11,0,9 12 2 5,0,200,,10554,11,0,9 12 2 5,0,200,,10551,11,0,9 12 2 5,0,296,,10555,11,0,9 12 2 5,0
2000,'5547',755,,10568,11,,,0,100,,10564,11,,,0,101,,10563,11,,,0,101,,10565,11,,,0,100,,10556,11,,,0,100,,10557,11,,,0,100,,10559,11,,,0,100,,10567,11,,,0,100,,10560,11,,,0,100,,10558,11,,,0,98,,10562,11,,,0,195,,10561,11,0,9 12 2 5,0,198,,10566,11,0,9 12 2 5,0
9200,'4619',1406,,11284,7,,,0,2,,11283,7,,,0
9200,'5289',1515,,11286,7,,,0,2,,11285,7,,,0
9200,'5299',1421,,11287,7,,,0,2,,11288,7,,,0
1002000,'4614',624,,11372,17,,,0,112,,11373,17,,,0,87,,11379,17,,,0,103,,11374,17,,,0,100,,11366,17,,,0,100,,11367,17,,,0,101,,11368,17,,,0,100,,11369,17,,,0,103,,11375,17,,,0,89,,11370,17,,,0,16,,11371,17,,,0,185,,11376,17,,,0,330,,11377,17,,,0,199,,11378,17,,,0
1002000,'5299',1623,,11380,17,,,0,230,,11381,17,,,0
1002000,'5544',656,,11382,17,,,0,100,,11388,17,,,0,200,,11383,17,,,0,201,,11384,17,,,0,200,,11385,17,,,0,201,,11386,17,,,0,200,,11387,17,,,0
1002000,'5547',619,,11391,17,,,0,100,,11403,17,,,0,100,,11390,17,,,0,100,,11392,17,,,0,100,,11393,17,,,0,101,,11394,17,,,0,100,,11395,17,,,0,100,,11396,17,,,0,101,,11397,17,,,0,100,,11402,17,,,0,100,,11398,17,,,0,98,,11399,17,,,0,135,,11400,17,,,0,196,,11401,17,,,0,199,,11389,17,,,0
1002000,'5567',1623,,11404,17,,,0,230,,11405,17,,,0
