3001,'4614',617,,10743,9,,,0,30,,10736,9,,,0,70,,10735,9,,,0,31,,10738,9,,,0,57,,10741,9,,,0,17,,10740,9,,,0,15,,10742,9,,,0,16,,10737,9,,,0,69,,10713,9,,,0,30,,10714,9,,,0,70,,10715,9,,,0,30,,10717,9,,,0,70,,10716,9,,,0,30,,10718,9,,,0,70,,10720,9,,,0,30,,10722,9,,,0,71,,10723,9,,,0,30,,10719,9,,,0,70,,10724,9,,,0,30,,10721,9,,,0,100,,10725,9,,,0,70,,10739,9,,,0,100,,10726,9,,,0,30,,10727,9,,,0,69,,10728,9,,,0,30,,10729,9,,,0,100,,10731,9,,,0,99,,10732,9,,,0,100,,10733,9,,,0,100,,10730,9,,,0,100,,10734,9,,,0
3001,'5289',1523,,10745,9,,,0,130,,10744,9,,,0
3001,'5544',751,,10746,9,,,0,101,,10747,9,,,0,101,,10748,9,,,0,100,,10749,9,,,0,100,,10750,9,,,0,100,,10751,9,,,0,100,,10752,9,,,0,100,,10753,9,,,0,100,,10754,9,,,0,100,,10755,9,,,0,100,,10756,9,,,0,99,,10757,9,,,0,100,,10758,9,,,0
3001,'5547',722,,10759,9,,,0,100,,10760,9,,,0,100,,10761,9,,,0,31,,10762,9,,,0,70,,10763,9,,,0,30,,10764,9,,,0,70,,10765,9,,,0,30,,10766,9,,,0,70,,10767,9,,,0,30,,10768,9,,,0,70,,10769,9,,,0,30,,10770,9,,,0,70,,10771,9,,,0,30,,10772,9,,,0,70,,10773,9,,,0,30,,10774,9,,,0,70,,10775,9,,,0,30,,10776,9,,,0,71,,10777,9,,,0,28,,10778,9,,,0,70,,10779,9,,,0,30,,10780,9,,,0,100,,10781,9,,,0,100,,10782,9,,,0,100,,10783,9,,,0,99,,10784,9,,,0,100,,10785,9,,,0
3001,'5568',1523,,10787,9,,,0,130,,10786,9,,,0
4001,'4614',637,,10973,17,,,0,71,,10974,17,,,0,32,,10976,17,,,0,15,,10978,17,,,0,57,,10975,17,,,0,17,,10979,17,,,0,13,,10953,17,,,0,16,,10980,17,,,0,55,,10955,17,,,0,16,,10981,17,,,0,14,,10954,17,,,0,15,,10982,17,,,0,55,,10956,17,,,0,15,,10983,17,,,0,15,,10957,17,,,0,15,,10984,17,,,0,56,,10958,17,,,0,15,,10985,17,,,0,15,,10959,17,,,0,15,,10986,17,,,0,55,,10960,17,,,0,15,,10987,17,,,0,15,,10961,17,,,0,15,,10988,17,,,0,55,,10962,17,,,0,15,,10989,17,,,0,15,,10963,17,,,0,56,,10990,17,,,0,15,,10964,17,,,0,11,,10991,17,,,0,10,,10992,17,,,0,11,,10965,17,,,0,10,,10993,17,,,0,59,,11004,7,0,19 20 7,0,1,,10966,17,,,0,20,,10995,17,,,0,10,,10968,17,,,0,10,,10994,17,,,0,50,,10996,17,,,0,10,,10967,17,,,0,20,,10997,17,,,0,10,,10969,17,,,0,54,,10998,17,,,0,15,,10977,17,,,0,15,,10999,17,,,0,15,,10971,17,,,0,54,,11000,17,,,0,14,,10970,17,,,0,15,,11001,17,,,0,15,,10972,17,,,0,15,,11002,17,,,0,54,,10952,17,,,0,30,,10951,17,,,0,71,,10950,17,,,0,29,,10946,17,,,0,69,,10949,17,,,0,30,,10945,17,,,0,69,,10948,17,,,0,30,,10944,17,,,0,69,,10947,17,,,0,30,,10943,17,,,0,70,,11003,17,,,0
4001,'4619',1527,,11005,17,,,0
4001,'5289',1507,,11006,17,,,0,20,,11007,17,,,0,100,,11008,17,,,0
4001,'5299',1527,,11009,17,,,0
4001,'5544',711,,11010,17,,,0,102,,11012,17,,,0,101,,11014,17,,,0,100,,11016,17,,,0,30,,11017,17,,,0,70,,11018,17,,,0,31,,11019,17,,,0,70,,11020,17,,,0,30,,11021,17,,,0,70,,11022,17,,,0,30,,11023,17,,,0,70,,11024,17,,,0,30,,11025,17,,,0,70,,11026,17,,,0,30,,11027,17,,,0,70,,11028,17,,,0,30,,11029,17,,,0,70,,11030,17,,,0,29,,11031,17,,,0,70,,11032,17,,,0,30,,11033,17,,,0,70,,11015,17,,,0,30,,11013,17,,,0,70,,11011,17,,,0
4001,'5547',712,,11034,17,,,0,102,,11035,17,,,0,30,,11036,17,,,0,70,,11037,17,,,0,30,,11038,17,,,0,70,,11039,17,,,0,30,,11040,17,,,0,71,,11041,17,,,0,30,,11042,17,,,0,69,,11043,17,,,0,30,,11044,17,,,0,70,,11045,17,,,0,30,,11046,17,,,0,70,,11047,17,,,0,30,,11048,17,,,0,71,,11049,17,,,0,30,,11050,17,,,0,71,,11051,17,,,0,30,,11052,17,,,0,70,,11053,17,,,0,30,,11054,17,,,0,69,,11055,17,,,0,29,,11056,17,,,0,70,,11057,17,,,0,30,,11058,17,,,0,70,,11059,17,,,0,29,,11060,17,,,0,70,,11061,17,,,0,99,,11062,17,,,0,99,,11063,17,,,0,100,,11064,17,,,0
4001,'5568',1359,,11067,7,0,19 20 7,0,148,,11065,17,,,0,120,,11066,17,,,0
