2000,'4614',619,,10541,52,,,0,103,,10542,52,,,0,108,,10543,52,,,0,80,,10536,35,,,0,100,,10549,35,,,0,101,,10544,35,,,0,102,,10545,35,,,0,100,,10546,35,,,0,100,,10537,35,,,0,206,,10547,35,,,0,97,,10548,35,,,0,98,,10538,35,,,0,203,,10539,52,,,0,197,,10540,52,,,0
2000,'5544',920,,10550,52,,,0,203,,10553,52,,,0,201,,10552,52,,,0,202,,10554,52,,,0,200,,10551,52,,,0,292,,10555,52,,,0
2000,'5547',810,,10568,35,,,0,100,,10564,35,,,0,102,,10563,35,,,0,101,,10565,35,,,0,100,,10556,35,,,0,100,,10557,35,,,0,100,,10559,35,,,0,101,,10567,35,,,0,100,,10560,35,,,0,100,,10558,35,,,0,96,,10562,35,,,0,207,,10561,52,,,0,198,,10566,52,,,0
2500,'4614',751,,10611,17,0,5,0,287,,10612,17,,,0,193,,10613,17,0,5,0,212,,10614,17,,,0,401,,10615,17,,,0
2500,'5544',750,,10616,17,0,5,0,289,,10617,17,,,0,399,,10618,17,,,0,200,,10620,17,,,0,201,,10619,17,,,0
2500,'5547',750,,10622,17,0,5,0,289,,10624,17,,,0,399,,10623,17,,,0,200,,10625,17,,,0,201,,10621,17,,,0
1002000,'4614',640,,11372,41,,,0,114,,11373,41,,,0,100,,11379,58,,,0,88,,11374,41,,,0,101,,11366,41,,,0,101,,11367,41,,,0,113,,11368,58,,,0,88,,11369,41,,,0,159,,11375,58,,,0,35,,11370,41,,,0,68,,11371,58,,,0,144,,11376,58,,,0,366,,11377,58,,,0,199,,11378,58,,,0
1002000,'5299',1654,,11380,58,,,0,268,,11381,58,,,0
1002000,'5544',723,,11382,58,,,0,100,,11388,58,,,0,190,,11383,41,,,0,201,,11384,41,,,0,200,,11385,41,,,0,202,,11386,41,,,0,199,,11387,41,,,0
1002000,'5547',647,,11391,58,,,0,101,,11403,58,,,0,100,,11390,58,,,0,100,,11392,58,,,0,101,,11393,58,,,0,101,,11394,58,,,0,100,,11395,58,,,0,100,,11396,58,,,0,101,,11397,58,,,0,100,,11402,58,,,0,100,,11398,58,,,0,98,,11399,58,,,0,173,,11400,58,,,0,196,,11401,58,,,0,198,,11389,58,,,0
1002000,'5567',1654,,11404,58,,,0,268,,11405,58,,,0
