2000,'4614',622,,10541,54,,,0,104,,10542,54,,,0,108,,10543,54,,,0,80,,10536,37,,,0,100,,10549,37,,,0,101,,10544,37,,,0,102,,10545,37,,,0,100,,10546,37,,,0,100,,10537,37,,,0,206,,10547,37,,,0,97,,10548,37,,,0,98,,10538,37,,,0,202,,10539,54,,,0,197,,10540,54,,,0
2000,'5544',923,,10550,54,,,0,203,,10553,54,,,0,203,,10552,54,,,0,201,,10554,54,,,0,199,,10551,54,,,0,292,,10555,54,,,0
2000,'5547',813,,10568,37,,,0,100,,10564,37,,,0,103,,10563,37,,,0,101,,10565,37,,,0,100,,10556,37,,,0,100,,10557,37,,,0,100,,10559,37,,,0,101,,10567,37,,,0,99,,10560,37,,,0,100,,10558,37,,,0,96,,10562,37,,,0,207,,10561,54,,,0,198,,10566,54,,,0
2500,'4614',759,,10611,19,0,5,0,288,,10612,19,,,0,193,,10613,19,0,5,0,212,,10614,19,,,0,400,,10615,19,,,0
2500,'5544',759,,10616,19,0,5,0,288,,10617,19,,,0,400,,10618,19,,,0,200,,10620,19,,,0,200,,10619,19,,,0
2500,'5547',759,,10622,19,0,5,0,288,,10624,19,,,0,400,,10623,19,,,0,200,,10625,19,,,0,200,,10621,19,,,0
1002000,'4614',643,,11372,43,,,0,115,,11373,43,,,0,100,,11379,60,,,0,88,,11374,43,,,0,101,,11366,43,,,0,101,,11367,43,,,0,153,,11368,60,,,0,48,,11369,43,,,0,159,,11375,60,,,0,35,,11370,43,,,0,68,,11371,60,,,0,144,,11376,60,,,0,365,,11377,60,,,0,199,,11378,60,,,0
1002000,'5299',1658,,11380,60,,,0,267,,11381,60,,,0
1002000,'5544',726,,11382,60,,,0,100,,11388,60,,,0,190,,11383,43,,,0,201,,11384,43,,,0,201,,11385,43,,,0,201,,11386,43,,,0,199,,11387,43,,,0
1002000,'5547',650,,11391,60,,,0,101,,11403,60,,,0,100,,11390,60,,,0,100,,11392,60,,,0,102,,11393,60,,,0,101,,11394,60,,,0,100,,11395,60,,,0,100,,11396,60,,,0,101,,11397,60,,,0,100,,11402,60,,,0,99,,11398,60,,,0,98,,11399,60,,,0,173,,11400,60,,,0,196,,11401,60,,,0,198,,11389,60,,,0
1002000,'5567',1658,,11404,60,,,0,267,,11405,60,,,0
