501,'4614',631,,10106,24,,,0,110,,10121,36,,,0,76,,10113,36,,,0,30,,10120,36,,,0,97,,10102,36,,,0,100,,10119,36,,,0,100,,10107,36,,,0,102,,10104,36,,,0,86,,10105,36,,,0,101,,10112,36,,,0,95,,10103,36,,,0,115,,10109,36,,,0,99,,10118,36,,,0,96,,10110,36,,,0,98,,10108,36,,,0,99,,10111,36,,,0,100,,10115,36,,,0,99,,10114,36,,,0,99,,10116,36,,,0
501,'5544',839,,10133,36,,,0,101,,10125,36,,,0,100,,10127,36,,,0,101,,10122,36,,,0,100,,10123,36,,,0,100,,10129,36,,,0,100,,10124,36,,,0,100,,10134,36,,,0,100,,10132,36,,,0,100,,10130,36,,,0,95,,10131,36,,,0,99,,10128,36,,,0
501,'5547',739,,10136,36,,,0,201,,10150,36,,,0,100,,10135,36,,,0,101,,10137,36,,,0,103,,10138,36,,,0,100,,10139,36,,,0,101,,10140,36,,,0,100,,10141,36,,,0,101,,10142,36,,,0,99,,10143,36,,,0,91,,10151,36,,,0,99,,10144,36,,,0,100,,10145,36,,,0,99,,10146,36,,,0,100,,10147,36,,,0,99,,10149,36,,,0
1500,'4614',918,,10458,17,,,0,24,,10457,17,,,0,70,,10459,17,,,0,30,,10463,17,,,0,72,,10461,17,,,0,31,,10462,17,,,0,71,,10460,17,,,0,103,,10467,17,,,0,29,,10466,17,,,0,74,,10465,17,,,0,25,,10464,17,,,0,401,,10468,17,,,0,100,,10469,17,,,0,99,,10470,17,,,0
1500,'5544',742,,10479,17,,,0,101,,10478,17,,,0,99,,10483,17,,,0,101,,10476,17,,,0,105,,10474,17,,,0,101,,10480,17,,,0,100,,10472,17,,,0,102,,10475,17,,,0,100,,10471,17,,,0,100,,10481,17,,,0,100,,10482,17,,,0,99,,10477,17,,,0,100,,10473,17,,,0
1500,'5547',742,,10491,17,,,0,101,,10486,17,,,0,99,,10496,17,,,0,101,,10494,17,,,0,105,,10490,17,,,0,101,,10489,17,,,0,101,,10487,17,,,0,101,,10492,17,,,0,100,,10493,17,,,0,99,,10497,17,,,0,100,,10484,17,,,0,99,,10485,17,,,0,101,,10488,17,,,0,100,,10495,17,,,0
4000,'4614',626,,10854,39,,,0,30,,10855,39,,,0,56,,10881,39,,,0,16,,10856,39,,,0,16,,10880,39,,,0,8,,10882,39,0,6 7,0,48,,10857,39,,,0,9,,10883,39,0,6 7,0,5,,10886,39,0,6 7,0,5,,10879,39,,,0,7,,10884,39,0,6 7,0,7,,10858,39,,,0,7,,10885,39,0,6 7,0,7,,10878,39,,,0,55,,10832,39,,,0,14,,10859,39,,,0,15,,10833,39,,,0,15,,10860,39,,,0,55,,10834,39,,,0,14,,10861,39,,,0,15,,10835,39,,,0,15,,10862,39,,,0,55,,10836,39,,,0,16,,10863,39,,,0,15,,10837,39,,,0,15,,10864,39,,,0,55,,10838,39,,,0,15,,10865,39,,,0,15,,10839,39,,,0,15,,10866,39,,,0,55,,10840,39,,,0,15,,10867,39,,,0,15,,10841,39,,,0,15,,10868,39,,,0,55,,10842,39,,,0,17,,10869,39,,,0,17,,10844,39,,,0,15,,10870,39,,,0,55,,10843,39,,,0,15,,10871,39,,,0,15,,10845,39,,,0,16,,10872,39,,,0,53,,10846,39,,,0,15,,10873,39,,,0,15,,10847,39,,,0,15,,10874,39,,,0,55,,10848,39,,,0,15,,10875,39,,,0,14,,10849,39,,,0,68,,10850,39,,,0,15,,10876,39,,,0,15,,10851,39,,,0,28,,10852,39,,,0,70,,10853,39,,,0,30,,10828,39,,,0,70,,10829,39,,,0,30,,10827,39,,,0,69,,10830,39,,,0,28,,10826,39,,,0,69,,10831,39,,,0,30,,10825,39,,,0,69,,10877,39,,,0
4000,'4619',1747,,10887,39,,,0
4000,'4931',1747,,10888,39,,,0
4000,'5544',726,,10889,39,,,0,100,,10891,39,,,0,101,,10893,39,,,0,73,,10894,39,,,0,28,,10895,39,,,0,30,,10896,39,,,0,71,,10897,39,,,0,71,,10898,39,,,0,30,,10899,39,,,0,71,,10900,39,,,0,32,,10901,39,,,0,70,,10902,39,,,0,30,,10903,39,,,0,72,,10904,39,,,0,28,,10905,39,,,0,70,,10906,39,,,0,29,,10907,39,,,0,70,,10908,39,,,0,30,,10909,39,,,0,68,,10910,39,,,0,30,,10911,39,,,0,70,,10912,39,,,0,29,,10890,39,,,0,29,,10892,39,,,0
4000,'5547',656,,10938,39,,,0,100,,10939,39,,,0,70,,10940,39,,,0,31,,10941,39,,,0,70,,10942,39,,,0,32,,10925,39,,,0,71,,10922,39,,,0,70,,10920,39,,,0,32,,10930,39,,,0,70,,10937,39,,,0,31,,10915,39,,,0,70,,10921,39,,,0,30,,10916,39,,,0,71,,10933,39,,,0,31,,10919,39,,,0,70,,10914,39,,,0,30,,10931,39,,,0,70,,10926,39,,,0,29,,10913,39,,,0,70,,10923,39,,,0,28,,10924,39,,,0,70,,10929,39,,,0,30,,10927,39,,,0,70,,10932,39,,,0,29,,10935,39,,,0,69,,10918,39,,,0,29,,10928,39,,,0,100,,10934,39,,,0,100,,10917,39,,,0,97,,10936,39,,,0
1001500,'4614',704,,11344,22,,,0,41,,11345,22,,,0,74,,11343,22,,,0,28,,11346,22,,,0,401,,11347,22,,,0,274,,11353,22,,,0,26,,11349,22,,,0,70,,11348,22,,,0,31,,11350,22,,,0,75,,11351,22,,,0,24,,11352,22,,,0
