2001,'4614',649,,10575,13,,,0,87,,10581,13,0,9 10 11,0,70,,10574,13,0,9 10 11,0,105,,10569,13,,,0,45,,10580,13,0,9 10 11,0,75,,10570,13,,,0,100,,10579,13,,,0,101,,10576,13,,,0,100,,10577,13,,,0,97,,10578,13,0,9 10 11,0,406,,10571,13,,,0,320,,10572,13,0,9 10 11,0,198,,10573,13,0,9 10 11,0
2001,'5289',1637,,10583,13,,,0
2001,'5299',1537,,10586,13,,,0,200,,10584,13,,,0,218,,10585,13,0,9 10 11,0
2001,'5544',754,,10592,13,,,0,202,,10587,13,,,0,200,,10589,13,,,0,201,,10588,13,,,0,201,,10590,13,,,0,199,,10591,13,,,0
2001,'5547',825,,10604,13,0,9 10 11,0,110,,10599,13,,,0,100,,10603,13,,,0,100,,10600,13,,,0,101,,10593,13,,,0,100,,10602,13,,,0,100,,10606,13,,,0,101,,10596,13,,,0,99,,10601,13,,,0,100,,10597,13,,,0,99,,10594,13,,,0,120,,10605,13,0,9 10 11,0,200,,10598,13,0,9 10 11,0,198,,10595,13,0,9 10 11,0
2001,'5567',1537,,10609,13,,,0,200,,10607,13,,,0,218,,10608,13,0,9 10 11,0
2001,'5568',1637,,10610,13,,,0
2501,'4614',829,,10626,13,,,0,301,,10627,14,,,0,179,,10628,13,,,0,223,,10629,14,,,0,398,,10630,14,,,0,90,,10631,13,,,0
2501,'5544',829,,10632,13,,,0,303,,10633,14,,,0,400,,10634,14,,,0,200,,10636,14,,,0,200,,10635,14,,,0
2501,'5547',829,,10638,13,,,0,303,,10640,14,,,0,400,,10639,14,,,0,200,,10641,14,,,0,200,,10637,14,,,0
1002001,'4614',709,,11410,13,,,0,127,,11411,13,,,0,100,,11412,13,,,0,165,,11413,13,,,0,100,,11406,13,,,0,101,,11407,13,,,0,55,,11414,13,,,0,100,,11408,13,,,0,100,,11409,13,,,0,100,,11415,13,,,0,100,,11416,13,,,0,98,,11417,13,,,0,200,,11418,13,,,0,199,,11419,13,,,0
1002001,'5544',855,,11420,13,,,0,201,,11421,13,,,0,201,,11422,13,,,0,200,,11423,13,,,0,200,,11424,13,,,0,199,,11426,13,,,0,199,,11425,13,,,0
1002001,'5547',724,,11440,13,,,0,131,,11427,13,,,0,100,,11428,13,,,0,100,,11429,13,,,0,100,,11430,13,,,0,101,,11439,13,,,0,100,,11431,13,,,0,100,,11432,13,,,0,100,,11433,13,,,0,100,,11434,13,,,0,100,,11435,13,,,0,99,,11436,13,,,0,200,,11437,13,,,0,199,,11438,13,,,0
