4000,'4614',558,,10854,5,,,0,70,,10855,5,,,0,15,,10881,5,,,0,15,,10856,5,,,0,55,,10880,5,,,0,8,,10882,5,0,6 7,0,7,,10857,5,,,0,6,,10883,5,0,6 7,0,4,,10886,5,0,6 7,0,5,,10879,5,,,0,8,,10884,5,0,6 7,0,7,,10858,5,,,0,48,,10885,5,0,6 7,0,7,,10878,5,,,0,15,,10832,5,,,0,15,,10859,5,,,0,15,,10833,5,,,0,55,,10860,5,,,0,15,,10834,5,,,0,15,,10861,5,,,0,15,,10835,5,,,0,55,,10862,5,,,0,15,,10836,5,,,0,15,,10863,5,,,0,15,,10837,5,,,0,55,,10864,5,,,0,15,,10838,5,,,0,15,,10865,5,,,0,15,,10839,5,,,0,55,,10866,5,,,0,15,,10840,5,,,0,15,,10867,5,,,0,15,,10841,5,,,0,55,,10868,5,,,0,15,,10842,5,,,0,15,,10869,5,,,0,15,,10844,5,,,0,55,,10870,5,,,0,15,,10843,5,,,0,15,,10871,5,,,0,15,,10845,5,,,0,55,,10872,5,,,0,15,,10846,5,,,0,15,,10873,5,,,0,15,,10847,5,,,0,55,,10874,5,,,0,15,,10848,5,,,0,15,,10875,5,,,0,15,,10849,5,,,0,70,,10850,5,,,0,15,,10876,5,,,0,15,,10851,5,,,0,70,,10852,5,,,0,30,,10853,5,,,0,70,,10828,5,,,0,30,,10829,5,,,0,70,,10827,5,,,0,30,,10830,5,,,0,70,,10826,5,,,0,30,,10831,5,,,0,70,,10825,5,,,0,30,,10877,5,,,0
4000,'4619',1713,,10887,5,,,0
4000,'4931',1713,,10888,5,,,0
4000,'5544',658,,10889,5,,,0,100,,10891,5,,,0,100,,10893,5,,,0,70,,10894,5,,,0,30,,10895,5,,,0,70,,10896,5,,,0,30,,10897,5,,,0,70,,10898,5,,,0,30,,10899,5,,,0,70,,10900,5,,,0,31,,10901,5,,,0,70,,10902,5,,,0,30,,10903,5,,,0,71,,10904,5,,,0,28,,10905,5,,,0,70,,10906,5,,,0,30,,10907,5,,,0,70,,10908,5,,,0,30,,10909,5,,,0,69,,10910,5,,,0,31,,10911,5,,,0,70,,10912,5,,,0,30,,10890,5,,,0,70,,10892,5,,,0
4000,'5547',628,,10938,5,,,0,100,,10939,5,,,0,30,,10940,5,,,0,70,,10941,5,,,0,30,,10942,5,,,0,70,,10925,5,,,0,30,,10922,5,,,0,70,,10920,5,,,0,30,,10930,5,,,0,70,,10937,5,,,0,31,,10915,5,,,0,70,,10921,5,,,0,30,,10916,5,,,0,70,,10933,5,,,0,30,,10919,5,,,0,70,,10914,5,,,0,30,,10931,5,,,0,70,,10926,5,,,0,30,,10913,5,,,0,70,,10923,5,,,0,29,,10924,5,,,0,70,,10929,5,,,0,30,,10927,5,,,0,70,,10932,5,,,0,30,,10935,5,,,0,70,,10918,5,,,0,30,,10928,5,,,0,100,,10934,5,,,0,100,,10917,5,,,0,100,,10936,5,,,0
1002000,'4614',617,,11372,5,,,0,111,,11373,5,,,0,85,,11379,5,,,0,105,,11374,5,,,0,100,,11366,5,,,0,100,,11367,5,,,0,101,,11368,5,,,0,99,,11369,5,,,0,102,,11375,5,,,0,83,,11370,5,,,0,22,,11371,5,,,0,186,,11376,5,,,0,332,,11377,5,,,0,199,,11378,5,,,0
1002000,'5299',1613,,11380,5,,,0,233,,11381,5,,,0
1002000,'5544',649,,11382,5,,,0,100,,11388,5,,,0,200,,11383,5,,,0,201,,11384,5,,,0,200,,11385,5,,,0,200,,11386,5,,,0,200,,11387,5,,,0
1002000,'5547',612,,11391,5,,,0,100,,11403,5,,,0,100,,11390,5,,,0,100,,11392,5,,,0,100,,11393,5,,,0,101,,11394,5,,,0,100,,11395,5,,,0,100,,11396,5,,,0,100,,11397,5,,,0,100,,11402,5,,,0,100,,11398,5,,,0,98,,11399,5,,,0,135,,11400,5,,,0,197,,11401,5,,,0,199,,11389,5,,,0
1002000,'5567',1613,,11404,5,,,0,233,,11405,5,,,0
