2001,'4614',702,,10575,33,,,0,105,,10581,50,,,0,2,,10582,14,,,0,27,,10574,50,,,0,88,,10569,33,,,0,99,,10580,50,,,0,21,,10570,33,,,0,100,,10579,33,,,0,101,,10576,33,,,0,100,,10577,33,,,0,155,,10578,50,,,0,347,,10571,33,,,0,373,,10572,50,,,0,196,,10573,50,,,0
2001,'5289',1650,,10583,33,,,0
2001,'5299',1550,,10586,33,,,0,199,,10584,33,,,0,271,,10585,50,,,0
2001,'5544',806,,10592,33,,,0,202,,10587,33,,,0,201,,10589,33,,,0,200,,10588,33,,,0,201,,10590,33,,,0,199,,10591,33,,,0
2001,'5547',851,,10604,50,,,0,97,,10599,33,,,0,100,,10603,33,,,0,100,,10600,33,,,0,101,,10593,33,,,0,100,,10602,33,,,0,100,,10606,33,,,0,100,,10596,33,,,0,99,,10601,33,,,0,100,,10597,33,,,0,99,,10594,33,,,0,174,,10605,50,,,0,200,,10598,50,,,0,196,,10595,50,,,0
2001,'5567',1550,,10609,33,,,0,199,,10607,33,,,0,271,,10608,50,,,0
2001,'5568',1650,,10610,33,,,0
1002001,'4614',722,,11410,33,,,0,183,,11411,50,,,0,44,,11412,33,,,0,165,,11413,33,,,0,100,,11406,33,,,0,101,,11407,33,,,0,112,,11414,50,,,0,100,,11408,50,,,0,98,,11409,50,,,0,98,,11415,50,,,0,100,,11416,50,,,0,98,,11417,50,,,0,199,,11418,50,,,0,198,,11419,50,,,0
1002001,'5544',921,,11420,50,,,0,201,,11421,50,,,0,201,,11422,50,,,0,200,,11423,50,,,0,200,,11424,50,,,0,199,,11426,50,,,0,198,,11425,50,,,0
1002001,'5547',749,,11440,50,,,0,172,,11427,50,,,0,100,,11428,50,,,0,100,,11429,50,,,0,100,,11430,50,,,0,101,,11439,50,,,0,100,,11431,50,,,0,100,,11432,50,,,0,100,,11433,50,,,0,100,,11434,50,,,0,100,,11435,50,,,0,99,,11436,50,,,0,200,,11437,50,,,0,198,,11438,50,,,0
