2000,'4614',552,,10541,10,0,9 12 2 5,0,100,,10542,10,0,9 12 2 5,0,102,,10543,10,0,9 12 2 5,0,100,,10536,10,,,0,100,,10549,10,,,0,100,,10544,10,,,0,100,,10545,10,,,0,100,,10546,10,,,0,100,,10537,10,,,0,246,,10547,10,,,0,57,,10548,10,,,0,99,,10538,10,,,0,192,,10539,10,0,9 12 2 5,0,199,,10540,10,0,9 12 2 5,0
2000,'5544',854,,10550,10,0,9 12 2 5,0,201,,10553,10,0,9 12 2 5,0,201,,10552,10,0,9 12 2 5,0,200,,10554,10,0,9 12 2 5,0,200,,10551,10,0,9 12 2 5,0,296,,10555,10,0,9 12 2 5,0
2000,'5547',754,,10568,10,,,0,100,,10564,10,,,0,101,,10563,10,,,0,101,,10565,10,,,0,100,,10556,10,,,0,100,,10557,10,,,0,100,,10559,10,,,0,100,,10567,10,,,0,100,,10560,10,,,0,100,,10558,10,,,0,98,,10562,10,,,0,195,,10561,10,0,9 12 2 5,0,198,,10566,10,0,9 12 2 5,0
9200,'4619',1404,,11284,6,,,0,2,,11283,6,,,0
9200,'5289',1514,,11286,6,,,0,2,,11285,6,,,0
9200,'5299',1419,,11287,6,,,0,2,,11288,6,,,0
1002000,'4614',623,,11372,16,,,0,112,,11373,16,,,0,87,,11379,16,,,0,103,,11374,16,,,0,100,,11366,16,,,0,100,,11367,16,,,0,101,,11368,16,,,0,100,,11369,16,,,0,103,,11375,16,,,0,88,,11370,16,,,0,17,,11371,16,,,0,185,,11376,16,,,0,330,,11377,16,,,0,199,,11378,16,,,0
1002000,'5299',1622,,11380,16,,,0,230,,11381,16,,,0
1002000,'5544',655,,11382,16,,,0,100,,11388,16,,,0,200,,11383,16,,,0,201,,11384,16,,,0,200,,11385,16,,,0,201,,11386,16,,,0,200,,11387,16,,,0
1002000,'5547',618,,11391,16,,,0,100,,11403,16,,,0,100,,11390,16,,,0,100,,11392,16,,,0,100,,11393,16,,,0,101,,11394,16,,,0,100,,11395,16,,,0,100,,11396,16,,,0,101,,11397,16,,,0,100,,11402,16,,,0,100,,11398,16,,,0,98,,11399,16,,,0,135,,11400,16,,,0,196,,11401,16,,,0,199,,11389,16,,,0
1002000,'5567',1622,,11404,16,,,0,230,,11405,16,,,0
