2000,'4614',557,,10541,21,0,9 12 2 5,0,101,,10542,21,0,9 12 2 5,0,143,,10543,21,0,9 12 2 5,0,99,,10536,21,,,0,100,,10549,21,,,0,100,,10544,21,,,0,101,,10545,21,,,0,100,,10546,21,,,0,100,,10537,21,,,0,206,,10547,21,,,0,97,,10548,21,,,0,99,,10538,21,,,0,151,,10539,21,0,9 12 2 5,0,198,,10540,21,0,9 12 2 5,0
2000,'5544',859,,10550,21,0,9 12 2 5,0,242,,10553,21,0,9 12 2 5,0,201,,10552,21,0,9 12 2 5,0,201,,10554,21,0,9 12 2 5,0,200,,10551,21,0,9 12 2 5,0,255,,10555,21,0,9 12 2 5,0
2000,'5547',800,,10568,21,,,0,100,,10564,21,,,0,101,,10563,21,,,0,101,,10565,21,,,0,100,,10556,21,,,0,100,,10557,21,,,0,100,,10559,21,,,0,101,,10567,21,,,0,100,,10560,21,,,0,100,,10558,21,,,0,97,,10562,21,,,0,155,,10561,21,0,9 12 2 5,0,198,,10566,21,0,9 12 2 5,0
9200,'4619',1413,,11284,17,,,0,2,,11283,17,,,0
9200,'5289',1522,,11286,17,,,0,2,,11285,17,,,0
9200,'5299',1428,,11287,17,,,0,2,,11288,17,,,0
1002000,'4614',630,,11372,27,,,0,112,,11373,27,,,0,87,,11379,27,,,0,103,,11374,27,,,0,100,,11366,27,,,0,100,,11367,27,,,0,101,,11368,27,,,0,100,,11369,27,,,0,104,,11375,27,,,0,89,,11370,27,,,0,15,,11371,27,,,0,185,,11376,27,,,0,329,,11377,27,,,0,199,,11378,27,,,0
1002000,'5299',1629,,11380,27,,,0,230,,11381,27,,,0
1002000,'5544',701,,11382,27,,,0,100,,11388,27,,,0,201,,11383,27,,,0,201,,11384,27,,,0,200,,11385,27,,,0,201,,11386,27,,,0,200,,11387,27,,,0
1002000,'5547',625,,11391,27,,,0,100,,11403,27,,,0,100,,11390,27,,,0,100,,11392,27,,,0,100,,11393,27,,,0,101,,11394,27,,,0,100,,11395,27,,,0,100,,11396,27,,,0,101,,11397,27,,,0,100,,11402,27,,,0,100,,11398,27,,,0,98,,11399,27,,,0,175,,11400,27,,,0,156,,11401,27,,,0,198,,11389,27,,,0
1002000,'5567',1629,,11404,27,,,0,230,,11405,27,,,0
