2001,'4614',653,,10575,18,,,0,87,,10581,18,0,9 10 11,0,70,,10574,18,0,9 10 11,0,105,,10569,18,,,0,85,,10580,18,0,9 10 11,0,35,,10570,18,,,0,100,,10579,18,,,0,101,,10576,18,,,0,100,,10577,18,,,0,97,,10578,18,0,9 10 11,0,406,,10571,18,,,0,320,,10572,18,0,9 10 11,0,198,,10573,18,0,9 10 11,0
2001,'5289',1641,,10583,18,,,0
2001,'5299',1541,,10586,18,,,0,200,,10584,18,,,0,218,,10585,18,0,9 10 11,0
2001,'5544',758,,10592,18,,,0,242,,10587,18,,,0,201,,10589,18,,,0,200,,10588,18,,,0,201,,10590,18,,,0,199,,10591,18,,,0
2001,'5547',829,,10604,18,0,9 10 11,0,111,,10599,18,,,0,100,,10603,18,,,0,100,,10600,18,,,0,101,,10593,18,,,0,100,,10602,18,,,0,100,,10606,18,,,0,100,,10596,18,,,0,99,,10601,18,,,0,100,,10597,18,,,0,99,,10594,18,,,0,120,,10605,18,0,9 10 11,0,200,,10598,18,0,9 10 11,0,198,,10595,18,0,9 10 11,0
2001,'5567',1541,,10609,18,,,0,200,,10607,18,,,0,218,,10608,18,0,9 10 11,0
2001,'5568',1641,,10610,18,,,0
1002001,'4614',713,,11410,18,,,0,127,,11411,18,,,0,100,,11412,18,,,0,165,,11413,18,,,0,100,,11406,18,,,0,101,,11407,18,,,0,95,,11414,18,,,0,100,,11408,18,,,0,100,,11409,18,,,0,100,,11415,18,,,0,100,,11416,18,,,0,58,,11417,18,,,0,200,,11418,18,,,0,199,,11419,18,,,0
1002001,'5544',859,,11420,18,,,0,241,,11421,18,,,0,201,,11422,18,,,0,200,,11423,18,,,0,200,,11424,18,,,0,199,,11426,18,,,0,159,,11425,18,,,0
1002001,'5547',728,,11440,18,,,0,131,,11427,18,,,0,100,,11428,18,,,0,100,,11429,18,,,0,100,,11430,18,,,0,141,,11439,18,,,0,100,,11431,18,,,0,100,,11432,18,,,0,100,,11433,18,,,0,100,,11434,18,,,0,100,,11435,18,,,0,59,,11436,18,,,0,200,,11437,18,,,0,199,,11438,18,,,0
