901,'4614',510,,10420,2,,,0,37,,10419,2,,,0,79,,10421,2,,,0,25,,10417,2,,,0,70,,10418,2,,,0,30,,10403,2,,,0,70,,10423,2,,,0,100,,10404,2,,,0,100,,10422,2,,,0,100,,10405,2,,,0,100,,10407,2,,,0,100,,10406,2,,,0,100,,10408,2,,,0,100,,10409,2,,,0,30,,10410,2,,,0,70,,10411,2,,,0,30,,10424,2,,,0,70,,10425,2,,,0,100,,10413,2,,,0,100,,10415,2,,,0,100,,10412,2,,,0,100,,10416,2,,,0,201,,10414,2,,,0
901,'4619',1451,,10426,2,,,0
901,'4931',1451,,10427,2,,,0
901,'5544',723,,10431,2,,,0,78,,10435,2,,,0,150,,10433,2,,,0,170,,10436,2,,,0,100,,10434,2,,,0,100,,10428,2,,,0,100,,10437,2,,,0,100,,10429,2,,,0,33,,10439,2,,,0,67,,10430,2,,,0,130,,10438,2,,,0,168,,10432,2,,,0
901,'5547',626,,10440,2,,,0,100,,10443,2,,,0,32,,10444,2,,,0,68,,10455,2,,,0,95,,10449,2,,,0,100,,10446,2,,,0,100,,10445,2,,,0,100,,10454,2,,,0,100,,10447,2,,,0,100,,10448,2,,,0,100,,10451,2,,,0,30,,10456,2,,,0,70,,10441,2,,,0,100,,10450,2,,,0,100,,10453,2,,,0,100,,10452,2,,,0,200,,10442,2,,,0
4000,'4614',556,,10854,2,,,0,70,,10855,2,,,0,15,,10881,2,,,0,15,,10856,2,,,0,55,,10880,2,,,0,8,,10882,2,0,6 7,0,7,,10857,2,,,0,6,,10883,2,0,6 7,0,4,,10886,2,0,6 7,0,5,,10879,2,,,0,8,,10884,2,0,6 7,0,7,,10858,2,,,0,48,,10885,2,0,6 7,0,7,,10878,2,,,0,15,,10832,2,,,0,15,,10859,2,,,0,15,,10833,2,,,0,55,,10860,2,,,0,15,,10834,2,,,0,15,,10861,2,,,0,15,,10835,2,,,0,55,,10862,2,,,0,15,,10836,2,,,0,15,,10863,2,,,0,15,,10837,2,,,0,55,,10864,2,,,0,15,,10838,2,,,0,15,,10865,2,,,0,15,,10839,2,,,0,55,,10866,2,,,0,15,,10840,2,,,0,15,,10867,2,,,0,15,,10841,2,,,0,55,,10868,2,,,0,15,,10842,2,,,0,15,,10869,2,,,0,15,,10844,2,,,0,55,,10870,2,,,0,15,,10843,2,,,0,15,,10871,2,,,0,15,,10845,2,,,0,55,,10872,2,,,0,15,,10846,2,,,0,15,,10873,2,,,0,15,,10847,2,,,0,55,,10874,2,,,0,15,,10848,2,,,0,15,,10875,2,,,0,15,,10849,2,,,0,70,,10850,2,,,0,15,,10876,2,,,0,15,,10851,2,,,0,70,,10852,2,,,0,30,,10853,2,,,0,70,,10828,2,,,0,30,,10829,2,,,0,70,,10827,2,,,0,30,,10830,2,,,0,70,,10826,2,,,0,30,,10831,2,,,0,70,,10825,2,,,0,30,,10877,2,,,0
4000,'4619',1711,,10887,2,,,0
4000,'4931',1711,,10888,2,,,0
4000,'5544',656,,10889,2,,,0,100,,10891,2,,,0,100,,10893,2,,,0,70,,10894,2,,,0,30,,10895,2,,,0,70,,10896,2,,,0,30,,10897,2,,,0,70,,10898,2,,,0,30,,10899,2,,,0,70,,10900,2,,,0,31,,10901,2,,,0,70,,10902,2,,,0,30,,10903,2,,,0,71,,10904,2,,,0,28,,10905,2,,,0,70,,10906,2,,,0,30,,10907,2,,,0,70,,10908,2,,,0,30,,10909,2,,,0,69,,10910,2,,,0,31,,10911,2,,,0,70,,10912,2,,,0,30,,10890,2,,,0,70,,10892,2,,,0
4000,'5547',626,,10938,2,,,0,100,,10939,2,,,0,30,,10940,2,,,0,70,,10941,2,,,0,30,,10942,2,,,0,70,,10925,2,,,0,30,,10922,2,,,0,70,,10920,2,,,0,30,,10930,2,,,0,70,,10937,2,,,0,31,,10915,2,,,0,70,,10921,2,,,0,30,,10916,2,,,0,70,,10933,2,,,0,30,,10919,2,,,0,70,,10914,2,,,0,30,,10931,2,,,0,70,,10926,2,,,0,30,,10913,2,,,0,70,,10923,2,,,0,29,,10924,2,,,0,70,,10929,2,,,0,30,,10927,2,,,0,70,,10932,2,,,0,30,,10935,2,,,0,70,,10918,2,,,0,30,,10928,2,,,0,100,,10934,2,,,0,100,,10917,2,,,0,100,,10936,2,,,0
1002000,'4614',616,,11372,2,,,0,110,,11373,2,,,0,85,,11379,2,,,0,105,,11374,2,,,0,100,,11366,2,,,0,100,,11367,2,,,0,101,,11368,2,,,0,99,,11369,2,,,0,102,,11375,2,,,0,83,,11370,2,,,0,22,,11371,2,,,0,186,,11376,2,,,0,332,,11377,2,,,0,200,,11378,2,,,0
1002000,'5299',1611,,11380,2,,,0,233,,11381,2,,,0
1002000,'5544',648,,11382,2,,,0,100,,11388,2,,,0,200,,11383,2,,,0,200,,11384,2,,,0,200,,11385,2,,,0,200,,11386,2,,,0,200,,11387,2,,,0
1002000,'5547',611,,11391,2,,,0,100,,11403,2,,,0,100,,11390,2,,,0,100,,11392,2,,,0,100,,11393,2,,,0,100,,11394,2,,,0,100,,11395,2,,,0,100,,11396,2,,,0,100,,11397,2,,,0,100,,11402,2,,,0,100,,11398,2,,,0,98,,11399,2,,,0,135,,11400,2,,,0,197,,11401,2,,,0,200,,11389,2,,,0
1002000,'5567',1611,,11404,2,,,0,233,,11405,2,,,0
