2001,'4614',704,,10575,35,,,0,105,,10581,52,,,0,2,,10582,16,,,0,27,,10574,52,,,0,88,,10569,35,,,0,99,,10580,52,,,0,21,,10570,35,,,0,100,,10579,35,,,0,101,,10576,35,,,0,100,,10577,35,,,0,155,,10578,52,,,0,347,,10571,35,,,0,373,,10572,52,,,0,196,,10573,52,,,0
2001,'5289',1652,,10583,35,,,0
2001,'5299',1552,,10586,35,,,0,199,,10584,35,,,0,271,,10585,52,,,0
2001,'5544',808,,10592,35,,,0,202,,10587,35,,,0,201,,10589,35,,,0,200,,10588,35,,,0,201,,10590,35,,,0,199,,10591,35,,,0
2001,'5547',853,,10604,52,,,0,97,,10599,35,,,0,100,,10603,35,,,0,100,,10600,35,,,0,101,,10593,35,,,0,100,,10602,35,,,0,100,,10606,35,,,0,100,,10596,35,,,0,99,,10601,35,,,0,100,,10597,35,,,0,99,,10594,35,,,0,174,,10605,52,,,0,200,,10598,52,,,0,195,,10595,52,,,0
2001,'5567',1552,,10609,35,,,0,199,,10607,35,,,0,271,,10608,52,,,0
2001,'5568',1652,,10610,35,,,0
1002001,'4614',724,,11410,35,,,0,183,,11411,52,,,0,44,,11412,35,,,0,165,,11413,35,,,0,100,,11406,35,,,0,101,,11407,35,,,0,112,,11414,52,,,0,100,,11408,52,,,0,98,,11409,52,,,0,98,,11415,52,,,0,100,,11416,52,,,0,98,,11417,52,,,0,199,,11418,52,,,0,198,,11419,52,,,0
1002001,'5544',923,,11420,52,,,0,201,,11421,52,,,0,201,,11422,52,,,0,200,,11423,52,,,0,200,,11424,52,,,0,199,,11426,52,,,0,198,,11425,52,,,0
1002001,'5547',751,,11440,52,,,0,172,,11427,52,,,0,100,,11428,52,,,0,100,,11429,52,,,0,100,,11430,52,,,0,101,,11439,52,,,0,100,,11431,52,,,0,100,,11432,52,,,0,100,,11433,52,,,0,100,,11434,52,,,0,100,,11435,52,,,0,99,,11436,52,,,0,200,,11437,52,,,0,198,,11438,52,,,0
