3000,'4614',630,,10665,19,,,0,70,,10667,19,,,0,15,,10671,19,,,0,16,,10663,19,,,0,14,,10672,19,,,0,56,,10666,19,,,0,29,,10670,19,,,0,71,,10664,19,,,0,30,,10642,19,,,0,70,,10643,19,,,0,30,,10644,19,,,0,71,,10645,19,,,0,31,,10646,19,,,0,70,,10647,19,,,0,30,,10648,19,,,0,70,,10650,19,,,0,30,,10651,19,,,0,70,,10652,19,,,0,33,,10649,19,,,0,70,,10653,19,,,0,31,,10668,19,,,0,71,,10654,19,,,0,29,,10669,19,,,0,69,,10655,19,,,0,30,,10656,19,,,0,69,,10657,19,,,0,99,,10658,19,,,0,99,,10659,19,,,0,99,,10660,19,,,0,100,,10661,19,,,0,99,,10662,19,,,0
3000,'5544',701,,10673,19,,,0,100,,10674,19,,,0,101,,10675,19,,,0,101,,10676,19,,,0,100,,10677,19,,,0,101,,10678,19,,,0,100,,10679,19,,,0,101,,10680,19,,,0,100,,10681,19,,,0,100,,10682,19,,,0,100,,10683,19,,,0,100,,10684,19,,,0,98,,10685,19,,,0
3000,'5547',629,,10686,19,,,0,100,,10687,19,,,0,100,,10688,19,,,0,71,,10689,19,,,0,30,,10690,19,,,0,71,,10691,19,,,0,30,,10692,19,,,0,71,,10693,19,,,0,30,,10694,19,,,0,70,,10695,19,,,0,30,,10696,19,,,0,70,,10697,19,,,0,31,,10698,19,,,0,70,,10699,19,,,0,29,,10700,19,,,0,72,,10701,19,,,0,29,,10702,19,,,0,71,,10703,19,,,0,30,,10704,19,,,0,70,,10705,19,,,0,29,,10706,19,,,0,69,,10707,19,,,0,102,,10708,19,,,0,99,,10709,19,,,0,99,,10710,19,,,0,100,,10711,19,,,0,99,,10712,19,,,0
4001,'4614',647,,10973,29,,,0,72,,10974,29,,,0,33,,10976,29,,,0,55,,10978,29,,,0,17,,10975,29,,,0,17,,10979,29,,,0,13,,10953,29,,,0,55,,10980,29,,,0,15,,10955,29,,,0,16,,10981,29,,,0,14,,10954,29,,,0,56,,10982,29,,,0,15,,10956,29,,,0,15,,10983,29,,,0,15,,10957,29,,,0,55,,10984,29,,,0,16,,10958,29,,,0,15,,10985,29,,,0,15,,10959,29,,,0,55,,10986,29,,,0,15,,10960,29,,,0,15,,10987,29,,,0,16,,10961,29,,,0,55,,10988,29,,,0,15,,10962,29,,,0,15,,10989,29,,,0,15,,10963,29,,,0,56,,10990,29,,,0,15,,10964,29,,,0,11,,10991,29,,,0,10,,10992,29,,,0,51,,10965,29,,,0,10,,10993,29,,,0,19,,11004,19,0,19 20 7,0,1,,10966,29,,,0,20,,10995,29,,,0,50,,10968,29,,,0,10,,10994,29,,,0,10,,10996,29,,,0,10,,10967,29,,,0,20,,10997,29,,,0,50,,10969,29,,,0,14,,10998,29,,,0,14,,10977,29,,,0,15,,10999,29,,,0,14,,10971,29,,,0,54,,11000,29,,,0,14,,10970,29,,,0,15,,11001,29,,,0,15,,10972,29,,,0,55,,11002,29,,,0,14,,10952,29,,,0,29,,10951,29,,,0,71,,10950,29,,,0,29,,10946,29,,,0,69,,10949,29,,,0,29,,10945,29,,,0,69,,10948,29,,,0,29,,10944,29,,,0,69,,10947,29,,,0,30,,10943,29,,,0,70,,11003,29,,,0
4001,'4619',1540,,11005,29,,,0
4001,'5289',1520,,11006,29,,,0,20,,11007,29,,,0,100,,11008,29,,,0
4001,'5299',1540,,11009,29,,,0
4001,'5544',721,,11010,29,,,0,103,,11012,29,,,0,101,,11014,29,,,0,100,,11016,29,,,0,30,,11017,29,,,0,70,,11018,29,,,0,31,,11019,29,,,0,71,,11020,29,,,0,30,,11021,29,,,0,70,,11022,29,,,0,31,,11023,29,,,0,68,,11024,29,,,0,30,,11025,29,,,0,70,,11026,29,,,0,30,,11027,29,,,0,70,,11028,29,,,0,30,,11029,29,,,0,70,,11030,29,,,0,28,,11031,29,,,0,70,,11032,29,,,0,30,,11033,29,,,0,70,,11015,29,,,0,29,,11013,29,,,0,70,,11011,29,,,0
4001,'5547',722,,11034,29,,,0,102,,11035,29,,,0,31,,11036,29,,,0,71,,11037,29,,,0,30,,11038,29,,,0,70,,11039,29,,,0,30,,11040,29,,,0,71,,11041,29,,,0,30,,11042,29,,,0,70,,11043,29,,,0,30,,11044,29,,,0,70,,11045,29,,,0,30,,11046,29,,,0,70,,11047,29,,,0,30,,11048,29,,,0,70,,11049,29,,,0,30,,11050,29,,,0,71,,11051,29,,,0,30,,11052,29,,,0,69,,11053,29,,,0,30,,11054,29,,,0,69,,11055,29,,,0,29,,11056,29,,,0,70,,11057,29,,,0,29,,11058,29,,,0,70,,11059,29,,,0,29,,11060,29,,,0,70,,11061,29,,,0,98,,11062,29,,,0,99,,11063,29,,,0,100,,11064,29,,,0
4001,'5568',1412,,11067,19,0,19 20 7,0,108,,11065,29,,,0,120,,11066,29,,,0
