4000,'4614',628,,10854,40,,,0,30,,10855,40,,,0,56,,10881,40,,,0,16,,10856,40,,,0,16,,10880,40,,,0,8,,10882,40,4,,0,48,,10857,40,,,0,10,,10883,40,4,,0,5,,10886,40,4,,0,5,,10879,40,,,0,7,,10884,40,4,,0,7,,10858,40,,,0,6,,10885,40,4,,0,7,,10878,40,,,0,55,,10832,40,,,0,14,,10859,40,,,0,15,,10833,40,,,0,15,,10860,40,,,0,55,,10834,40,,,0,14,,10861,40,,,0,15,,10835,40,,,0,15,,10862,40,,,0,55,,10836,40,,,0,16,,10863,40,,,0,15,,10837,40,,,0,15,,10864,40,,,0,55,,10838,40,,,0,15,,10865,40,,,0,15,,10839,40,,,0,15,,10866,40,,,0,55,,10840,40,,,0,15,,10867,40,,,0,15,,10841,40,,,0,16,,10868,40,,,0,55,,10842,40,,,0,17,,10869,40,,,0,17,,10844,40,,,0,15,,10870,40,,,0,55,,10843,40,,,0,15,,10871,40,,,0,14,,10845,40,,,0,16,,10872,40,,,0,53,,10846,40,,,0,15,,10873,40,,,0,15,,10847,40,,,0,16,,10874,40,,,0,55,,10848,40,,,0,14,,10875,40,,,0,14,,10849,40,,,0,68,,10850,40,,,0,15,,10876,40,,,0,15,,10851,40,,,0,68,,10852,40,,,0,30,,10853,40,,,0,70,,10828,40,,,0,30,,10829,40,,,0,70,,10827,40,,,0,29,,10830,40,,,0,28,,10826,40,,,0,69,,10831,40,,,0,30,,10825,40,,,0,69,,10877,40,,,0
4000,'4619',1749,,10887,40,,,0
4000,'4931',1749,,10888,40,,,0
4000,'5544',728,,10889,40,,,0,100,,10891,40,,,0,101,,10893,40,,,0,73,,10894,40,,,0,28,,10895,40,,,0,70,,10896,40,,,0,31,,10897,40,,,0,71,,10898,40,,,0,30,,10899,40,,,0,71,,10900,40,,,0,32,,10901,40,,,0,70,,10902,40,,,0,30,,10903,40,,,0,72,,10904,40,,,0,28,,10905,40,,,0,70,,10906,40,,,0,29,,10907,40,,,0,70,,10908,40,,,0,30,,10909,40,,,0,68,,10910,40,,,0,30,,10911,40,,,0,70,,10912,40,,,0,29,,10890,40,,,0,69,,10892,40,,,0
4000,'5547',658,,10938,40,,,0,100,,10939,40,,,0,70,,10940,40,,,0,31,,10941,40,,,0,70,,10942,40,,,0,72,,10925,40,,,0,31,,10922,40,,,0,70,,10920,40,,,0,32,,10930,40,,,0,70,,10937,40,,,0,31,,10915,40,,,0,70,,10921,40,,,0,30,,10916,40,,,0,71,,10933,40,,,0,31,,10919,40,,,0,70,,10914,40,,,0,30,,10931,40,,,0,70,,10926,40,,,0,29,,10913,40,,,0,70,,10923,40,,,0,28,,10924,40,,,0,70,,10929,40,,,0,30,,10927,40,,,0,70,,10932,40,,,0,29,,10935,40,,,0,69,,10918,40,,,0,29,,10928,40,,,0,100,,10934,40,,,0,100,,10917,40,,,0,97,,10936,40,,,0
4001,'4614',631,,10973,11,,,0,71,,10974,11,,,0,31,,10976,11,,,0,15,,10978,11,,,0,56,,10975,11,,,0,17,,10979,11,,,0,14,,10953,11,,,0,16,,10980,11,,,0,55,,10955,11,,,0,16,,10981,11,,,0,15,,10954,11,,,0,15,,10982,11,,,0,55,,10956,11,,,0,15,,10983,11,,,0,15,,10957,11,,,0,15,,10984,11,,,0,55,,10958,11,,,0,15,,10985,11,,,0,15,,10959,11,,,0,15,,10986,11,,,0,55,,10960,11,,,0,15,,10987,11,,,0,15,,10961,11,,,0,15,,10988,11,,,0,55,,10962,11,,,0,15,,10989,11,,,0,15,,10963,11,,,0,16,,10990,11,,,0,55,,10964,11,,,0,11,,10991,11,,,0,10,,10992,11,,,0,10,,10965,11,,,0,10,,10993,11,,,0,59,,11004,1,0,19 20 7,0,1,,10966,11,,,0,20,,10995,11,,,0,11,,10968,11,,,0,10,,10994,11,,,0,50,,10996,11,,,0,10,,10967,11,,,0,20,,10997,11,,,0,10,,10969,11,,,0,14,,10998,11,,,0,55,,10977,11,,,0,15,,10999,11,,,0,15,,10971,11,,,0,14,,11000,11,,,0,55,,10970,11,,,0,15,,11001,11,,,0,15,,10972,11,,,0,15,,11002,11,,,0,54,,10952,11,,,0,30,,10951,11,,,0,71,,10950,11,,,0,29,,10946,11,,,0,69,,10949,11,,,0,30,,10945,11,,,0,69,,10948,11,,,0,30,,10944,11,,,0,70,,10947,11,,,0,30,,10943,11,,,0,70,,11003,11,,,0
4001,'4619',1519,,11005,11,,,0
4001,'5289',1459,,11006,11,,,0,60,,11007,11,,,0,101,,11008,11,,,0
4001,'5299',1519,,11009,11,,,0
4001,'5544',706,,11010,11,,,0,101,,11012,11,,,0,100,,11014,11,,,0,100,,11016,11,,,0,30,,11017,11,,,0,70,,11018,11,,,0,31,,11019,11,,,0,70,,11020,11,,,0,30,,11021,11,,,0,70,,11022,11,,,0,30,,11023,11,,,0,70,,11024,11,,,0,30,,11025,11,,,0,70,,11026,11,,,0,30,,11027,11,,,0,70,,11028,11,,,0,30,,11029,11,,,0,70,,11030,11,,,0,30,,11031,11,,,0,70,,11032,11,,,0,30,,11033,11,,,0,70,,11015,11,,,0,30,,11013,11,,,0,70,,11011,11,,,0
4001,'5547',706,,11034,11,,,0,101,,11035,11,,,0,30,,11036,11,,,0,70,,11037,11,,,0,30,,11038,11,,,0,70,,11039,11,,,0,30,,11040,11,,,0,71,,11041,11,,,0,30,,11042,11,,,0,69,,11043,11,,,0,30,,11044,11,,,0,70,,11045,11,,,0,30,,11046,11,,,0,70,,11047,11,,,0,30,,11048,11,,,0,71,,11049,11,,,0,30,,11050,11,,,0,71,,11051,11,,,0,30,,11052,11,,,0,70,,11053,11,,,0,30,,11054,11,,,0,69,,11055,11,,,0,30,,11056,11,,,0,70,,11057,11,,,0,30,,11058,11,,,0,70,,11059,11,,,0,29,,11060,11,,,0,70,,11061,11,,,0,99,,11062,11,,,0,100,,11063,11,,,0,100,,11064,11,,,0
4001,'5568',1352,,11067,1,0,19 20 7,0,107,,11065,11,,,0,161,,11066,11,,,0
