2000,'4614',624,,10541,56,,,0,103,,10542,56,,,0,108,,10543,56,,,0,80,,10536,39,,,0,100,,10549,39,,,0,101,,10544,39,,,0,102,,10545,39,,,0,100,,10546,39,,,0,101,,10537,39,,,0,206,,10547,39,,,0,97,,10548,39,,,0,97,,10538,39,,,0,203,,10539,56,,,0,197,,10540,56,,,0
2000,'5544',925,,10550,56,,,0,203,,10553,56,,,0,202,,10552,56,,,0,201,,10554,56,,,0,200,,10551,56,,,0,292,,10555,56,,,0
2000,'5547',815,,10568,39,,,0,100,,10564,39,,,0,102,,10563,39,,,0,101,,10565,39,,,0,100,,10556,39,,,0,100,,10557,39,,,0,100,,10559,39,,,0,101,,10567,39,,,0,100,,10560,39,,,0,100,,10558,39,,,0,96,,10562,39,,,0,207,,10561,56,,,0,198,,10566,56,,,0
2500,'4614',801,,10611,21,0,5,0,247,,10612,21,,,0,194,,10613,21,0,5,0,211,,10614,21,,,0,401,,10615,21,,,0
2500,'5544',801,,10616,21,0,5,0,248,,10617,21,,,0,399,,10618,21,,,0,200,,10620,21,,,0,201,,10619,21,,,0
2500,'5547',801,,10622,21,0,5,0,248,,10624,21,,,0,399,,10623,21,,,0,200,,10625,21,,,0,201,,10621,21,,,0
1002000,'4614',645,,11372,45,,,0,114,,11373,45,,,0,100,,11379,62,,,0,88,,11374,45,,,0,101,,11366,45,,,0,101,,11367,45,,,0,153,,11368,62,,,0,48,,11369,45,,,0,160,,11375,62,,,0,35,,11370,45,,,0,68,,11371,62,,,0,144,,11376,62,,,0,365,,11377,62,,,0,199,,11378,62,,,0
1002000,'5299',1700,,11380,62,,,0,227,,11381,62,,,0
1002000,'5544',728,,11382,62,,,0,100,,11388,62,,,0,190,,11383,45,,,0,201,,11384,45,,,0,200,,11385,45,,,0,202,,11386,45,,,0,199,,11387,45,,,0
1002000,'5547',652,,11391,62,,,0,101,,11403,62,,,0,100,,11390,62,,,0,100,,11392,62,,,0,101,,11393,62,,,0,101,,11394,62,,,0,100,,11395,62,,,0,100,,11396,62,,,0,101,,11397,62,,,0,100,,11402,62,,,0,100,,11398,62,,,0,98,,11399,62,,,0,173,,11400,62,,,0,196,,11401,62,,,0,198,,11389,62,,,0
1002000,'5567',1700,,11404,62,,,0,227,,11405,62,,,0
