900,'4614',654,,10370,60,4,,0,81,,10369,60,4,,0,80,,10367,60,4,,0,33,,10368,60,4,,0,69,,10363,53,4,,0,30,,10355,46,4,,0,170,,10354,53,4,,0,38,,10353,39,4,,0,62,,10371,46,4,,0,100,,10356,60,4,,0,100,,10358,53,4,,0,100,,10357,60,4,,0,100,,10359,39,4,,0,100,,10360,46,4,,0,101,,10361,60,4,,0,29,,10372,60,4,,0,69,,10373,60,4,,0,28,,10362,60,4,,0,159,,10364,53,4,,0,101,,10365,46,4,,0,96,,10366,53,4,,0
900,'4619',1647,,10374,53,4,,0
900,'4931',1647,,10375,53,4,,0
900,'5544',918,,10380,60,4,,0,100,,10378,60,4,,0,130,,10383,60,4,,0,170,,10384,46,4,,0,100,,10382,60,4,,0,101,,10376,60,4,,0,99,,10385,60,4,,0,100,,10377,60,4,,0,100,,10379,46,4,,0,121,,10386,60,4,,0,172,,10381,60,4,,0
900,'5547',818,,10387,60,4,,0,100,,10389,60,4,,0,100,,10390,60,4,,0,100,,10395,46,4,,0,31,,10392,60,4,,0,69,,10402,60,4,,0,100,,10391,46,4,,0,100,,10400,60,4,,0,100,,10394,60,4,,0,100,,10393,60,4,,0,101,,10397,60,4,,0,98,,10388,46,4,,0,97,,10396,60,4,,0,19,,10401,46,4,,0,75,,10399,46,4,,0,97,,10398,60,4,,0
1500,'4614',858,,10458,1,,,0,64,,10457,1,,,0,30,,10459,1,,,0,70,,10463,1,,,0,32,,10461,1,,,0,71,,10462,1,,,0,31,,10460,1,,,0,103,,10467,1,,,0,68,,10466,1,,,0,73,,10465,1,,,0,23,,10464,1,,,0,405,,10468,1,,,0,100,,10469,1,,,0,100,,10470,1,,,0
1500,'5544',724,,10479,1,,,0,101,,10478,1,,,0,98,,10483,1,,,0,100,,10476,1,,,0,104,,10474,1,,,0,101,,10480,1,,,0,100,,10472,1,,,0,102,,10475,1,,,0,100,,10471,1,,,0,100,,10481,1,,,0,100,,10482,1,,,0,100,,10477,1,,,0,100,,10473,1,,,0
1500,'5547',724,,10491,1,,,0,101,,10486,1,,,0,98,,10496,1,,,0,100,,10494,1,,,0,105,,10490,1,,,0,100,,10489,1,,,0,101,,10487,1,,,0,101,,10492,1,,,0,100,,10493,1,,,0,99,,10497,1,,,0,101,,10484,1,,,0,99,,10485,1,,,0,101,,10488,1,,,0,100,,10495,1,,,0
1501,'4614',854,,10499,17,4,,0,63,,10500,17,4,,0,30,,10501,17,4,,0,69,,10498,17,4,,0,27,,10502,17,4,,0,70,,10503,17,4,,0,30,,10504,17,4,,0,70,,10505,17,4,,0,104,,10507,17,4,,0,31,,10506,17,4,,0,569,,10509,17,4,,0,98,,10508,17,4,,0,100,,10510,17,4,,0
1501,'5544',805,,10515,17,4,,0,208,,10520,17,4,,0,101,,10511,17,4,,0,101,,10516,17,4,,0,100,,10513,17,4,,0,100,,10521,17,4,,0,100,,10514,17,4,,0,100,,10517,17,4,,0,100,,10512,17,4,,0,100,,10519,17,4,,0,100,,10518,17,4,,0
1501,'5547',804,,10530,17,4,,0,108,,10534,17,4,,0,103,,10531,17,4,,0,101,,10528,17,4,,0,99,,10532,17,4,,0,101,,10529,17,4,,0,101,,10527,17,4,,0,99,,10522,17,4,,0,100,,10524,17,4,,0,101,,10525,17,4,,0,98,,10535,17,4,,0,100,,10526,17,4,,0,100,,10523,17,4,,0,100,,10533,17,4,,0
2500,'4614',730,,10611,1,0,5,0,288,,10612,1,,,0,192,,10613,1,0,5,0,211,,10614,1,,,0,403,,10615,1,,,0
2500,'5544',730,,10616,1,0,5,0,288,,10617,1,,,0,396,,10618,1,,,0,201,,10620,1,,,0,203,,10619,1,,,0
2500,'5547',730,,10622,1,0,5,0,288,,10624,1,,,0,396,,10623,1,,,0,201,,10625,1,,,0,203,,10621,1,,,0
2501,'4614',851,,10626,28,4,,0,302,,10627,29,4,,0,179,,10628,28,4,,0,225,,10629,29,4,,0,393,,10630,29,4,,0,89,,10631,28,4,,0
2501,'5544',848,,10632,28,4,,0,306,,10633,29,4,,0,400,,10634,29,4,,0,198,,10636,29,4,,0,199,,10635,29,4,,0
2501,'5547',848,,10638,28,4,,0,306,,10640,29,4,,0,400,,10639,29,4,,0,198,,10641,29,4,,0,199,,10637,29,4,,0
3101,'4614',645,,10788,1,0,23,0,70,,10788,30,4,,0,20,,10789,1,0,23,0,71,,10789,30,4,,0,39,,10790,1,0,23,0,71,,10790,30,4,,0,29,,10791,1,0,23,0,70,,10791,30,4,,0,30,,10792,1,0,23,0,70,,10792,30,4,,0,30,,10794,1,0,23,0,71,,10794,30,4,,0,29,,10795,1,0,23,0,71,,10795,30,4,,0,29,,10796,1,0,23,0,71,,10796,30,4,,0,29,,10793,1,0,23,0,71,,10793,30,4,,0,14,,10797,1,0,23,0,71,,10797,30,4,,0,44,,10798,1,0,23,0,71,,10798,30,4,,0,29,,10799,1,0,23,0,71,,10799,30,4,,0,29,,10800,1,0,23,0,70,,10800,30,4,,0,30,,10801,1,0,23,0,70,,10801,30,4,,0
3101,'5544',725,,10807,1,0,23,0,30,,10807,30,4,,0,160,,10803,1,0,23,0,30,,10803,30,4,,0,100,,10809,1,0,23,0,70,,10809,30,4,,0,30,,10804,1,0,23,0,70,,10804,30,4,,0,30,,10806,1,0,23,0,70,,10806,30,4,,0,30,,10810,1,0,23,0,70,,10810,30,4,,0,30,,10808,1,0,23,0,70,,10808,30,4,,0,30,,10802,1,0,23,0,70,,10802,30,4,,0,100,,10805,1,0,23,0,30,,10805,30,4,,0,100,,10811,1,0,23,0,70,,10811,30,4,,0
3101,'5547',645,,10816,1,0,23,0,70,,10816,30,4,,0,30,,10820,1,0,23,0,70,,10820,30,4,,0,30,,10822,1,0,23,0,70,,10822,30,4,,0,30,,10823,1,0,23,0,70,,10823,30,4,,0,30,,10821,1,0,23,0,70,,10821,30,4,,0,30,,10814,1,0,23,0,71,,10814,30,4,,0,29,,10817,1,0,23,0,71,,10817,30,4,,0,29,,10812,1,0,23,0,71,,10812,30,4,,0,29,,10813,1,0,23,0,71,,10813,30,4,,0,29,,10818,1,0,23,0,71,,10818,30,4,,0,29,,10815,1,0,23,0,71,,10815,30,4,,0,29,,10819,1,0,23,0,71,,10819,30,4,,0,29,,10824,1,0,23,0,70,,10824,30,4,,0
1001500,'4614',640,,11344,1,,,0,80,,11345,1,,,0,28,,11343,1,,,0,73,,11346,1,,,0,401,,11347,1,,,0,232,,11353,1,,,0,67,,11349,1,,,0,30,,11348,1,,,0,71,,11350,1,,,0,35,,11351,1,,,0,65,,11352,1,,,0
1001501,'4614',740,,11355,22,4,,0,70,,11354,22,4,,0,442,,11356,22,4,,0,174,,11357,22,4,,0,75,,11358,22,4,,0,34,,11359,22,4,,0,68,,11360,22,4,,0,34,,11361,22,4,,0,69,,11362,22,4,,0,28,,11363,22,4,,0,70,,11365,22,4,,0,29,,11364,22,4,,0
