501,'4614',630,,10106,23,,,0,110,,10121,35,,,0,76,,10113,35,,,0,30,,10120,35,,,0,97,,10102,35,,,0,100,,10119,35,,,0,100,,10107,35,,,0,102,,10104,35,,,0,86,,10105,35,,,0,101,,10112,35,,,0,95,,10103,35,,,0,115,,10109,35,,,0,99,,10118,35,,,0,96,,10110,35,,,0,98,,10108,35,,,0,99,,10111,35,,,0,100,,10115,35,,,0,99,,10114,35,,,0,99,,10116,35,,,0
501,'5544',838,,10133,35,,,0,101,,10125,35,,,0,100,,10127,35,,,0,101,,10122,35,,,0,100,,10123,35,,,0,100,,10129,35,,,0,100,,10124,35,,,0,100,,10134,35,,,0,100,,10132,35,,,0,100,,10130,35,,,0,95,,10131,35,,,0,99,,10128,35,,,0
501,'5547',738,,10136,35,,,0,201,,10150,35,,,0,100,,10135,35,,,0,101,,10137,35,,,0,103,,10138,35,,,0,100,,10139,35,,,0,101,,10140,35,,,0,100,,10141,35,,,0,101,,10142,35,,,0,99,,10143,35,,,0,91,,10151,35,,,0,99,,10144,35,,,0,100,,10145,35,,,0,99,,10146,35,,,0,100,,10147,35,,,0,99,,10149,35,,,0
1500,'4614',917,,10458,16,,,0,24,,10457,16,,,0,70,,10459,16,,,0,30,,10463,16,,,0,72,,10461,16,,,0,31,,10462,16,,,0,71,,10460,16,,,0,103,,10467,16,,,0,29,,10466,16,,,0,74,,10465,16,,,0,24,,10464,16,,,0,402,,10468,16,,,0,100,,10469,16,,,0,99,,10470,16,,,0
1500,'5544',741,,10479,16,,,0,101,,10478,16,,,0,99,,10483,16,,,0,101,,10476,16,,,0,105,,10474,16,,,0,101,,10480,16,,,0,100,,10472,16,,,0,102,,10475,16,,,0,100,,10471,16,,,0,100,,10481,16,,,0,100,,10482,16,,,0,99,,10477,16,,,0,100,,10473,16,,,0
1500,'5547',741,,10491,16,,,0,101,,10486,16,,,0,99,,10496,16,,,0,101,,10494,16,,,0,105,,10490,16,,,0,101,,10489,16,,,0,101,,10487,16,,,0,101,,10492,16,,,0,100,,10493,16,,,0,99,,10497,16,,,0,100,,10484,16,,,0,99,,10485,16,,,0,101,,10488,16,,,0,100,,10495,16,,,0
4000,'4614',625,,10854,38,,,0,30,,10855,38,,,0,56,,10881,38,,,0,16,,10856,38,,,0,16,,10880,38,,,0,8,,10882,38,0,6 7,0,8,,10857,38,,,0,49,,10883,38,0,6 7,0,5,,10886,38,0,6 7,0,5,,10879,38,,,0,7,,10884,38,0,6 7,0,7,,10858,38,,,0,7,,10885,38,0,6 7,0,7,,10878,38,,,0,55,,10832,38,,,0,14,,10859,38,,,0,15,,10833,38,,,0,15,,10860,38,,,0,55,,10834,38,,,0,14,,10861,38,,,0,15,,10835,38,,,0,15,,10862,38,,,0,15,,10836,38,,,0,56,,10863,38,,,0,15,,10837,38,,,0,15,,10864,38,,,0,55,,10838,38,,,0,15,,10865,38,,,0,15,,10839,38,,,0,15,,10866,38,,,0,55,,10840,38,,,0,15,,10867,38,,,0,15,,10841,38,,,0,15,,10868,38,,,0,55,,10842,38,,,0,17,,10869,38,,,0,17,,10844,38,,,0,15,,10870,38,,,0,55,,10843,38,,,0,15,,10871,38,,,0,15,,10845,38,,,0,16,,10872,38,,,0,53,,10846,38,,,0,15,,10873,38,,,0,15,,10847,38,,,0,15,,10874,38,,,0,55,,10848,38,,,0,15,,10875,38,,,0,14,,10849,38,,,0,68,,10850,38,,,0,15,,10876,38,,,0,15,,10851,38,,,0,28,,10852,38,,,0,70,,10853,38,,,0,30,,10828,38,,,0,70,,10829,38,,,0,30,,10827,38,,,0,69,,10830,38,,,0,28,,10826,38,,,0,69,,10831,38,,,0,30,,10825,38,,,0,69,,10877,38,,,0
4000,'4619',1746,,10887,38,,,0
4000,'4931',1746,,10888,38,,,0
4000,'5544',725,,10889,38,,,0,100,,10891,38,,,0,101,,10893,38,,,0,33,,10894,38,,,0,68,,10895,38,,,0,30,,10896,38,,,0,71,,10897,38,,,0,31,,10898,38,,,0,70,,10899,38,,,0,71,,10900,38,,,0,32,,10901,38,,,0,70,,10902,38,,,0,30,,10903,38,,,0,72,,10904,38,,,0,28,,10905,38,,,0,70,,10906,38,,,0,29,,10907,38,,,0,70,,10908,38,,,0,30,,10909,38,,,0,28,,10910,38,,,0,70,,10911,38,,,0,30,,10912,38,,,0,69,,10890,38,,,0,29,,10892,38,,,0
4000,'5547',655,,10938,38,,,0,100,,10939,38,,,0,70,,10940,38,,,0,31,,10941,38,,,0,70,,10942,38,,,0,32,,10925,38,,,0,71,,10922,38,,,0,30,,10920,38,,,0,72,,10930,38,,,0,70,,10937,38,,,0,31,,10915,38,,,0,70,,10921,38,,,0,30,,10916,38,,,0,71,,10933,38,,,0,31,,10919,38,,,0,70,,10914,38,,,0,30,,10931,38,,,0,70,,10926,38,,,0,29,,10913,38,,,0,70,,10923,38,,,0,28,,10924,38,,,0,70,,10929,38,,,0,30,,10927,38,,,0,70,,10932,38,,,0,29,,10935,38,,,0,29,,10918,38,,,0,69,,10928,38,,,0,100,,10934,38,,,0,100,,10917,38,,,0,97,,10936,38,,,0
1001500,'4614',703,,11344,21,,,0,41,,11345,21,,,0,73,,11343,21,,,0,29,,11346,21,,,0,401,,11347,21,,,0,274,,11353,21,,,0,26,,11349,21,,,0,70,,11348,21,,,0,31,,11350,21,,,0,75,,11351,21,,,0,24,,11352,21,,,0
