2001,'4614',703,,10575,34,,,0,105,,10581,51,,,0,2,,10582,15,,,0,27,,10574,51,,,0,88,,10569,34,,,0,99,,10580,51,,,0,21,,10570,34,,,0,100,,10579,34,,,0,101,,10576,34,,,0,100,,10577,34,,,0,155,,10578,51,,,0,347,,10571,34,,,0,373,,10572,51,,,0,196,,10573,51,,,0
2001,'5289',1651,,10583,34,,,0
2001,'5299',1551,,10586,34,,,0,199,,10584,34,,,0,271,,10585,51,,,0
2001,'5544',807,,10592,34,,,0,202,,10587,34,,,0,201,,10589,34,,,0,200,,10588,34,,,0,201,,10590,34,,,0,199,,10591,34,,,0
2001,'5547',852,,10604,51,,,0,97,,10599,34,,,0,100,,10603,34,,,0,100,,10600,34,,,0,101,,10593,34,,,0,100,,10602,34,,,0,100,,10606,34,,,0,100,,10596,34,,,0,99,,10601,34,,,0,100,,10597,34,,,0,99,,10594,34,,,0,174,,10605,51,,,0,200,,10598,51,,,0,195,,10595,51,,,0
2001,'5567',1551,,10609,34,,,0,199,,10607,34,,,0,271,,10608,51,,,0
2001,'5568',1651,,10610,34,,,0
1002001,'4614',723,,11410,34,,,0,183,,11411,51,,,0,44,,11412,34,,,0,165,,11413,34,,,0,100,,11406,34,,,0,101,,11407,34,,,0,112,,11414,51,,,0,100,,11408,51,,,0,98,,11409,51,,,0,98,,11415,51,,,0,100,,11416,51,,,0,98,,11417,51,,,0,199,,11418,51,,,0,198,,11419,51,,,0
1002001,'5544',922,,11420,51,,,0,201,,11421,51,,,0,201,,11422,51,,,0,200,,11423,51,,,0,200,,11424,51,,,0,199,,11426,51,,,0,198,,11425,51,,,0
1002001,'5547',750,,11440,51,,,0,172,,11427,51,,,0,100,,11428,51,,,0,100,,11429,51,,,0,100,,11430,51,,,0,101,,11439,51,,,0,100,,11431,51,,,0,100,,11432,51,,,0,100,,11433,51,,,0,100,,11434,51,,,0,100,,11435,51,,,0,99,,11436,51,,,0,200,,11437,51,,,0,198,,11438,51,,,0
