4001,'4614',703,,10973,52,,,0,34,,10974,52,,,0,75,,10976,52,,,0,15,,10978,52,,,0,15,,10975,52,,,0,17,,10979,52,,,0,52,,10953,52,,,0,15,,10980,52,,,0,15,,10955,52,,,0,16,,10981,52,,,0,54,,10954,52,,,0,16,,10982,52,,,0,15,,10956,52,,,0,15,,10983,52,,,0,55,,10957,52,,,0,15,,10984,52,,,0,17,,10958,52,,,0,15,,10985,52,,,0,55,,10959,52,,,0,15,,10986,52,,,0,15,,10960,52,,,0,15,,10987,52,,,0,56,,10961,52,,,0,15,,10988,52,,,0,16,,10962,52,,,0,55,,10989,52,,,0,15,,10963,52,,,0,17,,10990,52,,,0,15,,10964,52,,,0,10,,10991,52,,,0,50,,10992,52,,,0,11,,10965,52,,,0,10,,10993,52,,,0,20,,10966,52,,,0,60,,10995,52,,,0,10,,10968,52,,,0,10,,10994,52,,,0,10,,10996,52,,,0,9,,10967,52,,,0,60,,10997,52,,,0,10,,10969,52,,,0,13,,10998,52,,,0,14,,10977,52,,,0,55,,10999,52,,,0,14,,10971,52,,,0,14,,11000,52,,,0,14,,10970,52,,,0,15,,11001,52,,,0,55,,10972,52,,,0,15,,11002,52,,,0,14,,10952,52,,,0,69,,10951,52,,,0,31,,10950,52,,,0,68,,10946,52,,,0,28,,10949,52,,,0,69,,10945,52,,,0,29,,10948,52,,,0,68,,10944,52,,,0,29,,10947,52,,,0,70,,10943,52,,,0,30,,11003,52,,,0
4001,'4619',1559,,11005,52,,,0
4001,'5289',1539,,11006,52,,,0,20,,11007,52,,,0,99,,11008,52,,,0
4001,'5299',1559,,11009,52,,,0
4001,'5544',736,,11010,52,,,0,106,,11012,52,,,0,102,,11014,52,,,0,100,,11016,52,,,0,70,,11017,52,,,0,30,,11018,52,,,0,71,,11019,52,,,0,31,,11020,52,,,0,70,,11021,52,,,0,30,,11022,52,,,0,71,,11023,52,,,0,28,,11024,52,,,0,69,,11025,52,,,0,30,,11026,52,,,0,70,,11027,52,,,0,30,,11028,52,,,0,70,,11029,52,,,0,30,,11030,52,,,0,67,,11031,52,,,0,30,,11032,52,,,0,70,,11033,52,,,0,29,,11015,52,,,0,69,,11013,52,,,0,30,,11011,52,,,0
4001,'5547',738,,11034,52,,,0,104,,11035,52,,,0,71,,11036,52,,,0,31,,11037,52,,,0,71,,11038,52,,,0,30,,11039,52,,,0,70,,11040,52,,,0,31,,11041,52,,,0,70,,11042,52,,,0,30,,11043,52,,,0,70,,11044,52,,,0,30,,11045,52,,,0,70,,11046,52,,,0,30,,11047,52,,,0,70,,11048,52,,,0,30,,11049,52,,,0,70,,11050,52,,,0,30,,11051,52,,,0,70,,11052,52,,,0,28,,11053,52,,,0,70,,11054,52,,,0,29,,11055,52,,,0,69,,11056,52,,,0,30,,11057,52,,,0,69,,11058,52,,,0,30,,11059,52,,,0,69,,11060,52,,,0,30,,11061,52,,,0,98,,11062,52,,,0,98,,11063,52,,,0,99,,11064,52,,,0
4001,'5568',1539,,11065,52,,,0,119,,11066,52,,,0
1002001,'4614',734,,11410,48,,,0,183,,11411,65,,,0,84,,11412,48,,,0,124,,11413,48,,,0,100,,11406,48,,,0,102,,11407,48,,,0,114,,11414,65,,,0,98,,11408,65,,,0,97,,11409,65,,,0,98,,11415,65,,,0,99,,11416,65,,,0,98,,11417,65,,,0,199,,11418,65,,,0,198,,11419,65,,,0
1002001,'5544',932,,11420,65,,,0,201,,11421,65,,,0,202,,11422,65,,,0,199,,11423,65,,,0,200,,11424,65,,,0,199,,11426,65,,,0,198,,11425,65,,,0
1002001,'5547',800,,11440,65,,,0,132,,11427,65,,,0,100,,11428,65,,,0,100,,11429,65,,,0,100,,11430,65,,,0,101,,11439,65,,,0,100,,11431,65,,,0,100,,11432,65,,,0,100,,11433,65,,,0,99,,11434,65,,,0,100,,11435,65,,,0,99,,11436,65,,,0,200,,11437,65,,,0,198,,11438,65,,,0
