2001,'4614',659,,10575,28,,,0,144,,10581,45,,,0,2,,10582,9,,,0,28,,10574,45,,,0,88,,10569,28,,,0,99,,10580,45,,,0,21,,10570,28,,,0,100,,10579,28,,,0,101,,10576,28,,,0,100,,10577,28,,,0,115,,10578,45,,,0,388,,10571,28,,,0,373,,10572,45,,,0,196,,10573,45,,,0
2001,'5289',1647,,10583,28,,,0
2001,'5299',1547,,10586,28,,,0,200,,10584,28,,,0,271,,10585,45,,,0
2001,'5544',804,,10592,28,,,0,202,,10587,28,,,0,201,,10589,28,,,0,200,,10588,28,,,0,201,,10590,28,,,0,199,,10591,28,,,0
2001,'5547',849,,10604,45,,,0,97,,10599,28,,,0,100,,10603,28,,,0,100,,10600,28,,,0,101,,10593,28,,,0,100,,10602,28,,,0,100,,10606,28,,,0,100,,10596,28,,,0,99,,10601,28,,,0,100,,10597,28,,,0,99,,10594,28,,,0,174,,10605,45,,,0,200,,10598,45,,,0,195,,10595,45,,,0
2001,'5567',1547,,10609,28,,,0,200,,10607,28,,,0,271,,10608,45,,,0
2001,'5568',1647,,10610,28,,,0
1002001,'4614',719,,11410,28,,,0,183,,11411,45,,,0,44,,11412,28,,,0,165,,11413,28,,,0,100,,11406,28,,,0,101,,11407,28,,,0,112,,11414,45,,,0,100,,11408,45,,,0,98,,11409,45,,,0,99,,11415,45,,,0,100,,11416,45,,,0,98,,11417,45,,,0,199,,11418,45,,,0,198,,11419,45,,,0
1002001,'5544',919,,11420,45,,,0,201,,11421,45,,,0,201,,11422,45,,,0,200,,11423,45,,,0,200,,11424,45,,,0,199,,11426,45,,,0,198,,11425,45,,,0
1002001,'5547',747,,11440,45,,,0,172,,11427,45,,,0,100,,11428,45,,,0,100,,11429,45,,,0,100,,11430,45,,,0,101,,11439,45,,,0,100,,11431,45,,,0,100,,11432,45,,,0,100,,11433,45,,,0,100,,11434,45,,,0,100,,11435,45,,,0,99,,11436,45,,,0,200,,11437,45,,,0,198,,11438,45,,,0
