2000,'4614',625,,10541,57,,,0,103,,10542,57,,,0,108,,10543,57,,,0,80,,10536,40,,,0,100,,10549,40,,,0,101,,10544,40,,,0,102,,10545,40,,,0,100,,10546,40,,,0,100,,10537,40,,,0,206,,10547,40,,,0,97,,10548,40,,,0,98,,10538,40,,,0,203,,10539,57,,,0,196,,10540,57,,,0
2000,'5544',926,,10550,57,,,0,203,,10553,57,,,0,202,,10552,57,,,0,201,,10554,57,,,0,200,,10551,57,,,0,291,,10555,57,,,0
2000,'5547',815,,10568,40,,,0,101,,10564,40,,,0,102,,10563,40,,,0,101,,10565,40,,,0,100,,10556,40,,,0,100,,10557,40,,,0,100,,10559,40,,,0,101,,10567,40,,,0,100,,10560,40,,,0,100,,10558,40,,,0,96,,10562,40,,,0,207,,10561,57,,,0,197,,10566,57,,,0
2500,'4614',802,,10611,22,0,5,0,247,,10612,22,,,0,193,,10613,22,0,5,0,212,,10614,22,,,0,401,,10615,22,,,0
2500,'5544',801,,10616,22,0,5,0,249,,10617,22,,,0,399,,10618,22,,,0,200,,10620,22,,,0,201,,10619,22,,,0
2500,'5547',801,,10622,22,0,5,0,249,,10624,22,,,0,399,,10623,22,,,0,200,,10625,22,,,0,201,,10621,22,,,0
1002000,'4614',646,,11372,46,,,0,154,,11373,46,,,0,100,,11379,63,,,0,48,,11374,46,,,0,101,,11366,46,,,0,101,,11367,46,,,0,153,,11368,63,,,0,48,,11369,46,,,0,159,,11375,63,,,0,35,,11370,46,,,0,68,,11371,63,,,0,144,,11376,63,,,0,365,,11377,63,,,0,199,,11378,63,,,0
1002000,'5299',1700,,11380,63,,,0,228,,11381,63,,,0
1002000,'5544',728,,11382,63,,,0,100,,11388,63,,,0,191,,11383,46,,,0,201,,11384,46,,,0,200,,11385,46,,,0,202,,11386,46,,,0,199,,11387,46,,,0
1002000,'5547',652,,11391,63,,,0,101,,11403,63,,,0,100,,11390,63,,,0,101,,11392,63,,,0,101,,11393,63,,,0,101,,11394,63,,,0,100,,11395,63,,,0,100,,11396,63,,,0,101,,11397,63,,,0,100,,11402,63,,,0,100,,11398,63,,,0,98,,11399,63,,,0,173,,11400,63,,,0,195,,11401,63,,,0,198,,11389,63,,,0
1002000,'5567',1700,,11404,63,,,0,228,,11405,63,,,0
