2000,'4614',602,,10541,29,0,9 12 2 5,0,101,,10542,29,0,9 12 2 5,0,105,,10543,29,0,9 12 2 5,0,1151,,10539,29,0,9 12 2 5,0,198,,10540,29,0,9 12 2 5,0
2000,'5544',904,,10550,29,0,9 12 2 5,0,202,,10553,29,0,9 12 2 5,0,201,,10552,29,0,9 12 2 5,0,202,,10554,29,0,9 12 2 5,0,200,,10551,29,0,9 12 2 5,0,294,,10555,29,0,9 12 2 5,0
2000,'5547',2000,,10561,29,0,9 12 2 5,0,158,,10566,29,0,9 12 2 5,0
2001,'4614',742,,10581,21,0,9 10 11,0,70,,10574,21,0,9 10 11,0,190,,10580,21,0,9 10 11,0,433,,10578,21,0,9 10 11,0,765,,10572,21,0,9 10 11,0,158,,10573,21,0,9 10 11,0
2001,'5299',2000,,10585,21,0,9 10 11,0
2001,'5547',831,,10604,21,0,9 10 11,0,1170,,10605,21,0,9 10 11,0,200,,10598,21,0,9 10 11,0,157,,10595,21,0,9 10 11,0
2001,'5567',2000,,10608,21,0,9 10 11,0
9200,'4619',1419,,11284,25,,,0,2,,11283,25,,,0
9200,'5289',1528,,11286,25,,,0,2,,11285,25,,,0
9200,'5299',1435,,11287,25,,,0,2,,11288,25,,,0
1002000,'4614',834,,11379,35,,,0,404,,11368,35,,,0,205,,11375,35,,,0,104,,11371,35,,,0,185,,11376,35,,,0,368,,11377,35,,,0,159,,11378,35,,,0
1002000,'5299',1635,,11380,35,,,0,269,,11381,35,,,0
1002000,'5544',706,,11382,35,,,0,100,,11388,35,,,0
1002000,'5547',630,,11391,35,,,0,100,,11403,35,,,0,100,,11390,35,,,0,100,,11392,35,,,0,100,,11393,35,,,0,101,,11394,35,,,0,100,,11395,35,,,0,100,,11396,35,,,0,101,,11397,35,,,0,100,,11402,35,,,0,100,,11398,35,,,0,98,,11399,35,,,0,175,,11400,35,,,0,196,,11401,35,,,0,158,,11389,35,,,0
1002000,'5567',1635,,11404,35,,,0,269,,11405,35,,,0
1002001,'4614',842,,11411,21,,,0,561,,11414,21,,,0,100,,11408,21,,,0,100,,11409,21,,,0,100,,11415,21,,,0,100,,11416,21,,,0,98,,11417,21,,,0,199,,11418,21,,,0,159,,11419,21,,,0
1002001,'5544',901,,11420,21,,,0,201,,11421,21,,,0,201,,11422,21,,,0,200,,11423,21,,,0,200,,11424,21,,,0,199,,11426,21,,,0,199,,11425,21,,,0
1002001,'5547',730,,11440,21,,,0,171,,11427,21,,,0,100,,11428,21,,,0,100,,11429,21,,,0,100,,11430,21,,,0,101,,11439,21,,,0,100,,11431,21,,,0,100,,11432,21,,,0,100,,11433,21,,,0,100,,11434,21,,,0,100,,11435,21,,,0,99,,11436,21,,,0,200,,11437,21,,,0,158,,11438,21,,,0
