2000,'4614',554,,10541,13,0,9 12 2 5,0,100,,10542,13,0,9 12 2 5,0,101,,10543,13,0,9 12 2 5,0,100,,10536,13,,,0,100,,10549,13,,,0,100,,10544,13,,,0,101,,10545,13,,,0,100,,10546,13,,,0,100,,10537,13,,,0,246,,10547,13,,,0,57,,10548,13,,,0,99,,10538,13,,,0,192,,10539,13,0,9 12 2 5,0,199,,10540,13,0,9 12 2 5,0
2000,'5544',856,,10550,13,0,9 12 2 5,0,201,,10553,13,0,9 12 2 5,0,200,,10552,13,0,9 12 2 5,0,201,,10554,13,0,9 12 2 5,0,200,,10551,13,0,9 12 2 5,0,295,,10555,13,0,9 12 2 5,0
2000,'5547',756,,10568,13,,,0,100,,10564,13,,,0,101,,10563,13,,,0,100,,10565,13,,,0,100,,10556,13,,,0,100,,10557,13,,,0,100,,10559,13,,,0,101,,10567,13,,,0,100,,10560,13,,,0,100,,10558,13,,,0,97,,10562,13,,,0,195,,10561,13,0,9 12 2 5,0,199,,10566,13,0,9 12 2 5,0
9200,'4619',1407,,11284,9,,,0,2,,11283,9,,,0
9200,'5289',1516,,11286,9,,,0,2,,11285,9,,,0
9200,'5299',1422,,11287,9,,,0,2,,11288,9,,,0
1002000,'4614',625,,11372,19,,,0,112,,11373,19,,,0,87,,11379,19,,,0,103,,11374,19,,,0,100,,11366,19,,,0,100,,11367,19,,,0,101,,11368,19,,,0,100,,11369,19,,,0,103,,11375,19,,,0,89,,11370,19,,,0,16,,11371,19,,,0,185,,11376,19,,,0,330,,11377,19,,,0,199,,11378,19,,,0
1002000,'5299',1624,,11380,19,,,0,230,,11381,19,,,0
1002000,'5544',657,,11382,19,,,0,100,,11388,19,,,0,200,,11383,19,,,0,201,,11384,19,,,0,200,,11385,19,,,0,201,,11386,19,,,0,200,,11387,19,,,0
1002000,'5547',620,,11391,19,,,0,100,,11403,19,,,0,100,,11390,19,,,0,100,,11392,19,,,0,100,,11393,19,,,0,101,,11394,19,,,0,100,,11395,19,,,0,100,,11396,19,,,0,101,,11397,19,,,0,100,,11402,19,,,0,100,,11398,19,,,0,98,,11399,19,,,0,135,,11400,19,,,0,196,,11401,19,,,0,199,,11389,19,,,0
1002000,'5567',1624,,11404,19,,,0,230,,11405,19,,,0
