2000,'4614',556,,10541,19,0,9 12 2 5,0,101,,10542,19,0,9 12 2 5,0,143,,10543,19,0,9 12 2 5,0,59,,10536,19,,,0,100,,10549,19,,,0,100,,10544,19,,,0,141,,10545,19,,,0,100,,10546,19,,,0,100,,10537,19,,,0,206,,10547,19,,,0,97,,10548,19,,,0,99,,10538,19,,,0,151,,10539,19,0,9 12 2 5,0,198,,10540,19,0,9 12 2 5,0
2000,'5544',858,,10550,19,0,9 12 2 5,0,242,,10553,19,0,9 12 2 5,0,201,,10552,19,0,9 12 2 5,0,201,,10554,19,0,9 12 2 5,0,200,,10551,19,0,9 12 2 5,0,255,,10555,19,0,9 12 2 5,0
2000,'5547',759,,10568,19,,,0,100,,10564,19,,,0,141,,10563,19,,,0,101,,10565,19,,,0,100,,10556,19,,,0,100,,10557,19,,,0,100,,10559,19,,,0,101,,10567,19,,,0,100,,10560,19,,,0,100,,10558,19,,,0,57,,10562,19,,,0,195,,10561,19,0,9 12 2 5,0,198,,10566,19,0,9 12 2 5,0
9200,'4619',1411,,11284,15,,,0,2,,11283,15,,,0
9200,'5289',1520,,11286,15,,,0,2,,11285,15,,,0
9200,'5299',1427,,11287,15,,,0,2,,11288,15,,,0
1002000,'4614',629,,11372,25,,,0,112,,11373,25,,,0,87,,11379,25,,,0,103,,11374,25,,,0,100,,11366,25,,,0,100,,11367,25,,,0,101,,11368,25,,,0,100,,11369,25,,,0,103,,11375,25,,,0,89,,11370,25,,,0,16,,11371,25,,,0,185,,11376,25,,,0,329,,11377,25,,,0,199,,11378,25,,,0
1002000,'5299',1628,,11380,25,,,0,230,,11381,25,,,0
1002000,'5544',700,,11382,25,,,0,100,,11388,25,,,0,201,,11383,25,,,0,201,,11384,25,,,0,200,,11385,25,,,0,201,,11386,25,,,0,200,,11387,25,,,0
1002000,'5547',624,,11391,25,,,0,100,,11403,25,,,0,100,,11390,25,,,0,100,,11392,25,,,0,100,,11393,25,,,0,101,,11394,25,,,0,100,,11395,25,,,0,100,,11396,25,,,0,101,,11397,25,,,0,100,,11402,25,,,0,100,,11398,25,,,0,98,,11399,25,,,0,135,,11400,25,,,0,196,,11401,25,,,0,198,,11389,25,,,0
1002000,'5567',1628,,11404,25,,,0,230,,11405,25,,,0
