100,'4614',453,,9931,7,,,0,85,,9932,7,,,0,70,,9920,7,,,0,31,,9927,7,,,0,70,,9921,7,,,0,22,,9918,7,,,0,21,,9917,7,,,0,61,,9919,7,,,0,19,,9915,7,,,0,21,,9930,7,,,0,60,,9914,7,,,0,20,,9908,7,,,0,70,,9913,7,,,0,30,,9899,7,,,0,70,,9916,7,,,0,30,,9900,7,,,0,70,,9909,7,,,0,30,,9902,7,,,0,70,,9912,7,,,0,31,,9929,7,,,0,70,,9906,7,,,0,30,,9903,7,,,0,70,,9907,7,,,0,30,,9892,7,,,0,20,,9905,7,,,0,60,,9891,7,,,0,20,,9911,7,,,0,20,,9893,7,,,0,60,,9901,7,,,0,20,,9928,7,,,0,69,,9910,7,,,0,30,,9895,7,,,0,69,,9922,7,,,0,30,,9898,7,,,0,69,,9923,7,,,0,30,,9896,7,,,0,70,,9924,7,,,0,30,,9894,7,,,0,28,,9925,7,,,0,70,,9897,7,,,0,30,,9926,7,,,0,99,,9904,7,,,0
100,'5544',729,,9952,7,,,0,30,,9951,7,,,0,70,,9943,7,,,0,30,,9942,7,,,0,73,,9933,7,,,0,70,,9945,7,,,0,30,,9954,7,,,0,70,,9948,7,,,0,30,,9955,7,,,0,71,,9940,7,,,0,30,,9941,7,,,0,70,,9956,7,,,0,31,,9935,7,,,0,70,,9953,7,,,0,30,,9947,7,,,0,70,,9938,7,,,0,30,,9944,7,,,0,69,,9946,7,,,0,30,,9957,7,,,0,70,,9939,7,,,0,30,,9934,7,,,0,68,,9937,7,,,0,29,,9958,7,,,0,70,,9949,7,,,0,30,,9936,7,,,0,70,,9959,7,,,0,30,,9950,7,,,0,29,,9960,7,,,0
100,'5547',629,,9995,7,,,0,30,,9988,7,,,0,70,,9968,7,,,0,30,,9973,7,,,0,70,,9972,7,,,0,71,,9986,7,,,0,32,,9981,7,,,0,70,,9967,7,,,0,31,,9970,7,,,0,71,,9985,7,,,0,30,,9964,7,,,0,70,,9984,7,,,0,30,,9966,7,,,0,70,,9993,7,,,0,30,,9979,7,,,0,70,,9962,7,,,0,30,,9989,7,,,0,70,,9991,7,,,0,30,,9963,7,,,0,70,,9992,7,,,0,30,,9980,7,,,0,70,,9994,7,,,0,30,,9974,7,,,0,69,,9978,7,,,0,29,,9987,7,,,0,70,,9961,7,,,0,30,,9990,7,,,0,70,,9976,7,,,0,29,,9983,7,,,0,70,,9975,7,,,0,30,,9982,7,,,0,28,,9965,7,,,0,70,,9969,7,,,0,30,,9971,7,,,0,100,,9977,7,,,0
2000,'4614',609,2,10541,37,,,0,102,2,10542,37,,,0,107,2,10543,37,,,0,1188,2,10539,37,,,0,198,2,10540,37,,,0
2000,'5544',910,,10550,37,,,0,202,,10553,37,,,0,201,,10552,37,,,0,202,,10554,37,,,0,200,,10551,37,,,0,293,,10555,37,,,0
2000,'5547',2007,2,10561,37,,,0,198,2,10566,37,,,0
2500,'4614',740,,10611,6,0,5,0,288,,10612,6,,,0,193,,10613,6,0,5,0,211,,10614,6,,,0,402,,10615,6,,,0
2500,'5544',739,,10616,6,0,5,0,289,,10617,6,,,0,397,,10618,6,,,0,201,,10620,6,,,0,202,,10619,6,,,0
2500,'5547',739,,10622,6,0,5,0,289,,10624,6,,,0,397,,10623,6,,,0,201,,10625,6,,,0,202,,10621,6,,,0
7201,'4614',727,,11182,32,4,,0,30,,11183,32,4,,0,70,,11184,32,4,,0,73,,11185,32,4,,0,30,,11186,32,4,,0,70,,11187,32,4,,0,30,,11188,32,4,,0,70,,11189,32,4,,0,30,,11190,32,4,,0,29,,11191,32,4,,0,70,,11192,32,4,,0,30,,11193,32,4,,0,70,,11194,32,4,,0,30,,11195,32,4,,0,70,,11196,32,4,,0,30,,11197,32,4,,0,70,,11198,32,4,,0,30,,11199,32,4,,0,70,,11200,32,4,,0,30,,11201,32,4,,0,70,,11202,32,4,,0,30,,11203,32,4,,0,70,,11204,32,4,,0,30,,11205,32,4,,0,70,,11206,32,4,,0,100,,11207,32,4,,0,100,,11208,32,4,,0,100,,11209,32,4,,0,130,,11210,32,4,,0
7201,'5544',829,,11211,32,4,,0,100,,11212,32,4,,0,100,,11213,32,4,,0,100,,11214,32,4,,0,99,,11215,32,4,,0,100,,11216,32,4,,0,100,,11217,32,4,,0,100,,11218,32,4,,0,101,,11219,32,4,,0,100,,11220,32,4,,0,100,,11221,32,4,,0,100,,11222,32,4,,0,100,,11223,32,4,,0
7201,'5547',729,,11230,32,4,,0,100,,11231,32,4,,0,100,,11232,32,4,,0,30,,11233,32,4,,0,70,,11234,32,4,,0,30,,11235,32,4,,0,70,,11236,32,4,,0,30,,11237,32,4,,0,70,,11238,32,4,,0,30,,11239,32,4,,0,70,,11240,32,4,,0,30,,11241,32,4,,0,70,,11242,32,4,,0,30,,11243,32,4,,0,70,,11244,32,4,,0,30,,11245,32,4,,0,70,,11246,32,4,,0,30,,11247,32,4,,0,70,,11248,32,4,,0,30,,11249,32,4,,0,70,,11250,32,4,,0,30,,11251,32,4,,0,70,,11224,32,4,,0,100,,11225,32,4,,0,100,,11226,32,4,,0,100,,11227,32,4,,0,100,,11228,32,4,,0,100,,11229,32,4,,0
1002000,'4614',843,2,11379,43,,,0,403,2,11368,43,,,0,206,2,11375,43,,,0,103,2,11371,43,,,0,184,2,11376,43,,,0,368,2,11377,43,,,0,199,2,11378,43,,,0
1002000,'5299',1642,2,11380,43,,,0,269,2,11381,43,,,0
1002000,'5544',714,2,11382,43,,,0,100,2,11388,43,,,0
1002000,'5547',637,2,11391,43,,,0,101,2,11403,43,,,0,100,2,11390,43,,,0,100,2,11392,43,,,0,100,2,11393,43,,,0,101,2,11394,43,,,0,100,2,11395,43,,,0,100,2,11396,43,,,0,101,2,11397,43,,,0,100,2,11402,43,,,0,100,2,11398,43,,,0,98,2,11399,43,,,0,174,2,11400,43,,,0,196,2,11401,43,,,0,198,2,11389,43,,,0
1002000,'5567',1642,2,11404,43,,,0,269,2,11405,43,,,0
