2000,'4614',617,,10541,49,,,0,102,,10542,49,,,0,108,,10543,49,,,0,81,,10536,32,,,0,100,,10549,32,,,0,100,,10544,32,,,0,102,,10545,32,,,0,100,,10546,32,,,0,100,,10537,32,,,0,206,,10547,32,,,0,97,,10548,32,,,0,98,,10538,32,,,0,203,,10539,49,,,0,198,,10540,49,,,0
2000,'5544',918,,10550,49,,,0,202,,10553,49,,,0,201,,10552,49,,,0,202,,10554,49,,,0,200,,10551,49,,,0,293,,10555,49,,,0
2000,'5547',808,,10568,32,,,0,100,,10564,32,,,0,101,,10563,32,,,0,101,,10565,32,,,0,100,,10556,32,,,0,100,,10557,32,,,0,100,,10559,32,,,0,101,,10567,32,,,0,100,,10560,32,,,0,100,,10558,32,,,0,97,,10562,32,,,0,207,,10561,49,,,0,198,,10566,49,,,0
7200,'4614',644,,11112,16,,,0,70,,11113,16,,,0,31,,11114,16,,,0,71,,11115,16,,,0,32,,11116,16,,,0,69,,11117,16,,,0,30,,11118,16,,,0,70,,11119,16,,,0,30,,11120,16,,,0,70,,11121,16,,,0,30,,11122,16,,,0,70,,11123,16,,,0,30,,11124,16,,,0,70,,11125,16,,,0,30,,11126,16,,,0,71,,11127,16,,,0,32,,11128,16,,,0,71,,11129,16,,,0,30,,11130,16,,,0,70,,11131,16,,,0,30,,11132,16,,,0,68,,11133,16,,,0,30,,11134,16,,,0,69,,11135,16,,,0,29,,11136,16,,,0,97,,11137,16,,,0,100,,11138,16,,,0,100,,11139,16,,,0,100,,11140,16,,,0
7200,'5544',746,,11141,16,,,0,101,,11142,16,,,0,100,,11143,16,,,0,100,,11144,16,,,0,100,,11145,16,,,0,100,,11146,16,,,0,100,,11147,16,,,0,100,,11148,16,,,0,100,,11149,16,,,0,100,,11150,16,,,0,100,,11151,16,,,0,100,,11152,16,,,0,99,,11153,16,,,0
7200,'5547',646,,11156,16,,,0,101,,11158,16,,,0,100,,11160,16,,,0,70,,11161,16,,,0,30,,11162,16,,,0,70,,11163,16,,,0,30,,11164,16,,,0,70,,11165,16,,,0,30,,11166,16,,,0,70,,11167,16,,,0,30,,11168,16,,,0,70,,11169,16,,,0,30,,11170,16,,,0,70,,11171,16,,,0,30,,11172,16,,,0,70,,11173,16,,,0,30,,11174,16,,,0,70,,11175,16,,,0,30,,11176,16,,,0,70,,11177,16,,,0,30,,11178,16,,,0,70,,11179,16,,,0,28,,11180,16,,,0,99,,11181,16,,,0,100,,11155,16,,,0,100,,11159,16,,,0,100,,11154,16,,,0,100,,11157,16,,,0
1002000,'4614',638,,11372,38,,,0,113,,11373,38,,,0,101,,11379,55,,,0,88,,11374,38,,,0,100,,11366,38,,,0,101,,11367,38,,,0,113,,11368,55,,,0,88,,11369,38,,,0,159,,11375,55,,,0,35,,11370,38,,,0,68,,11371,55,,,0,144,,11376,55,,,0,367,,11377,55,,,0,199,,11378,55,,,0
1002000,'5299',1651,,11380,55,,,0,268,,11381,55,,,0
1002000,'5544',721,,11382,55,,,0,100,,11388,55,,,0,189,,11383,38,,,0,201,,11384,38,,,0,200,,11385,38,,,0,202,,11386,38,,,0,199,,11387,38,,,0
1002000,'5547',645,,11391,55,,,0,101,,11403,55,,,0,100,,11390,55,,,0,100,,11392,55,,,0,100,,11393,55,,,0,101,,11394,55,,,0,100,,11395,55,,,0,100,,11396,55,,,0,101,,11397,55,,,0,100,,11402,55,,,0,100,,11398,55,,,0,98,,11399,55,,,0,174,,11400,55,,,0,196,,11401,55,,,0,198,,11389,55,,,0
1002000,'5567',1651,,11404,55,,,0,268,,11405,55,,,0
