2001,'4614',701,,10575,31,,,0,104,,10581,48,,,0,2,,10582,12,,,0,28,,10574,48,,,0,88,,10569,31,,,0,99,,10580,48,,,0,21,,10570,31,,,0,100,,10579,31,,,0,101,,10576,31,,,0,100,,10577,31,,,0,115,,10578,48,,,0,387,,10571,31,,,0,373,,10572,48,,,0,196,,10573,48,,,0
2001,'5289',1649,,10583,31,,,0
2001,'5299',1549,,10586,31,,,0,199,,10584,31,,,0,271,,10585,48,,,0
2001,'5544',805,,10592,31,,,0,202,,10587,31,,,0,201,,10589,31,,,0,200,,10588,31,,,0,201,,10590,31,,,0,199,,10591,31,,,0
2001,'5547',850,,10604,48,,,0,97,,10599,31,,,0,100,,10603,31,,,0,100,,10600,31,,,0,101,,10593,31,,,0,100,,10602,31,,,0,100,,10606,31,,,0,100,,10596,31,,,0,99,,10601,31,,,0,100,,10597,31,,,0,99,,10594,31,,,0,174,,10605,48,,,0,200,,10598,48,,,0,195,,10595,48,,,0
2001,'5567',1549,,10609,31,,,0,199,,10607,31,,,0,271,,10608,48,,,0
2001,'5568',1649,,10610,31,,,0
1002001,'4614',721,,11410,31,,,0,183,,11411,48,,,0,44,,11412,31,,,0,165,,11413,31,,,0,100,,11406,31,,,0,101,,11407,31,,,0,112,,11414,48,,,0,100,,11408,48,,,0,98,,11409,48,,,0,98,,11415,48,,,0,100,,11416,48,,,0,98,,11417,48,,,0,199,,11418,48,,,0,198,,11419,48,,,0
1002001,'5544',920,,11420,48,,,0,201,,11421,48,,,0,201,,11422,48,,,0,200,,11423,48,,,0,200,,11424,48,,,0,199,,11426,48,,,0,198,,11425,48,,,0
1002001,'5547',748,,11440,48,,,0,172,,11427,48,,,0,100,,11428,48,,,0,100,,11429,48,,,0,100,,11430,48,,,0,101,,11439,48,,,0,100,,11431,48,,,0,100,,11432,48,,,0,100,,11433,48,,,0,100,,11434,48,,,0,100,,11435,48,,,0,99,,11436,48,,,0,200,,11437,48,,,0,198,,11438,48,,,0
