2001,'4614',655,,10575,21,,,0,102,,10581,38,,,0,2,,10582,2,,,0,70,,10574,38,,,0,88,,10569,21,,,0,99,,10580,38,,,0,21,,10570,21,,,0,100,,10579,21,,,0,101,,10576,21,,,0,100,,10577,21,,,0,114,,10578,38,,,0,389,,10571,21,,,0,373,,10572,38,,,0,196,,10573,38,,,0
2001,'5289',1643,,10583,21,,,0
2001,'5299',1543,,10586,21,,,0,200,,10584,21,,,0,271,,10585,38,,,0
2001,'5544',800,,10592,21,,,0,202,,10587,21,,,0,201,,10589,21,,,0,200,,10588,21,,,0,201,,10590,21,,,0,199,,10591,21,,,0
2001,'5547',845,,10604,38,,,0,97,,10599,21,,,0,100,,10603,21,,,0,100,,10600,21,,,0,101,,10593,21,,,0,100,,10602,21,,,0,100,,10606,21,,,0,100,,10596,21,,,0,99,,10601,21,,,0,100,,10597,21,,,0,99,,10594,21,,,0,174,,10605,38,,,0,200,,10598,38,,,0,196,,10595,38,,,0
2001,'5567',1543,,10609,21,,,0,200,,10607,21,,,0,271,,10608,38,,,0
2001,'5568',1643,,10610,21,,,0
1002001,'4614',715,,11410,21,,,0,143,,11411,38,,,0,84,,11412,21,,,0,165,,11413,21,,,0,100,,11406,21,,,0,101,,11407,21,,,0,111,,11414,38,,,0,101,,11408,38,,,0,98,,11409,38,,,0,99,,11415,38,,,0,100,,11416,38,,,0,98,,11417,38,,,0,199,,11418,38,,,0,198,,11419,38,,,0
1002001,'5544',915,,11420,38,,,0,201,,11421,38,,,0,201,,11422,38,,,0,200,,11423,38,,,0,200,,11424,38,,,0,199,,11426,38,,,0,198,,11425,38,,,0
1002001,'5547',743,,11440,38,,,0,172,,11427,38,,,0,100,,11428,38,,,0,100,,11429,38,,,0,100,,11430,38,,,0,101,,11439,38,,,0,100,,11431,38,,,0,100,,11432,38,,,0,100,,11433,38,,,0,100,,11434,38,,,0,100,,11435,38,,,0,99,,11436,38,,,0,200,,11437,38,,,0,198,,11438,38,,,0
