2000,'4614',612,,10541,43,,,0,102,,10542,43,,,0,108,,10543,43,,,0,1187,,10539,43,,,0,198,,10540,43,,,0
2000,'5544',913,,10550,43,,,0,202,,10553,43,,,0,201,,10552,43,,,0,202,,10554,43,,,0,200,,10551,43,,,0,293,,10555,43,,,0
2000,'5547',2010,,10561,43,,,0,198,,10566,43,,,0
2001,'4614',755,,10581,35,,,0,72,,10574,35,,,0,187,,10580,35,,,0,435,,10578,35,,,0,763,,10572,35,,,0,196,,10573,35,,,0
2001,'5299',2012,,10585,35,,,0
2001,'5547',843,,10604,35,,,0,1170,,10605,35,,,0,200,,10598,35,,,0,196,,10595,35,,,0
2001,'5567',2012,,10608,35,,,0
1002000,'4614',847,,11379,49,,,0,402,,11368,49,,,0,207,,11375,49,,,0,103,,11371,49,,,0,184,,11376,49,,,0,367,,11377,49,,,0,199,,11378,49,,,0
1002000,'5299',1646,,11380,49,,,0,268,,11381,49,,,0
1002000,'5544',717,,11382,49,,,0,100,,11388,49,,,0
1002000,'5547',640,,11391,49,,,0,101,,11403,49,,,0,100,,11390,49,,,0,100,,11392,49,,,0,100,,11393,49,,,0,101,,11394,49,,,0,100,,11395,49,,,0,100,,11396,49,,,0,101,,11397,49,,,0,100,,11402,49,,,0,100,,11398,49,,,0,98,,11399,49,,,0,174,,11400,49,,,0,196,,11401,49,,,0,198,,11389,49,,,0
1002000,'5567',1646,,11404,49,,,0,268,,11405,49,,,0
1002001,'4614',856,,11411,35,,,0,560,,11414,35,,,0,101,,11408,35,,,0,99,,11409,35,,,0,99,,11415,35,,,0,100,,11416,35,,,0,98,,11417,35,,,0,199,,11418,35,,,0,198,,11419,35,,,0
1002001,'5544',913,,11420,35,,,0,201,,11421,35,,,0,201,,11422,35,,,0,200,,11423,35,,,0,200,,11424,35,,,0,199,,11426,35,,,0,198,,11425,35,,,0
1002001,'5547',741,,11440,35,,,0,172,,11427,35,,,0,100,,11428,35,,,0,100,,11429,35,,,0,100,,11430,35,,,0,101,,11439,35,,,0,100,,11431,35,,,0,100,,11432,35,,,0,100,,11433,35,,,0,100,,11434,35,,,0,100,,11435,35,,,0,99,,11436,35,,,0,200,,11437,35,,,0,198,,11438,35,,,0
