2001,'4614',657,,10575,25,,,0,144,,10581,42,,,0,2,,10582,6,,,0,28,,10574,42,,,0,88,,10569,25,,,0,99,,10580,42,,,0,21,,10570,25,,,0,100,,10579,25,,,0,101,,10576,25,,,0,100,,10577,25,,,0,115,,10578,42,,,0,388,,10571,25,,,0,373,,10572,42,,,0,196,,10573,42,,,0
2001,'5289',1645,,10583,25,,,0
2001,'5299',1545,,10586,25,,,0,200,,10584,25,,,0,271,,10585,42,,,0
2001,'5544',802,,10592,25,,,0,202,,10587,25,,,0,201,,10589,25,,,0,200,,10588,25,,,0,201,,10590,25,,,0,199,,10591,25,,,0
2001,'5547',847,,10604,42,,,0,97,,10599,25,,,0,100,,10603,25,,,0,100,,10600,25,,,0,101,,10593,25,,,0,100,,10602,25,,,0,100,,10606,25,,,0,100,,10596,25,,,0,99,,10601,25,,,0,100,,10597,25,,,0,99,,10594,25,,,0,174,,10605,42,,,0,200,,10598,42,,,0,196,,10595,42,,,0
2001,'5567',1545,,10609,25,,,0,200,,10607,25,,,0,271,,10608,42,,,0
2001,'5568',1645,,10610,25,,,0
1002001,'4614',717,,11410,25,,,0,183,,11411,42,,,0,44,,11412,25,,,0,165,,11413,25,,,0,100,,11406,25,,,0,101,,11407,25,,,0,112,,11414,42,,,0,100,,11408,42,,,0,98,,11409,42,,,0,99,,11415,42,,,0,100,,11416,42,,,0,98,,11417,42,,,0,199,,11418,42,,,0,198,,11419,42,,,0
1002001,'5544',917,,11420,42,,,0,201,,11421,42,,,0,201,,11422,42,,,0,200,,11423,42,,,0,200,,11424,42,,,0,199,,11426,42,,,0,198,,11425,42,,,0
1002001,'5547',745,,11440,42,,,0,172,,11427,42,,,0,100,,11428,42,,,0,100,,11429,42,,,0,100,,11430,42,,,0,101,,11439,42,,,0,100,,11431,42,,,0,100,,11432,42,,,0,100,,11433,42,,,0,100,,11434,42,,,0,100,,11435,42,,,0,99,,11436,42,,,0,200,,11437,42,,,0,198,,11438,42,,,0
