101,'4614',648,,10024,13,,,0,61,,10023,13,,,0,20,,10027,13,,,0,23,,10021,13,,,0,60,,10025,13,,,0,20,,10036,13,,,0,21,,10026,13,,,0,60,,10020,13,,,0,26,,10017,13,,,0,70,,10016,13,,,0,30,,10019,13,,,0,70,,10007,13,,,0,30,,10018,13,,,0,70,,10008,13,,,0,30,,10014,13,,,0,70,,10035,13,,,0,29,,10015,13,,,0,70,,10011,13,,,0,30,,10013,13,,,0,70,,10033,13,,,0,20,,10009,13,,,0,20,,9996,13,,,0,60,,10022,13,,,0,20,,9998,13,,,0,20,,10006,13,,,0,60,,9997,13,,,0,20,,10012,13,,,0,20,,10010,13,,,0,61,,10034,13,,,0,100,,10001,13,,,0,30,,10029,13,,,0,73,,10002,13,,,0,30,,10028,13,,,0,70,,10003,13,,,0,30,,10031,13,,,0,70,,10004,13,,,0,30,,10030,13,,,0,70,,10005,13,,,0,30,,10032,13,,,0,70,,10000,13,,,0,30,,9999,13,,,0
101,'4619',1839,,10037,13,,,0
101,'4931',1839,,10038,13,,,0
101,'5544',809,,10048,13,,,0,30,,10054,13,,,0,71,,10051,13,,,0,30,,10050,13,,,0,70,,10059,13,,,0,30,,10047,13,,,0,70,,10057,13,,,0,30,,10060,13,,,0,70,,10041,13,,,0,29,,10045,13,,,0,70,,10058,13,,,0,30,,10062,13,,,0,70,,10061,13,,,0,30,,10040,13,,,0,70,,10053,13,,,0,30,,10046,13,,,0,71,,10044,13,,,0,30,,10042,13,,,0,70,,10049,13,,,0,29,,10043,13,,,0,70,,10064,13,,,0,30,,10063,13,,,0,70,,10052,13,,,0,30,,10039,13,,,0,73,,10056,13,,,0,30,,10065,13,,,0,70,,10055,13,,,0,30,,10066,13,,,0
101,'5547',709,,10067,13,,,0,30,,10068,13,,,0,70,,10069,13,,,0,30,,10070,13,,,0,70,,10071,13,,,0,30,,10072,13,,,0,70,,10073,13,,,0,29,,10074,13,,,0,70,,10075,13,,,0,30,,10076,13,,,0,70,,10077,13,,,0,30,,10078,13,,,0,70,,10079,13,,,0,30,,10080,13,,,0,70,,10081,13,,,0,30,,10082,13,,,0,70,,10083,13,,,0,30,,10084,13,,,0,70,,10085,13,,,0,30,,10086,13,,,0,71,,10087,13,,,0,30,,10088,13,,,0,70,,10089,13,,,0,30,,10090,13,,,0,70,,10091,13,,,0,30,,10092,13,,,0,73,,10093,13,,,0,30,,10094,13,,,0,70,,10095,13,,,0,30,,10096,13,,,0,70,,10097,13,,,0,30,,10098,13,,,0,70,,10099,13,,,0,31,,10100,13,,,0,100,,10101,13,,,0
1501,'4614',850,,10499,16,,,0,63,,10500,16,,,0,30,,10501,16,,,0,69,,10498,16,,,0,27,,10502,16,,,0,70,,10503,16,,,0,30,,10504,16,,,0,70,,10505,16,,,0,104,,10507,16,,,0,31,,10506,16,,,0,570,,10509,16,,,0,98,,10508,16,,,0,100,,10510,16,,,0
1501,'5544',802,,10515,16,,,0,208,,10520,16,,,0,100,,10511,16,,,0,101,,10516,16,,,0,100,,10513,16,,,0,100,,10521,16,,,0,100,,10514,16,,,0,101,,10517,16,,,0,100,,10512,16,,,0,100,,10519,16,,,0,100,,10518,16,,,0
1501,'5547',801,,10530,16,,,0,108,,10534,16,,,0,102,,10531,16,,,0,101,,10528,16,,,0,99,,10532,16,,,0,101,,10529,16,,,0,101,,10527,16,,,0,100,,10522,16,,,0,100,,10524,16,,,0,101,,10525,16,,,0,98,,10535,16,,,0,100,,10526,16,,,0,100,,10523,16,,,0,100,,10533,16,,,0
3001,'4614',654,,10743,54,,,0,72,,10736,54,,,0,31,,10735,54,,,0,75,,10738,54,,,0,16,,10741,54,,,0,55,,10740,54,,,0,14,,10742,54,,,0,16,,10737,54,,,0,69,,10713,54,,,0,31,,10714,54,,,0,70,,10715,54,,,0,30,,10717,54,,,0,70,,10716,54,,,0,31,,10718,54,,,0,70,,10720,54,,,0,30,,10722,54,,,0,72,,10723,54,,,0,30,,10719,54,,,0,71,,10724,54,,,0,31,,10721,54,,,0,97,,10725,54,,,0,70,,10739,54,,,0,99,,10726,54,,,0,28,,10727,54,,,0,68,,10728,54,,,0,29,,10729,54,,,0,99,,10731,54,,,0,99,,10732,54,,,0,100,,10733,54,,,0,98,,10730,54,,,0,99,,10734,54,,,0
3001,'5289',1607,,10745,54,,,0,127,,10744,54,,,0
3001,'5544',829,,10746,54,,,0,101,,10747,54,,,0,101,,10748,54,,,0,100,,10749,54,,,0,102,,10750,54,,,0,100,,10751,54,,,0,100,,10752,54,,,0,100,,10753,54,,,0,99,,10754,54,,,0,99,,10755,54,,,0,98,,10756,54,,,0,98,,10757,54,,,0,100,,10758,54,,,0
3001,'5547',759,,10759,54,,,0,142,,10760,54,,,0,100,,10761,54,,,0,31,,10762,54,,,0,70,,10763,54,,,0,30,,10764,54,,,0,70,,10765,54,,,0,31,,10766,54,,,0,70,,10767,54,,,0,30,,10768,54,,,0,70,,10769,54,,,0,30,,10770,54,,,0,70,,10771,54,,,0,30,,10772,54,,,0,70,,10773,54,,,0,29,,10774,54,,,0,70,,10775,54,,,0,29,,10776,54,,,0,70,,10777,54,,,0,28,,10778,54,,,0,30,,10779,54,,,0,69,,10780,54,,,0,100,,10781,54,,,0,100,,10782,54,,,0,99,,10783,54,,,0,98,,10784,54,,,0,99,,10785,54,,,0
3001,'5568',1607,,10787,54,,,0,127,,10786,54,,,0
1001501,'4614',736,,11355,21,,,0,70,,11354,21,,,0,442,,11356,21,,,0,174,,11357,21,,,0,35,,11358,21,,,0,74,,11359,21,,,0,28,,11360,21,,,0,74,,11361,21,,,0,69,,11362,21,,,0,29,,11363,21,,,0,70,,11365,21,,,0,29,,11364,21,,,0
