2001,'4614',656,,10575,23,,,0,103,,10581,40,,,0,42,,10582,4,,,0,29,,10574,40,,,0,88,,10569,23,,,0,99,,10580,40,,,0,21,,10570,23,,,0,100,,10579,23,,,0,101,,10576,23,,,0,100,,10577,23,,,0,114,,10578,40,,,0,389,,10571,23,,,0,373,,10572,40,,,0,196,,10573,40,,,0
2001,'5289',1644,,10583,23,,,0
2001,'5299',1544,,10586,23,,,0,200,,10584,23,,,0,271,,10585,40,,,0
2001,'5544',801,,10592,23,,,0,202,,10587,23,,,0,201,,10589,23,,,0,200,,10588,23,,,0,201,,10590,23,,,0,199,,10591,23,,,0
2001,'5547',846,,10604,40,,,0,97,,10599,23,,,0,100,,10603,23,,,0,100,,10600,23,,,0,101,,10593,23,,,0,100,,10602,23,,,0,100,,10606,23,,,0,100,,10596,23,,,0,99,,10601,23,,,0,100,,10597,23,,,0,99,,10594,23,,,0,174,,10605,40,,,0,200,,10598,40,,,0,196,,10595,40,,,0
2001,'5567',1544,,10609,23,,,0,200,,10607,23,,,0,271,,10608,40,,,0
2001,'5568',1644,,10610,23,,,0
1002001,'4614',716,,11410,23,,,0,143,,11411,40,,,0,84,,11412,23,,,0,165,,11413,23,,,0,100,,11406,23,,,0,101,,11407,23,,,0,111,,11414,40,,,0,101,,11408,40,,,0,98,,11409,40,,,0,99,,11415,40,,,0,100,,11416,40,,,0,98,,11417,40,,,0,199,,11418,40,,,0,198,,11419,40,,,0
1002001,'5544',916,,11420,40,,,0,201,,11421,40,,,0,201,,11422,40,,,0,200,,11423,40,,,0,200,,11424,40,,,0,199,,11426,40,,,0,198,,11425,40,,,0
1002001,'5547',744,,11440,40,,,0,172,,11427,40,,,0,100,,11428,40,,,0,100,,11429,40,,,0,100,,11430,40,,,0,101,,11439,40,,,0,100,,11431,40,,,0,100,,11432,40,,,0,100,,11433,40,,,0,100,,11434,40,,,0,100,,11435,40,,,0,99,,11436,40,,,0,200,,11437,40,,,0,198,,11438,40,,,0
