701,'4614',608,,10255,1,0,17,0,99,,10264,14,0,17,0,37,,10254,14,0,17,0,68,,10250,14,0,17,0,98,,10252,14,0,17,0,101,,10261,14,0,17,0,100,,10267,14,0,17,0,96,2,10249,14,0,17,0,102,2,10253,14,0,17,0,101,2,10257,14,0,17,0,100,2,10251,14,0,17,0,131,2,10258,14,0,17,0,70,2,10265,14,0,17,0,29,2,10268,14,0,17,0,70,2,10260,14,0,17,0,30,2,10266,14,0,17,0,69,2,10256,14,0,17,0,100,2,10259,14,0,17,0,100,2,10262,14,0,17,0,100,2,10263,14,0,17,0,100,2,10248,14,0,17,0
701,'5289',1611,2,10269,14,0,17,0
701,'5544',706,,10275,14,0,17,0,102,,10280,14,0,17,0,102,,10282,14,0,17,0,100,,10281,14,0,17,0,100,,10276,14,0,17,0,97,2,10274,14,0,17,0,102,2,10273,14,0,17,0,101,2,10277,14,0,17,0,101,2,10271,14,0,17,0,100,2,10283,14,0,17,0,100,2,10279,14,0,17,0,100,2,10278,14,0,17,0,99,2,10272,14,0,17,0,100,2,10270,14,0,17,0
701,'5547',706,,10289,14,0,17,0,102,,10299,14,0,17,0,102,,10290,14,0,17,0,100,,10294,14,0,17,0,100,,10284,14,0,17,0,97,2,10291,14,0,17,0,102,2,10292,14,0,17,0,101,2,10285,14,0,17,0,101,2,10287,14,0,17,0,100,2,10288,14,0,17,0,100,2,10300,14,0,17,0,100,2,10295,14,0,17,0,99,2,10286,14,0,17,0,100,2,10296,14,0,17,0,100,2,10297,14,0,17,0,99,2,10293,14,0,17,0,100,2,10298,14,0,17,0
701,'5568',1611,2,10301,14,0,17,0
801,'4614',558,,10314,16,0,18,0,99,,10303,16,0,18,0,77,,10320,1,0,18,0,70,,10306,16,0,18,0,96,,10317,16,0,18,0,100,,10313,16,0,18,0,100,,10302,16,0,18,0,107,2,10312,16,0,18,0,102,2,10305,16,0,18,0,101,2,10304,16,0,18,0,100,2,10308,16,0,18,0,101,2,10307,16,0,18,0,100,2,10318,16,0,18,0,99,2,10310,16,0,18,0,99,2,10311,16,0,18,0,100,2,10309,16,0,18,0,100,2,10315,16,0,18,0,100,2,10316,16,0,18,0,100,2,10319,16,0,18,0
801,'5289',1530,2,10321,16,0,18,0
801,'5544',657,,10326,1,0,18,0,102,,10327,16,0,18,0,141,,10334,16,0,18,0,59,,10325,16,0,18,0,141,,10329,16,0,18,0,107,2,10328,16,0,18,0,102,2,10330,16,0,18,0,101,2,10331,16,0,18,0,101,2,10324,16,0,18,0,100,2,10335,16,0,18,0,100,2,10322,16,0,18,0,100,2,10323,16,0,18,0,99,2,10333,16,0,18,0,100,2,10332,16,0,18,0
801,'5547',657,,10337,16,0,18,0,102,,10350,16,0,18,0,141,,10338,16,0,18,0,59,,10339,16,0,18,0,141,,10340,16,0,18,0,107,2,10348,16,0,18,0,102,2,10349,16,0,18,0,101,2,10341,16,0,18,0,101,2,10342,16,0,18,0,100,2,10343,16,0,18,0,100,2,10351,16,0,18,0,100,2,10344,16,0,18,0,99,2,10336,16,0,18,0,100,2,10345,16,0,18,0,100,2,10346,16,0,18,0,99,2,10347,16,0,18,0
801,'5568',1430,2,10352,16,0,18,0
7001,'4614',516,,11091,2,,,0,106,,11090,2,,,0,136,,11092,2,,,0,378,,11094,2,,,0,290,,11096,2,,,0,190,,11093,2,,,0,131,,11095,2,,,0
7001,'4619',1855,,11097,2,,,0,152,,11098,2,,,0
7001,'5544',803,,11103,2,,,0,148,,11100,2,,,0,156,,11099,2,,,0,315,,11101,2,,,0,380,,11102,2,,,0
7001,'5547',706,,11111,2,,,0,97,,11107,2,,,0,148,,11109,2,,,0,156,,11105,2,,,0,315,,11106,2,,,0,178,,11104,2,,,0,202,,11108,2,,,0,205,,11110,2,,,0
7801,'4614',606,,11252,2,0,15 16 2,0,100,,11253,2,0,15 16 2,0,230,,11254,2,0,15 16 2,0,604,,11255,2,0,15 16 2,0,269,,11256,2,0,15 16 2,0
