3101,'4614',713,,10788,28,,,0,90,,10789,28,,,0,110,,10790,28,,,0,100,,10791,28,,,0,100,,10792,28,,,0,100,,10794,28,,,0,100,,10795,28,,,0,100,,10796,28,,,0,100,,10793,28,,,0,45,,10797,28,,,0,155,,10798,28,,,0,100,,10799,28,,,0,100,,10800,28,,,0,100,,10801,28,,,0
3101,'5544',753,,10807,28,,,0,190,,10803,28,,,0,170,,10809,28,,,0,100,,10804,28,,,0,100,,10806,28,,,0,100,,10810,28,,,0,100,,10808,28,,,0,100,,10802,28,,,0,130,,10805,28,,,0,170,,10811,28,,,0
3101,'5547',713,,10816,28,,,0,100,,10820,28,,,0,100,,10822,28,,,0,100,,10823,28,,,0,100,,10821,28,,,0,100,,10814,28,,,0,100,,10817,28,,,0,100,,10812,28,,,0,100,,10813,28,,,0,100,,10818,28,,,0,100,,10815,28,,,0,100,,10819,28,,,0,100,,10824,28,,,0
4001,'4614',704,,10973,53,,,0,34,,10974,53,,,0,75,,10976,53,,,0,15,,10978,53,,,0,15,,10975,53,,,0,57,,10979,53,,,0,12,,10953,53,,,0,15,,10980,53,,,0,15,,10955,53,,,0,16,,10981,53,,,0,54,,10954,53,,,0,16,,10982,53,,,0,15,,10956,53,,,0,15,,10983,53,,,0,55,,10957,53,,,0,15,,10984,53,,,0,17,,10958,53,,,0,55,,10985,53,,,0,15,,10959,53,,,0,15,,10986,53,,,0,15,,10960,53,,,0,55,,10987,53,,,0,16,,10961,53,,,0,15,,10988,53,,,0,16,,10962,53,,,0,55,,10989,53,,,0,15,,10963,53,,,0,18,,10990,53,,,0,15,,10964,53,,,0,50,,10991,53,,,0,10,,10992,53,,,0,11,,10965,53,,,0,10,,10993,53,,,0,20,,10966,53,,,0,59,,10995,53,,,0,10,,10968,53,,,0,10,,10994,53,,,0,10,,10996,53,,,0,9,,10967,53,,,0,60,,10997,53,,,0,10,,10969,53,,,0,13,,10998,53,,,0,14,,10977,53,,,0,55,,10999,53,,,0,14,,10971,53,,,0,14,,11000,53,,,0,14,,10970,53,,,0,15,,11001,53,,,0,55,,10972,53,,,0,15,,11002,53,,,0,14,,10952,53,,,0,69,,10951,53,,,0,31,,10950,53,,,0,68,,10946,53,,,0,28,,10949,53,,,0,69,,10945,53,,,0,29,,10948,53,,,0,68,,10944,53,,,0,29,,10947,53,,,0,70,,10943,53,,,0,30,,11003,53,,,0
4001,'4619',1600,,11005,53,,,0
4001,'5289',1541,,11006,53,,,0,59,,11007,53,,,0,59,,11008,53,,,0
4001,'5299',1600,,11009,53,,,0
4001,'5544',737,,11010,53,,,0,106,,11012,53,,,0,102,,11014,53,,,0,100,,11016,53,,,0,70,,11017,53,,,0,30,,11018,53,,,0,71,,11019,53,,,0,31,,11020,53,,,0,70,,11021,53,,,0,30,,11022,53,,,0,71,,11023,53,,,0,28,,11024,53,,,0,69,,11025,53,,,0,30,,11026,53,,,0,70,,11027,53,,,0,30,,11028,53,,,0,70,,11029,53,,,0,30,,11030,53,,,0,67,,11031,53,,,0,30,,11032,53,,,0,70,,11033,53,,,0,29,,11015,53,,,0,69,,11013,53,,,0,30,,11011,53,,,0
4001,'5547',739,,11034,53,,,0,104,,11035,53,,,0,71,,11036,53,,,0,31,,11037,53,,,0,71,,11038,53,,,0,30,,11039,53,,,0,70,,11040,53,,,0,31,,11041,53,,,0,70,,11042,53,,,0,30,,11043,53,,,0,70,,11044,53,,,0,30,,11045,53,,,0,70,,11046,53,,,0,30,,11047,53,,,0,70,,11048,53,,,0,30,,11049,53,,,0,70,,11050,53,,,0,30,,11051,53,,,0,70,,11052,53,,,0,28,,11053,53,,,0,70,,11054,53,,,0,29,,11055,53,,,0,69,,11056,53,,,0,30,,11057,53,,,0,69,,11058,53,,,0,30,,11059,53,,,0,69,,11060,53,,,0,30,,11061,53,,,0,98,,11062,53,,,0,98,,11063,53,,,0,99,,11064,53,,,0
4001,'5568',1541,,11065,53,,,0,118,,11066,53,,,0
1002001,'4614',735,,11410,49,,,0,183,,11411,66,,,0,84,,11412,49,,,0,124,,11413,49,,,0,100,,11406,49,,,0,102,,11407,49,,,0,114,,11414,66,,,0,98,,11408,66,,,0,97,,11409,66,,,0,98,,11415,66,,,0,99,,11416,66,,,0,98,,11417,66,,,0,199,,11418,66,,,0,197,,11419,66,,,0
1002001,'5544',933,,11420,66,,,0,201,,11421,66,,,0,202,,11422,66,,,0,199,,11423,66,,,0,200,,11424,66,,,0,199,,11426,66,,,0,198,,11425,66,,,0
1002001,'5547',801,,11440,66,,,0,132,,11427,66,,,0,100,,11428,66,,,0,100,,11429,66,,,0,100,,11430,66,,,0,101,,11439,66,,,0,100,,11431,66,,,0,100,,11432,66,,,0,100,,11433,66,,,0,99,,11434,66,,,0,100,,11435,66,,,0,99,,11436,66,,,0,200,,11437,66,,,0,197,,11438,66,,,0
