600,'4614',648,,10163,6,,,0,102,,10153,6,,,0,109,,10156,6,,,0,97,,10168,6,,,0,100,,10161,6,,,0,100,,10152,6,,,0,144,,10162,6,,,0,102,,10154,6,,,0,105,,10155,6,,,0,99,,10158,6,,,0,100,,10167,6,,,0,97,,10159,6,,,0,98,,10157,6,,,0,100,,10160,6,,,0,99,,10164,6,,,0,100,,10165,6,,,0,100,,10166,6,,,0
600,'5544',655,,10170,6,,,0,94,,10178,6,,,0,106,,10177,6,,,0,100,,10175,6,,,0,100,,10182,6,,,0,100,,10172,6,,,0,101,,10179,6,,,0,103,,10169,6,,,0,141,,10176,6,,,0,100,,10174,6,,,0,101,,10181,6,,,0,100,,10180,6,,,0,100,,10173,6,,,0,100,,10171,6,,,0
600,'5547',647,,10188,6,,,0,102,,10191,6,,,0,106,,10198,6,,,0,100,,10185,6,,,0,101,,10195,6,,,0,100,,10186,6,,,0,144,,10189,6,,,0,100,,10190,6,,,0,101,,10192,6,,,0,101,,10194,6,,,0,100,,10183,6,,,0,99,,10187,6,,,0,100,,10199,6,,,0,100,,10184,6,,,0,100,,10196,6,,,0,99,,10197,6,,,0,100,,10193,6,,,0
801,'4614',550,,10314,4,0,18,0,99,,10303,4,0,18,0,106,,10306,4,0,18,0,96,,10317,4,0,18,0,101,,10313,4,0,18,0,100,,10302,4,0,18,0,104,,10312,4,0,18,0,102,,10305,4,0,18,0,100,,10304,4,0,18,0,99,,10308,4,0,18,0,101,,10307,4,0,18,0,101,,10318,4,0,18,0,99,,10310,4,0,18,0,100,,10311,4,0,18,0,100,,10309,4,0,18,0,100,,10315,4,0,18,0,101,,10316,4,0,18,0,100,,10319,4,0,18,0
801,'5289',1517,,10321,4,0,18,0
801,'5544',751,,10327,4,0,18,0,101,,10334,4,0,18,0,99,,10325,4,0,18,0,101,,10329,4,0,18,0,105,,10328,4,0,18,0,101,,10330,4,0,18,0,101,,10331,4,0,18,0,141,,10324,4,0,18,0,100,,10335,4,0,18,0,100,,10322,4,0,18,0,100,,10323,4,0,18,0,59,,10333,4,0,18,0,100,,10332,4,0,18,0
801,'5547',649,,10337,4,0,18,0,102,,10350,4,0,18,0,101,,10338,4,0,18,0,99,,10339,4,0,18,0,101,,10340,4,0,18,0,105,,10348,4,0,18,0,101,,10349,4,0,18,0,101,,10341,4,0,18,0,141,,10342,4,0,18,0,100,,10343,4,0,18,0,100,,10351,4,0,18,0,100,,10344,4,0,18,0,59,,10336,4,0,18,0,100,,10345,4,0,18,0,100,,10346,4,0,18,0,100,,10347,4,0,18,0
801,'5568',1417,,10352,4,0,18,0
4001,'4614',625,,10973,6,,,0,31,,10974,6,,,0,70,,10976,6,,,0,15,,10978,6,,,0,16,,10975,6,,,0,56,,10979,6,,,0,14,,10953,6,,,0,17,,10980,6,,,0,15,,10955,6,,,0,56,,10981,6,,,0,15,,10954,6,,,0,15,,10982,6,,,0,55,,10956,6,,,0,15,,10983,6,,,0,15,,10957,6,,,0,15,,10984,6,,,0,55,,10958,6,,,0,15,,10985,6,,,0,15,,10959,6,,,0,15,,10986,6,,,0,55,,10960,6,,,0,15,,10987,6,,,0,15,,10961,6,,,0,15,,10988,6,,,0,55,,10962,6,,,0,15,,10989,6,,,0,15,,10963,6,,,0,15,,10990,6,,,0,55,,10964,6,,,0,11,,10991,6,,,0,10,,10992,6,,,0,10,,10965,6,,,0,10,,10993,6,,,0,60,,10966,6,,,0,20,,10995,6,,,0,11,,10968,6,,,0,10,,10994,6,,,0,10,,10996,6,,,0,50,,10967,6,,,0,20,,10997,6,,,0,10,,10969,6,,,0,14,,10998,6,,,0,55,,10977,6,,,0,15,,10999,6,,,0,15,,10971,6,,,0,15,,11000,6,,,0,55,,10970,6,,,0,15,,11001,6,,,0,15,,10972,6,,,0,15,,11002,6,,,0,55,,10952,6,,,0,30,,10951,6,,,0,71,,10950,6,,,0,29,,10946,6,,,0,70,,10949,6,,,0,30,,10945,6,,,0,69,,10948,6,,,0,30,,10944,6,,,0,70,,10947,6,,,0,30,,10943,6,,,0,70,,11003,6,,,0
4001,'4619',1511,,11005,6,,,0
4001,'5289',1451,,11006,6,,,0,60,,11007,6,,,0,101,,11008,6,,,0
4001,'5299',1511,,11009,6,,,0
4001,'5544',700,,11010,6,,,0,101,,11012,6,,,0,100,,11014,6,,,0,100,,11016,6,,,0,30,,11017,6,,,0,70,,11018,6,,,0,30,,11019,6,,,0,70,,11020,6,,,0,30,,11021,6,,,0,70,,11022,6,,,0,30,,11023,6,,,0,70,,11024,6,,,0,30,,11025,6,,,0,70,,11026,6,,,0,30,,11027,6,,,0,70,,11028,6,,,0,30,,11029,6,,,0,70,,11030,6,,,0,30,,11031,6,,,0,70,,11032,6,,,0,30,,11033,6,,,0,70,,11015,6,,,0,30,,11013,6,,,0,70,,11011,6,,,0
4001,'5547',700,,11034,6,,,0,101,,11035,6,,,0,30,,11036,6,,,0,70,,11037,6,,,0,30,,11038,6,,,0,70,,11039,6,,,0,30,,11040,6,,,0,69,,11041,6,,,0,30,,11042,6,,,0,29,,11043,6,,,0,70,,11044,6,,,0,30,,11045,6,,,0,70,,11046,6,,,0,30,,11047,6,,,0,70,,11048,6,,,0,71,,11049,6,,,0,30,,11050,6,,,0,71,,11051,6,,,0,30,,11052,6,,,0,70,,11053,6,,,0,30,,11054,6,,,0,70,,11055,6,,,0,30,,11056,6,,,0,70,,11057,6,,,0,30,,11058,6,,,0,70,,11059,6,,,0,30,,11060,6,,,0,70,,11061,6,,,0,100,,11062,6,,,0,100,,11063,6,,,0,100,,11064,6,,,0
4001,'5568',1451,,11065,6,,,0,161,,11066,6,,,0
