2001,'4614',706,,10575,39,,,0,106,,10581,56,,,0,2,,10582,20,,,0,27,,10574,56,,,0,87,,10569,39,,,0,100,,10580,56,,,0,21,,10570,39,,,0,100,,10579,39,,,0,101,,10576,39,,,0,100,,10577,39,,,0,155,,10578,56,,,0,346,,10571,39,,,0,373,,10572,56,,,0,196,,10573,56,,,0
2001,'5289',1654,,10583,39,,,0
2001,'5299',1555,,10586,39,,,0,198,,10584,39,,,0,271,,10585,56,,,0
2001,'5544',811,,10592,39,,,0,202,,10587,39,,,0,201,,10589,39,,,0,200,,10588,39,,,0,201,,10590,39,,,0,198,,10591,39,,,0
2001,'5547',856,,10604,56,,,0,97,,10599,39,,,0,100,,10603,39,,,0,100,,10600,39,,,0,101,,10593,39,,,0,100,,10602,39,,,0,100,,10606,39,,,0,100,,10596,39,,,0,98,,10601,39,,,0,100,,10597,39,,,0,99,,10594,39,,,0,174,,10605,56,,,0,200,,10598,56,,,0,195,,10595,56,,,0
2001,'5567',1555,,10609,39,,,0,198,,10607,39,,,0,271,,10608,56,,,0
2001,'5568',1654,,10610,39,,,0
1002001,'4614',727,,11410,39,,,0,183,,11411,56,,,0,44,,11412,39,,,0,164,,11413,39,,,0,100,,11406,39,,,0,102,,11407,39,,,0,113,,11414,56,,,0,99,,11408,56,,,0,97,,11409,56,,,0,98,,11415,56,,,0,100,,11416,56,,,0,98,,11417,56,,,0,199,,11418,56,,,0,198,,11419,56,,,0
1002001,'5544',925,,11420,56,,,0,201,,11421,56,,,0,202,,11422,56,,,0,199,,11423,56,,,0,200,,11424,56,,,0,199,,11426,56,,,0,198,,11425,56,,,0
1002001,'5547',753,,11440,56,,,0,172,,11427,56,,,0,100,,11428,56,,,0,100,,11429,56,,,0,100,,11430,56,,,0,101,,11439,56,,,0,100,,11431,56,,,0,100,,11432,56,,,0,100,,11433,56,,,0,100,,11434,56,,,0,100,,11435,56,,,0,99,,11436,56,,,0,200,,11437,56,,,0,198,,11438,56,,,0
