2001,'4614',643,,10575,5,,,0,85,,10581,5,0,9 10 11,0,30,,10574,5,0,9 10 11,0,145,,10569,5,,,0,45,,10580,5,0,9 10 11,0,75,,10570,5,,,0,100,,10579,5,,,0,101,,10576,5,,,0,100,,10577,5,,,0,97,,10578,5,0,9 10 11,0,407,,10571,5,,,0,320,,10572,5,0,9 10 11,0,200,,10573,5,0,9 10 11,0
2001,'5289',1629,,10583,5,,,0
2001,'5299',1529,,10586,5,,,0,200,,10584,5,,,0,219,,10585,5,0,9 10 11,0
2001,'5544',748,,10592,5,,,0,201,,10587,5,,,0,200,,10589,5,,,0,200,,10588,5,,,0,201,,10590,5,,,0,199,,10591,5,,,0
2001,'5547',818,,10604,5,0,9 10 11,0,110,,10599,5,,,0,100,,10603,5,,,0,100,,10600,5,,,0,101,,10593,5,,,0,100,,10602,5,,,0,100,,10606,5,,,0,100,,10596,5,,,0,100,,10601,5,,,0,100,,10597,5,,,0,99,,10594,5,,,0,120,,10605,5,0,9 10 11,0,200,,10598,5,0,9 10 11,0,200,,10595,5,0,9 10 11,0
2001,'5567',1529,,10609,5,,,0,200,,10607,5,,,0,219,,10608,5,0,9 10 11,0
2001,'5568',1629,,10610,5,,,0
2501,'4614',817,,10626,5,,,0,302,,10627,6,,,0,139,,10628,5,,,0,261,,10629,6,,,0,400,,10630,6,,,0,90,,10631,5,,,0
2501,'5544',817,,10632,5,,,0,302,,10633,6,,,0,400,,10634,6,,,0,200,,10636,6,,,0,200,,10635,6,,,0
2501,'5547',817,,10638,5,,,0,302,,10640,6,,,0,400,,10639,6,,,0,200,,10641,6,,,0,200,,10637,6,,,0
1002001,'4614',703,,11410,5,,,0,125,,11411,5,,,0,100,,11412,5,,,0,125,,11413,5,,,0,100,,11406,5,,,0,101,,11407,5,,,0,95,,11414,5,,,0,100,,11408,5,,,0,100,,11409,5,,,0,100,,11415,5,,,0,100,,11416,5,,,0,99,,11417,5,,,0,200,,11418,5,,,0,200,,11419,5,,,0
1002001,'5544',848,,11420,5,,,0,201,,11421,5,,,0,200,,11422,5,,,0,200,,11423,5,,,0,200,,11424,5,,,0,199,,11426,5,,,0,200,,11425,5,,,0
1002001,'5547',718,,11440,5,,,0,130,,11427,5,,,0,100,,11428,5,,,0,100,,11429,5,,,0,100,,11430,5,,,0,101,,11439,5,,,0,100,,11431,5,,,0,100,,11432,5,,,0,100,,11433,5,,,0,100,,11434,5,,,0,100,,11435,5,,,0,99,,11436,5,,,0,200,,11437,5,,,0,200,,11438,5,,,0
