2000,'4614',623,,10541,55,,,0,103,,10542,55,,,0,108,,10543,55,,,0,80,,10536,38,,,0,100,,10549,38,,,0,101,,10544,38,,,0,102,,10545,38,,,0,100,,10546,38,,,0,100,,10537,38,,,0,206,,10547,38,,,0,97,,10548,38,,,0,98,,10538,38,,,0,203,,10539,55,,,0,197,,10540,55,,,0
2000,'5544',924,,10550,55,,,0,203,,10553,55,,,0,202,,10552,55,,,0,201,,10554,55,,,0,200,,10551,55,,,0,292,,10555,55,,,0
2000,'5547',814,,10568,38,,,0,100,,10564,38,,,0,102,,10563,38,,,0,101,,10565,38,,,0,100,,10556,38,,,0,100,,10557,38,,,0,100,,10559,38,,,0,101,,10567,38,,,0,100,,10560,38,,,0,100,,10558,38,,,0,96,,10562,38,,,0,207,,10561,55,,,0,198,,10566,55,,,0
2500,'4614',800,,10611,20,0,5,0,247,,10612,20,,,0,193,,10613,20,0,5,0,212,,10614,20,,,0,401,,10615,20,,,0
2500,'5544',759,,10616,20,0,5,0,289,,10617,20,,,0,399,,10618,20,,,0,200,,10620,20,,,0,201,,10619,20,,,0
2500,'5547',759,,10622,20,0,5,0,289,,10624,20,,,0,399,,10623,20,,,0,200,,10625,20,,,0,201,,10621,20,,,0
1002000,'4614',644,,11372,44,,,0,114,,11373,44,,,0,100,,11379,61,,,0,88,,11374,44,,,0,101,,11366,44,,,0,101,,11367,44,,,0,153,,11368,61,,,0,48,,11369,44,,,0,159,,11375,61,,,0,35,,11370,44,,,0,68,,11371,61,,,0,144,,11376,61,,,0,366,,11377,61,,,0,199,,11378,61,,,0
1002000,'5299',1658,,11380,61,,,0,268,,11381,61,,,0
1002000,'5544',727,,11382,61,,,0,100,,11388,61,,,0,190,,11383,44,,,0,201,,11384,44,,,0,200,,11385,44,,,0,202,,11386,44,,,0,199,,11387,44,,,0
1002000,'5547',651,,11391,61,,,0,101,,11403,61,,,0,100,,11390,61,,,0,100,,11392,61,,,0,101,,11393,61,,,0,101,,11394,61,,,0,100,,11395,61,,,0,100,,11396,61,,,0,101,,11397,61,,,0,100,,11402,61,,,0,100,,11398,61,,,0,98,,11399,61,,,0,173,,11400,61,,,0,196,,11401,61,,,0,198,,11389,61,,,0
1002000,'5567',1658,,11404,61,,,0,268,,11405,61,,,0
