601,'4614',636,,10204,22,,,0,96,,10215,22,,,0,93,,10203,22,,,0,15,,10212,22,,,0,106,,10200,22,,,0,97,,10210,22,,,0,100,,10202,22,,,0,104,,10201,22,,,0,101,,10216,22,,,0,105,,10205,22,,,0,106,,10207,22,,,0,99,,10208,22,,,0,100,,10217,22,,,0,91,,10206,22,,,0,100,,10218,22,,,0,100,,10209,22,,,0,100,,10211,22,,,0,100,,10213,22,,,0,100,,10214,22,,,0
601,'5544',739,,10223,22,,,0,207,,10229,22,,,0,100,,10219,22,,,0,101,,10225,22,,,0,100,,10220,22,,,0,99,,10230,22,,,0,100,,10222,22,,,0,102,,10226,22,,,0,100,,10221,22,,,0,101,,10228,22,,,0,100,,10227,22,,,0,100,,10224,22,,,0
601,'5547',739,,10239,22,,,0,106,,10246,22,,,0,101,,10240,22,,,0,100,,10237,22,,,0,99,,10241,22,,,0,101,,10238,22,,,0,101,,10236,22,,,0,100,,10231,22,,,0,101,,10233,22,,,0,101,,10234,22,,,0,100,,10247,22,,,0,101,,10235,22,,,0,100,,10232,22,,,0,100,,10244,22,,,0,100,,10245,22,,,0,99,,10242,22,,,0,102,,10243,22,,,0
4001,'4614',628,,10973,9,,,0,31,,10974,9,,,0,71,,10976,9,,,0,15,,10978,9,,,0,56,,10975,9,,,0,16,,10979,9,,,0,14,,10953,9,,,0,17,,10980,9,,,0,55,,10955,9,,,0,16,,10981,9,,,0,15,,10954,9,,,0,15,,10982,9,,,0,55,,10956,9,,,0,15,,10983,9,,,0,15,,10957,9,,,0,15,,10984,9,,,0,55,,10958,9,,,0,15,,10985,9,,,0,15,,10959,9,,,0,15,,10986,9,,,0,55,,10960,9,,,0,15,,10987,9,,,0,15,,10961,9,,,0,15,,10988,9,,,0,55,,10962,9,,,0,15,,10989,9,,,0,15,,10963,9,,,0,15,,10990,9,,,0,55,,10964,9,,,0,11,,10991,9,,,0,10,,10992,9,,,0,10,,10965,9,,,0,10,,10993,9,,,0,60,,10966,9,,,0,20,,10995,9,,,0,11,,10968,9,,,0,10,,10994,9,,,0,10,,10996,9,,,0,50,,10967,9,,,0,20,,10997,9,,,0,10,,10969,9,,,0,14,,10998,9,,,0,55,,10977,9,,,0,15,,10999,9,,,0,15,,10971,9,,,0,15,,11000,9,,,0,55,,10970,9,,,0,15,,11001,9,,,0,15,,10972,9,,,0,15,,11002,9,,,0,54,,10952,9,,,0,30,,10951,9,,,0,71,,10950,9,,,0,29,,10946,9,,,0,69,,10949,9,,,0,30,,10945,9,,,0,69,,10948,9,,,0,30,,10944,9,,,0,70,,10947,9,,,0,30,,10943,9,,,0,70,,11003,9,,,0
4001,'4619',1515,,11005,9,,,0
4001,'5289',1455,,11006,9,,,0,60,,11007,9,,,0,101,,11008,9,,,0
4001,'5299',1515,,11009,9,,,0
4001,'5544',703,,11010,9,,,0,101,,11012,9,,,0,100,,11014,9,,,0,100,,11016,9,,,0,30,,11017,9,,,0,70,,11018,9,,,0,31,,11019,9,,,0,70,,11020,9,,,0,30,,11021,9,,,0,70,,11022,9,,,0,30,,11023,9,,,0,70,,11024,9,,,0,30,,11025,9,,,0,70,,11026,9,,,0,30,,11027,9,,,0,70,,11028,9,,,0,30,,11029,9,,,0,70,,11030,9,,,0,30,,11031,9,,,0,70,,11032,9,,,0,30,,11033,9,,,0,70,,11015,9,,,0,30,,11013,9,,,0,70,,11011,9,,,0
4001,'5547',703,,11034,9,,,0,101,,11035,9,,,0,30,,11036,9,,,0,70,,11037,9,,,0,30,,11038,9,,,0,70,,11039,9,,,0,30,,11040,9,,,0,70,,11041,9,,,0,30,,11042,9,,,0,69,,11043,9,,,0,30,,11044,9,,,0,70,,11045,9,,,0,30,,11046,9,,,0,70,,11047,9,,,0,30,,11048,9,,,0,71,,11049,9,,,0,30,,11050,9,,,0,71,,11051,9,,,0,30,,11052,9,,,0,70,,11053,9,,,0,30,,11054,9,,,0,70,,11055,9,,,0,30,,11056,9,,,0,70,,11057,9,,,0,30,,11058,9,,,0,70,,11059,9,,,0,29,,11060,9,,,0,70,,11061,9,,,0,99,,11062,9,,,0,100,,11063,9,,,0,100,,11064,9,,,0
4001,'5568',1455,,11065,9,,,0,161,,11066,9,,,0
