2001,'4614',656,,10575,22,,,0,102,,10581,39,,,0,42,,10582,3,,,0,30,,10574,39,,,0,88,,10569,22,,,0,99,,10580,39,,,0,21,,10570,22,,,0,100,,10579,22,,,0,101,,10576,22,,,0,100,,10577,22,,,0,114,,10578,39,,,0,389,,10571,22,,,0,373,,10572,39,,,0,196,,10573,39,,,0
2001,'5289',1644,,10583,22,,,0
2001,'5299',1544,,10586,22,,,0,200,,10584,22,,,0,271,,10585,39,,,0
2001,'5544',801,,10592,22,,,0,202,,10587,22,,,0,201,,10589,22,,,0,200,,10588,22,,,0,201,,10590,22,,,0,199,,10591,22,,,0
2001,'5547',846,,10604,39,,,0,97,,10599,22,,,0,100,,10603,22,,,0,100,,10600,22,,,0,101,,10593,22,,,0,100,,10602,22,,,0,100,,10606,22,,,0,100,,10596,22,,,0,99,,10601,22,,,0,100,,10597,22,,,0,99,,10594,22,,,0,174,,10605,39,,,0,200,,10598,39,,,0,195,,10595,39,,,0
2001,'5567',1544,,10609,22,,,0,200,,10607,22,,,0,271,,10608,39,,,0
2001,'5568',1644,,10610,22,,,0
1002001,'4614',716,,11410,22,,,0,143,,11411,39,,,0,84,,11412,22,,,0,165,,11413,22,,,0,100,,11406,22,,,0,101,,11407,22,,,0,111,,11414,39,,,0,101,,11408,39,,,0,98,,11409,39,,,0,99,,11415,39,,,0,100,,11416,39,,,0,98,,11417,39,,,0,199,,11418,39,,,0,198,,11419,39,,,0
1002001,'5544',916,,11420,39,,,0,201,,11421,39,,,0,201,,11422,39,,,0,200,,11423,39,,,0,200,,11424,39,,,0,199,,11426,39,,,0,198,,11425,39,,,0
1002001,'5547',744,,11440,39,,,0,172,,11427,39,,,0,100,,11428,39,,,0,100,,11429,39,,,0,100,,11430,39,,,0,101,,11439,39,,,0,100,,11431,39,,,0,100,,11432,39,,,0,100,,11433,39,,,0,100,,11434,39,,,0,100,,11435,39,,,0,99,,11436,39,,,0,200,,11437,39,,,0,198,,11438,39,,,0
