2501,'4614',836,,10626,21,,,0,301,,10627,22,,,0,179,,10628,21,,,0,223,,10629,22,,,0,397,,10630,22,,,0,90,,10631,21,,,0
2501,'5544',835,,10632,21,,,0,303,,10633,22,,,0,400,,10634,22,,,0,200,,10636,22,,,0,200,,10635,22,,,0
2501,'5547',835,,10638,21,,,0,303,,10640,22,,,0,400,,10639,22,,,0,200,,10641,22,,,0,200,,10637,22,,,0
4001,'4614',643,,10973,27,,,0,72,,10974,27,,,0,33,,10976,27,,,0,55,,10978,27,,,0,17,,10975,27,,,0,17,,10979,27,,,0,13,,10953,27,,,0,55,,10980,27,,,0,15,,10955,27,,,0,16,,10981,27,,,0,14,,10954,27,,,0,56,,10982,27,,,0,15,,10956,27,,,0,15,,10983,27,,,0,15,,10957,27,,,0,55,,10984,27,,,0,16,,10958,27,,,0,15,,10985,27,,,0,15,,10959,27,,,0,55,,10986,27,,,0,15,,10960,27,,,0,15,,10987,27,,,0,15,,10961,27,,,0,55,,10988,27,,,0,15,,10962,27,,,0,15,,10989,27,,,0,15,,10963,27,,,0,56,,10990,27,,,0,15,,10964,27,,,0,11,,10991,27,,,0,10,,10992,27,,,0,11,,10965,27,,,0,50,,10993,27,,,0,19,,11004,17,0,19 20 7,0,1,,10966,27,,,0,20,,10995,27,,,0,10,,10968,27,,,0,50,,10994,27,,,0,10,,10996,27,,,0,10,,10967,27,,,0,20,,10997,27,,,0,10,,10969,27,,,0,54,,10998,27,,,0,15,,10977,27,,,0,15,,10999,27,,,0,14,,10971,27,,,0,54,,11000,27,,,0,14,,10970,27,,,0,15,,11001,27,,,0,15,,10972,27,,,0,55,,11002,27,,,0,14,,10952,27,,,0,29,,10951,27,,,0,71,,10950,27,,,0,29,,10946,27,,,0,69,,10949,27,,,0,30,,10945,27,,,0,69,,10948,27,,,0,29,,10944,27,,,0,69,,10947,27,,,0,30,,10943,27,,,0,70,,11003,27,,,0
4001,'4619',1535,,11005,27,,,0
4001,'5289',1515,,11006,27,,,0,20,,11007,27,,,0,100,,11008,27,,,0
4001,'5299',1535,,11009,27,,,0
4001,'5544',717,,11010,27,,,0,103,,11012,27,,,0,101,,11014,27,,,0,100,,11016,27,,,0,30,,11017,27,,,0,70,,11018,27,,,0,31,,11019,27,,,0,71,,11020,27,,,0,30,,11021,27,,,0,70,,11022,27,,,0,30,,11023,27,,,0,69,,11024,27,,,0,30,,11025,27,,,0,70,,11026,27,,,0,30,,11027,27,,,0,70,,11028,27,,,0,30,,11029,27,,,0,70,,11030,27,,,0,28,,11031,27,,,0,70,,11032,27,,,0,30,,11033,27,,,0,70,,11015,27,,,0,30,,11013,27,,,0,70,,11011,27,,,0
4001,'5547',718,,11034,27,,,0,102,,11035,27,,,0,31,,11036,27,,,0,71,,11037,27,,,0,30,,11038,27,,,0,70,,11039,27,,,0,30,,11040,27,,,0,71,,11041,27,,,0,30,,11042,27,,,0,69,,11043,27,,,0,30,,11044,27,,,0,70,,11045,27,,,0,30,,11046,27,,,0,70,,11047,27,,,0,30,,11048,27,,,0,71,,11049,27,,,0,30,,11050,27,,,0,71,,11051,27,,,0,30,,11052,27,,,0,69,,11053,27,,,0,30,,11054,27,,,0,69,,11055,27,,,0,29,,11056,27,,,0,70,,11057,27,,,0,29,,11058,27,,,0,70,,11059,27,,,0,29,,11060,27,,,0,70,,11061,27,,,0,99,,11062,27,,,0,99,,11063,27,,,0,100,,11064,27,,,0
4001,'5568',1407,,11067,17,0,19 20 7,0,108,,11065,27,,,0,120,,11066,27,,,0
