900,'4614',652,,10370,59,,,0,81,,10369,59,,,0,80,,10367,59,,,0,33,,10368,59,,,0,69,,10363,52,,,0,30,,10355,45,,,0,170,,10354,52,,,0,38,,10353,38,,,0,62,,10371,45,,,0,100,,10356,59,,,0,100,,10358,52,,,0,100,,10357,59,,,0,100,,10359,38,,,0,100,,10360,45,,,0,101,,10361,59,,,0,29,,10372,59,,,0,69,,10373,59,,,0,28,,10362,59,,,0,159,,10364,52,,,0,101,,10365,45,,,0,56,,10366,52,,,0
900,'4619',1645,,10374,52,,,0
900,'4931',1645,,10375,52,,,0
900,'5544',916,,10380,59,,,0,100,,10378,59,,,0,130,,10383,59,,,0,170,,10384,45,,,0,100,,10382,59,,,0,101,,10376,59,,,0,99,,10385,59,,,0,100,,10377,59,,,0,100,,10379,45,,,0,121,,10386,59,,,0,172,,10381,59,,,0
900,'5547',816,,10387,59,,,0,100,,10389,59,,,0,100,,10390,59,,,0,100,,10395,45,,,0,31,,10392,59,,,0,69,,10402,59,,,0,100,,10391,45,,,0,100,,10400,59,,,0,100,,10394,59,,,0,100,,10393,59,,,0,101,,10397,59,,,0,98,,10388,45,,,0,97,,10396,59,,,0,19,,10401,45,,,0,75,,10399,45,,,0,97,,10398,59,,,0
3101,'4614',713,,10788,29,,,0,91,,10789,29,,,0,110,,10790,29,,,0,99,,10791,29,,,0,100,,10792,29,,,0,101,,10794,29,,,0,100,,10795,29,,,0,100,,10796,29,,,0,100,,10793,29,,,0,45,,10797,29,,,0,155,,10798,29,,,0,100,,10799,29,,,0,99,,10800,29,,,0,100,,10801,29,,,0
3101,'5544',753,,10807,29,,,0,190,,10803,29,,,0,170,,10809,29,,,0,100,,10804,29,,,0,100,,10806,29,,,0,100,,10810,29,,,0,100,,10808,29,,,0,100,,10802,29,,,0,130,,10805,29,,,0,170,,10811,29,,,0
3101,'5547',713,,10816,29,,,0,100,,10820,29,,,0,100,,10822,29,,,0,100,,10823,29,,,0,100,,10821,29,,,0,101,,10814,29,,,0,100,,10817,29,,,0,100,,10812,29,,,0,100,,10813,29,,,0,100,,10818,29,,,0,100,,10815,29,,,0,100,,10819,29,,,0,99,,10824,29,,,0
4001,'4614',705,,10973,54,,,0,33,,10974,54,,,0,75,,10976,54,,,0,15,,10978,54,,,0,15,,10975,54,,,0,58,,10979,54,,,0,12,,10953,54,,,0,15,,10980,54,,,0,15,,10955,54,,,0,15,,10981,54,,,0,54,,10954,54,,,0,16,,10982,54,,,0,15,,10956,54,,,0,15,,10983,54,,,0,55,,10957,54,,,0,15,,10984,54,,,0,17,,10958,54,,,0,55,,10985,54,,,0,16,,10959,54,,,0,15,,10986,54,,,0,15,,10960,54,,,0,55,,10987,54,,,0,16,,10961,54,,,0,15,,10988,54,,,0,16,,10962,54,,,0,55,,10989,54,,,0,15,,10963,54,,,0,17,,10990,54,,,0,15,,10964,54,,,0,50,,10991,54,,,0,10,,10992,54,,,0,11,,10965,54,,,0,10,,10993,54,,,0,20,,10966,54,,,0,60,,10995,54,,,0,10,,10968,54,,,0,10,,10994,54,,,0,10,,10996,54,,,0,9,,10967,54,,,0,60,,10997,54,,,0,10,,10969,54,,,0,13,,10998,54,,,0,14,,10977,54,,,0,55,,10999,54,,,0,13,,10971,54,,,0,14,,11000,54,,,0,14,,10970,54,,,0,15,,11001,54,,,0,55,,10972,54,,,0,15,,11002,54,,,0,14,,10952,54,,,0,69,,10951,54,,,0,31,,10950,54,,,0,69,,10946,54,,,0,28,,10949,54,,,0,69,,10945,54,,,0,29,,10948,54,,,0,68,,10944,54,,,0,29,,10947,54,,,0,70,,10943,54,,,0,30,,11003,54,,,0
4001,'4619',1601,,11005,54,,,0
4001,'5289',1541,,11006,54,,,0,60,,11007,54,,,0,99,,11008,54,,,0
4001,'5299',1601,,11009,54,,,0
4001,'5544',738,,11010,54,,,0,105,,11012,54,,,0,103,,11014,54,,,0,100,,11016,54,,,0,70,,11017,54,,,0,30,,11018,54,,,0,71,,11019,54,,,0,31,,11020,54,,,0,70,,11021,54,,,0,30,,11022,54,,,0,71,,11023,54,,,0,28,,11024,54,,,0,69,,11025,54,,,0,30,,11026,54,,,0,70,,11027,54,,,0,30,,11028,54,,,0,70,,11029,54,,,0,30,,11030,54,,,0,66,,11031,54,,,0,30,,11032,54,,,0,70,,11033,54,,,0,29,,11015,54,,,0,69,,11013,54,,,0,30,,11011,54,,,0
4001,'5547',740,,11034,54,,,0,103,,11035,54,,,0,72,,11036,54,,,0,31,,11037,54,,,0,71,,11038,54,,,0,30,,11039,54,,,0,70,,11040,54,,,0,31,,11041,54,,,0,70,,11042,54,,,0,30,,11043,54,,,0,70,,11044,54,,,0,30,,11045,54,,,0,70,,11046,54,,,0,30,,11047,54,,,0,70,,11048,54,,,0,30,,11049,54,,,0,70,,11050,54,,,0,29,,11051,54,,,0,70,,11052,54,,,0,28,,11053,54,,,0,70,,11054,54,,,0,29,,11055,54,,,0,69,,11056,54,,,0,30,,11057,54,,,0,69,,11058,54,,,0,30,,11059,54,,,0,69,,11060,54,,,0,30,,11061,54,,,0,98,,11062,54,,,0,99,,11063,54,,,0,99,,11064,54,,,0
4001,'5568',1541,,11065,54,,,0,159,,11066,54,,,0
1002001,'4614',736,,11410,50,,,0,183,,11411,67,,,0,84,,11412,50,,,0,124,,11413,50,,,0,100,,11406,50,,,0,102,,11407,50,,,0,114,,11414,67,,,0,98,,11408,67,,,0,97,,11409,67,,,0,98,,11415,67,,,0,98,,11416,67,,,0,98,,11417,67,,,0,199,,11418,67,,,0,198,,11419,67,,,0
1002001,'5544',933,,11420,67,,,0,201,,11421,67,,,0,203,,11422,67,,,0,198,,11423,67,,,0,200,,11424,67,,,0,199,,11426,67,,,0,198,,11425,67,,,0
1002001,'5547',801,,11440,67,,,0,132,,11427,67,,,0,100,,11428,67,,,0,100,,11429,67,,,0,101,,11430,67,,,0,101,,11439,67,,,0,99,,11431,67,,,0,100,,11432,67,,,0,100,,11433,67,,,0,99,,11434,67,,,0,100,,11435,67,,,0,99,,11436,67,,,0,200,,11437,67,,,0,198,,11438,67,,,0
