701,'4614',625,2,10255,21,,,0,99,2,10264,34,,,0,78,2,10254,34,,,0,30,2,10250,34,,,0,96,2,10252,34,,,0,100,2,10261,34,,,0,100,2,10267,34,,,0,94,,10249,34,,,0,103,,10253,34,,,0,102,,10257,34,,,0,100,,10251,34,,,0,131,,10258,34,,,0,70,,10265,34,,,0,27,,10268,34,,,0,70,,10260,34,,,0,29,,10266,34,,,0,69,,10256,34,,,0,100,,10259,34,,,0,100,,10262,34,,,0,100,,10263,34,,,0,100,,10248,34,,,0
701,'5289',1628,,10269,34,,,0
701,'5544',722,2,10275,34,,,0,102,2,10280,34,,,0,102,2,10282,34,,,0,100,2,10281,34,,,0,101,2,10276,34,,,0,95,,10274,34,,,0,102,,10273,34,,,0,101,,10277,34,,,0,101,,10271,34,,,0,100,,10283,34,,,0,100,,10279,34,,,0,100,,10278,34,,,0,98,,10272,34,,,0,100,,10270,34,,,0
701,'5547',722,2,10289,34,,,0,102,2,10299,34,,,0,102,2,10290,34,,,0,100,2,10294,34,,,0,101,2,10284,34,,,0,95,,10291,34,,,0,102,,10292,34,,,0,101,,10285,34,,,0,101,,10287,34,,,0,100,,10288,34,,,0,100,,10300,34,,,0,100,,10295,34,,,0,98,,10286,34,,,0,100,,10296,34,,,0,100,,10297,34,,,0,99,,10293,34,,,0,100,,10298,34,,,0
701,'5568',1628,,10301,34,,,0
801,'4614',625,2,10314,46,,,0,99,2,10303,46,,,0,78,2,10320,31,,,0,30,2,10306,46,,,0,96,2,10317,46,,,0,100,2,10313,46,,,0,100,2,10302,46,,,0,105,,10312,46,,,0,102,,10305,46,,,0,103,,10304,46,,,0,100,,10308,46,,,0,101,,10307,46,,,0,98,,10318,46,,,0,99,,10310,46,,,0,98,,10311,46,,,0,100,,10309,46,,,0,99,,10315,46,,,0,99,,10316,46,,,0,99,,10319,46,,,0
801,'5289',1558,,10321,46,4,,0
801,'5544',722,2,10326,31,,,0,102,2,10327,46,,,0,102,2,10334,46,,,0,100,2,10325,46,,,0,101,2,10329,46,,,0,105,,10328,46,,,0,102,,10330,46,,,0,101,,10331,46,,,0,101,,10324,46,,,0,100,,10335,46,,,0,100,,10322,46,,,0,100,,10323,46,,,0,99,,10333,46,,,0,100,,10332,46,,,0
801,'5547',722,2,10337,46,,,0,102,2,10350,46,,,0,102,2,10338,46,,,0,100,2,10339,46,,,0,101,2,10340,46,,,0,105,,10348,46,,,0,102,,10349,46,,,0,101,,10341,46,,,0,101,,10342,46,,,0,100,,10343,46,,,0,100,,10351,46,,,0,100,,10344,46,,,0,99,,10336,46,,,0,100,,10345,46,,,0,98,,10346,46,,,0,99,,10347,46,,,0
801,'5568',1458,,10352,46,4,,0
7000,'4614',709,,11070,9,,,0,110,,11068,9,,,0,191,,11071,9,,,0,327,,11069,9,,,0,292,,11074,9,,,0,193,,11072,9,,,0,125,,11073,9,,,0
7000,'4619',2054,,11076,9,,,0,146,,11075,9,,,0
7000,'5544',1007,,11081,9,,,0,150,,11077,9,,,0,171,,11078,9,,,0,309,,11079,9,,,0,317,,11080,9,,,0
7000,'5547',903,,11089,9,,,0,104,,11085,9,,,0,150,,11087,9,,,0,171,,11083,9,,,0,309,,11084,9,,,0,171,,11082,9,,,0,146,,11086,9,,,0,247,,11088,9,,,0
7801,'4614',635,,11252,13,,,0,102,,11253,13,,,0,269,,11254,13,,,0,604,,11255,13,,,0,228,,11256,13,,,0
