2000,'4614',605,,10541,33,0,9 12 2 5,0,101,,10542,33,0,9 12 2 5,0,107,,10543,33,0,9 12 2 5,0,1189,,10539,33,0,9 12 2 5,0,198,,10540,33,0,9 12 2 5,0
2000,'5544',907,,10550,33,0,9 12 2 5,0,202,,10553,33,0,9 12 2 5,0,201,,10552,33,0,9 12 2 5,0,202,,10554,33,0,9 12 2 5,0,200,,10551,33,0,9 12 2 5,0,294,,10555,33,0,9 12 2 5,0
2000,'5547',2003,,10561,33,0,9 12 2 5,0,198,,10566,33,0,9 12 2 5,0
2001,'4614',745,,10581,25,0,9 10 11,0,71,,10574,25,0,9 10 11,0,189,,10580,25,0,9 10 11,0,433,,10578,25,0,9 10 11,0,765,,10572,25,0,9 10 11,0,197,,10573,25,0,9 10 11,0
2001,'5299',2003,,10585,25,0,9 10 11,0
2001,'5547',834,,10604,25,0,9 10 11,0,1170,,10605,25,0,9 10 11,0,200,,10598,25,0,9 10 11,0,197,,10595,25,0,9 10 11,0
2001,'5567',2003,,10608,25,0,9 10 11,0
7201,'4614',723,,11182,28,,,0,30,,11183,28,,,0,70,,11184,28,,,0,33,,11185,28,,,0,71,,11186,28,,,0,30,,11187,28,,,0,70,,11188,28,,,0,30,,11189,28,,,0,70,,11190,28,,,0,29,,11191,28,,,0,70,,11192,28,,,0,30,,11193,28,,,0,70,,11194,28,,,0,30,,11195,28,,,0,69,,11196,28,,,0,30,,11197,28,,,0,70,,11198,28,,,0,30,,11199,28,,,0,70,,11200,28,,,0,31,,11201,28,,,0,70,,11202,28,,,0,30,,11203,28,,,0,70,,11204,28,,,0,30,,11205,28,,,0,70,,11206,28,,,0,100,,11207,28,,,0,100,,11208,28,,,0,100,,11209,28,,,0,131,,11210,28,,,0
7201,'5544',826,,11211,28,,,0,100,,11212,28,,,0,100,,11213,28,,,0,100,,11214,28,,,0,99,,11215,28,,,0,100,,11216,28,,,0,100,,11217,28,,,0,100,,11218,28,,,0,101,,11219,28,,,0,100,,11220,28,,,0,100,,11221,28,,,0,100,,11222,28,,,0,101,,11223,28,,,0
7201,'5547',727,,11230,28,,,0,99,,11231,28,,,0,100,,11232,28,,,0,30,,11233,28,,,0,70,,11234,28,,,0,30,,11235,28,,,0,70,,11236,28,,,0,30,,11237,28,,,0,70,,11238,28,,,0,30,,11239,28,,,0,70,,11240,28,,,0,30,,11241,28,,,0,70,,11242,28,,,0,30,,11243,28,,,0,70,,11244,28,,,0,30,,11245,28,,,0,70,,11246,28,,,0,30,,11247,28,,,0,70,,11248,28,,,0,30,,11249,28,,,0,70,,11250,28,,,0,30,,11251,28,,,0,70,,11224,28,,,0,100,,11225,28,,,0,100,,11226,28,,,0,100,,11227,28,,,0,100,,11228,28,,,0,101,,11229,28,,,0
9200,'4619',1425,,11284,29,,,0,2,,11283,29,,,0
9200,'5289',1534,,11286,29,,,0,2,,11285,29,,,0
9200,'5299',1441,,11287,29,,,0,2,,11288,29,,,0
1002000,'4614',838,,11379,39,,,0,403,,11368,39,,,0,206,,11375,39,,,0,103,,11371,39,,,0,185,,11376,39,,,0,368,,11377,39,,,0,199,,11378,39,,,0
1002000,'5299',1638,,11380,39,,,0,269,,11381,39,,,0
1002000,'5544',709,,11382,39,,,0,100,,11388,39,,,0
1002000,'5547',633,,11391,39,,,0,100,,11403,39,,,0,100,,11390,39,,,0,100,,11392,39,,,0,100,,11393,39,,,0,101,,11394,39,,,0,100,,11395,39,,,0,100,,11396,39,,,0,101,,11397,39,,,0,100,,11402,39,,,0,100,,11398,39,,,0,98,,11399,39,,,0,175,,11400,39,,,0,196,,11401,39,,,0,198,,11389,39,,,0
1002000,'5567',1638,,11404,39,,,0,269,,11405,39,,,0
1002001,'4614',845,,11411,25,,,0,561,,11414,25,,,0,100,,11408,25,,,0,100,,11409,25,,,0,100,,11415,25,,,0,100,,11416,25,,,0,98,,11417,25,,,0,199,,11418,25,,,0,199,,11419,25,,,0
1002001,'5544',904,,11420,25,,,0,201,,11421,25,,,0,201,,11422,25,,,0,200,,11423,25,,,0,200,,11424,25,,,0,199,,11426,25,,,0,199,,11425,25,,,0
1002001,'5547',733,,11440,25,,,0,171,,11427,25,,,0,100,,11428,25,,,0,100,,11429,25,,,0,100,,11430,25,,,0,101,,11439,25,,,0,100,,11431,25,,,0,100,,11432,25,,,0,100,,11433,25,,,0,100,,11434,25,,,0,100,,11435,25,,,0,99,,11436,25,,,0,200,,11437,25,,,0,198,,11438,25,,,0
