2001,'4614',658,,10575,26,,,0,143,,10581,43,,,0,2,,10582,7,,,0,29,,10574,43,,,0,88,,10569,26,,,0,99,,10580,43,,,0,21,,10570,26,,,0,100,,10579,26,,,0,101,,10576,26,,,0,100,,10577,26,,,0,114,,10578,43,,,0,388,,10571,26,,,0,373,,10572,43,,,0,196,,10573,43,,,0
2001,'5289',1646,,10583,26,,,0
2001,'5299',1546,,10586,26,,,0,199,,10584,26,,,0,271,,10585,43,,,0
2001,'5544',802,,10592,26,,,0,202,,10587,26,,,0,201,,10589,26,,,0,200,,10588,26,,,0,201,,10590,26,,,0,199,,10591,26,,,0
2001,'5547',847,,10604,43,,,0,97,,10599,26,,,0,100,,10603,26,,,0,100,,10600,26,,,0,101,,10593,26,,,0,100,,10602,26,,,0,100,,10606,26,,,0,100,,10596,26,,,0,99,,10601,26,,,0,100,,10597,26,,,0,99,,10594,26,,,0,174,,10605,43,,,0,200,,10598,43,,,0,196,,10595,43,,,0
2001,'5567',1546,,10609,26,,,0,199,,10607,26,,,0,271,,10608,43,,,0
2001,'5568',1646,,10610,26,,,0
1002001,'4614',718,,11410,26,,,0,183,,11411,43,,,0,44,,11412,26,,,0,165,,11413,26,,,0,100,,11406,26,,,0,101,,11407,26,,,0,111,,11414,43,,,0,101,,11408,43,,,0,98,,11409,43,,,0,98,,11415,43,,,0,100,,11416,43,,,0,98,,11417,43,,,0,199,,11418,43,,,0,198,,11419,43,,,0
1002001,'5544',917,,11420,43,,,0,201,,11421,43,,,0,201,,11422,43,,,0,200,,11423,43,,,0,200,,11424,43,,,0,199,,11426,43,,,0,198,,11425,43,,,0
1002001,'5547',745,,11440,43,,,0,172,,11427,43,,,0,100,,11428,43,,,0,100,,11429,43,,,0,100,,11430,43,,,0,101,,11439,43,,,0,100,,11431,43,,,0,100,,11432,43,,,0,100,,11433,43,,,0,100,,11434,43,,,0,100,,11435,43,,,0,99,,11436,43,,,0,200,,11437,43,,,0,198,,11438,43,,,0
