2001,'4614',700,,10575,30,,,0,104,,10581,47,,,0,2,,10582,11,,,0,28,,10574,47,,,0,88,,10569,30,,,0,99,,10580,47,,,0,21,,10570,30,,,0,100,,10579,30,,,0,101,,10576,30,,,0,100,,10577,30,,,0,115,,10578,47,,,0,388,,10571,30,,,0,373,,10572,47,,,0,196,,10573,47,,,0
2001,'5289',1648,,10583,30,,,0
2001,'5299',1548,,10586,30,,,0,200,,10584,30,,,0,271,,10585,47,,,0
2001,'5544',805,,10592,30,,,0,202,,10587,30,,,0,201,,10589,30,,,0,200,,10588,30,,,0,201,,10590,30,,,0,199,,10591,30,,,0
2001,'5547',850,,10604,47,,,0,97,,10599,30,,,0,100,,10603,30,,,0,100,,10600,30,,,0,101,,10593,30,,,0,100,,10602,30,,,0,100,,10606,30,,,0,100,,10596,30,,,0,99,,10601,30,,,0,100,,10597,30,,,0,99,,10594,30,,,0,174,,10605,47,,,0,200,,10598,47,,,0,195,,10595,47,,,0
2001,'5567',1548,,10609,30,,,0,200,,10607,30,,,0,271,,10608,47,,,0
2001,'5568',1648,,10610,30,,,0
1002001,'4614',720,,11410,30,,,0,183,,11411,47,,,0,44,,11412,30,,,0,165,,11413,30,,,0,100,,11406,30,,,0,101,,11407,30,,,0,112,,11414,47,,,0,100,,11408,47,,,0,98,,11409,47,,,0,99,,11415,47,,,0,100,,11416,47,,,0,98,,11417,47,,,0,199,,11418,47,,,0,198,,11419,47,,,0
1002001,'5544',920,,11420,47,,,0,201,,11421,47,,,0,201,,11422,47,,,0,200,,11423,47,,,0,200,,11424,47,,,0,199,,11426,47,,,0,198,,11425,47,,,0
1002001,'5547',748,,11440,47,,,0,172,,11427,47,,,0,100,,11428,47,,,0,100,,11429,47,,,0,100,,11430,47,,,0,101,,11439,47,,,0,100,,11431,47,,,0,100,,11432,47,,,0,100,,11433,47,,,0,100,,11434,47,,,0,100,,11435,47,,,0,99,,11436,47,,,0,200,,11437,47,,,0,198,,11438,47,,,0
