2000,'4614',556,,10541,18,0,9 12 2 5,0,100,,10542,18,0,9 12 2 5,0,103,,10543,18,0,9 12 2 5,0,99,,10536,18,,,0,100,,10549,18,,,0,100,,10544,18,,,0,101,,10545,18,,,0,100,,10546,18,,,0,100,,10537,18,,,0,246,,10547,18,,,0,97,,10548,18,,,0,99,,10538,18,,,0,151,,10539,18,0,9 12 2 5,0,199,,10540,18,0,9 12 2 5,0
2000,'5544',858,,10550,18,0,9 12 2 5,0,201,,10553,18,0,9 12 2 5,0,241,,10552,18,0,9 12 2 5,0,201,,10554,18,0,9 12 2 5,0,200,,10551,18,0,9 12 2 5,0,255,,10555,18,0,9 12 2 5,0
2000,'5547',758,,10568,18,,,0,100,,10564,18,,,0,101,,10563,18,,,0,141,,10565,18,,,0,100,,10556,18,,,0,100,,10557,18,,,0,100,,10559,18,,,0,101,,10567,18,,,0,100,,10560,18,,,0,100,,10558,18,,,0,57,,10562,18,,,0,195,,10561,18,0,9 12 2 5,0,198,,10566,18,0,9 12 2 5,0
9200,'4619',1411,,11284,14,,,0,2,,11283,14,,,0
9200,'5289',1520,,11286,14,,,0,2,,11285,14,,,0
9200,'5299',1426,,11287,14,,,0,2,,11288,14,,,0
1002000,'4614',628,,11372,24,,,0,112,,11373,24,,,0,87,,11379,24,,,0,103,,11374,24,,,0,100,,11366,24,,,0,100,,11367,24,,,0,101,,11368,24,,,0,100,,11369,24,,,0,104,,11375,24,,,0,89,,11370,24,,,0,15,,11371,24,,,0,185,,11376,24,,,0,330,,11377,24,,,0,199,,11378,24,,,0
1002000,'5299',1627,,11380,24,,,0,230,,11381,24,,,0
1002000,'5544',700,,11382,24,,,0,100,,11388,24,,,0,200,,11383,24,,,0,201,,11384,24,,,0,200,,11385,24,,,0,201,,11386,24,,,0,200,,11387,24,,,0
1002000,'5547',623,,11391,24,,,0,100,,11403,24,,,0,100,,11390,24,,,0,100,,11392,24,,,0,100,,11393,24,,,0,101,,11394,24,,,0,100,,11395,24,,,0,100,,11396,24,,,0,101,,11397,24,,,0,100,,11402,24,,,0,100,,11398,24,,,0,98,,11399,24,,,0,135,,11400,24,,,0,196,,11401,24,,,0,199,,11389,24,,,0
1002000,'5567',1627,,11404,24,,,0,230,,11405,24,,,0
