2000,'4614',621,,10541,53,,,0,103,,10542,53,,,0,108,,10543,53,,,0,80,,10536,36,,,0,100,,10549,36,,,0,101,,10544,36,,,0,102,,10545,36,,,0,100,,10546,36,,,0,100,,10537,36,,,0,206,,10547,36,,,0,97,,10548,36,,,0,98,,10538,36,,,0,203,,10539,53,,,0,197,,10540,53,,,0
2000,'5544',922,,10550,53,,,0,203,,10553,53,,,0,202,,10552,53,,,0,201,,10554,53,,,0,200,,10551,53,,,0,292,,10555,53,,,0
2000,'5547',812,,10568,36,,,0,100,,10564,36,,,0,102,,10563,36,,,0,101,,10565,36,,,0,100,,10556,36,,,0,100,,10557,36,,,0,100,,10559,36,,,0,101,,10567,36,,,0,100,,10560,36,,,0,100,,10558,36,,,0,96,,10562,36,,,0,207,,10561,53,,,0,198,,10566,53,,,0
2001,'4614',647,,10575,11,,,0,86,,10581,11,0,9 10 11,0,70,,10574,11,0,9 10 11,0,105,,10569,11,,,0,45,,10580,11,0,9 10 11,0,75,,10570,11,,,0,100,,10579,11,,,0,101,,10576,11,,,0,100,,10577,11,,,0,97,,10578,11,0,9 10 11,0,407,,10571,11,,,0,320,,10572,11,0,9 10 11,0,198,,10573,11,0,9 10 11,0
2001,'5289',1634,,10583,11,,,0
2001,'5299',1534,,10586,11,,,0,200,,10584,11,,,0,219,,10585,11,0,9 10 11,0
2001,'5544',752,,10592,11,,,0,202,,10587,11,,,0,200,,10589,11,,,0,200,,10588,11,,,0,201,,10590,11,,,0,199,,10591,11,,,0
2001,'5547',823,,10604,11,0,9 10 11,0,110,,10599,11,,,0,100,,10603,11,,,0,100,,10600,11,,,0,101,,10593,11,,,0,100,,10602,11,,,0,100,,10606,11,,,0,101,,10596,11,,,0,99,,10601,11,,,0,100,,10597,11,,,0,99,,10594,11,,,0,120,,10605,11,0,9 10 11,0,200,,10598,11,0,9 10 11,0,198,,10595,11,0,9 10 11,0
2001,'5567',1534,,10609,11,,,0,200,,10607,11,,,0,219,,10608,11,0,9 10 11,0
2001,'5568',1634,,10610,11,,,0
2500,'4614',758,5,10611,18,0,5,0,287,5,10612,18,,,0,193,5,10613,18,0,5,0,212,5,10614,18,,,0,401,5,10615,18,,,0
2500,'5544',757,5,10616,18,0,5,0,289,5,10617,18,,,0,399,5,10618,18,,,0,200,5,10620,18,,,0,201,5,10619,18,,,0
2500,'5547',757,5,10622,18,0,5,0,289,5,10624,18,,,0,399,5,10623,18,,,0,200,5,10625,18,,,0,201,5,10621,18,,,0
2501,'4614',826,5,10626,11,,,0,302,5,10627,12,,,0,179,5,10628,11,,,0,222,5,10629,12,,,0,399,5,10630,12,,,0,90,5,10631,11,,,0
2501,'5544',827,5,10632,11,,,0,303,5,10633,12,,,0,400,5,10634,12,,,0,200,5,10636,12,,,0,200,5,10635,12,,,0
2501,'5547',827,5,10638,11,,,0,303,5,10640,12,,,0,400,5,10639,12,,,0,200,5,10641,12,,,0,200,5,10637,12,,,0
1002000,'4614',642,,11372,42,,,0,114,,11373,42,,,0,100,,11379,59,,,0,88,,11374,42,,,0,101,,11366,42,,,0,101,,11367,42,,,0,113,,11368,59,,,0,88,,11369,42,,,0,159,,11375,59,,,0,35,,11370,42,,,0,68,,11371,59,,,0,144,,11376,59,,,0,366,,11377,59,,,0,199,,11378,59,,,0
1002000,'5299',1656,,11380,59,,,0,268,,11381,59,,,0
1002000,'5544',725,,11382,59,,,0,100,,11388,59,,,0,190,,11383,42,,,0,201,,11384,42,,,0,200,,11385,42,,,0,202,,11386,42,,,0,199,,11387,42,,,0
1002000,'5547',649,,11391,59,,,0,101,,11403,59,,,0,100,,11390,59,,,0,100,,11392,59,,,0,101,,11393,59,,,0,101,,11394,59,,,0,100,,11395,59,,,0,100,,11396,59,,,0,101,,11397,59,,,0,100,,11402,59,,,0,100,,11398,59,,,0,98,,11399,59,,,0,173,,11400,59,,,0,196,,11401,59,,,0,198,,11389,59,,,0
1002000,'5567',1656,,11404,59,,,0,268,,11405,59,,,0
1002001,'4614',707,,11410,11,,,0,126,,11411,11,,,0,100,,11412,11,,,0,125,,11413,11,,,0,100,,11406,11,,,0,101,,11407,11,,,0,95,,11414,11,,,0,100,,11408,11,,,0,100,,11409,11,,,0,100,,11415,11,,,0,100,,11416,11,,,0,99,,11417,11,,,0,200,,11418,11,,,0,199,,11419,11,,,0
1002001,'5544',853,,11420,11,,,0,201,,11421,11,,,0,200,,11422,11,,,0,200,,11423,11,,,0,200,,11424,11,,,0,199,,11426,11,,,0,200,,11425,11,,,0
1002001,'5547',722,,11440,11,,,0,131,,11427,11,,,0,100,,11428,11,,,0,100,,11429,11,,,0,100,,11430,11,,,0,101,,11439,11,,,0,100,,11431,11,,,0,100,,11432,11,,,0,100,,11433,11,,,0,100,,11434,11,,,0,100,,11435,11,,,0,99,,11436,11,,,0,200,,11437,11,,,0,199,,11438,11,,,0
