4000,'4614',557,,10854,4,,,0,70,,10855,4,,,0,15,,10881,4,,,0,15,,10856,4,,,0,55,,10880,4,,,0,8,,10882,4,0,6 7,0,7,,10857,4,,,0,7,,10883,4,0,6 7,0,4,,10886,4,0,6 7,0,5,,10879,4,,,0,8,,10884,4,0,6 7,0,7,,10858,4,,,0,48,,10885,4,0,6 7,0,7,,10878,4,,,0,15,,10832,4,,,0,15,,10859,4,,,0,15,,10833,4,,,0,55,,10860,4,,,0,15,,10834,4,,,0,15,,10861,4,,,0,15,,10835,4,,,0,55,,10862,4,,,0,15,,10836,4,,,0,15,,10863,4,,,0,15,,10837,4,,,0,55,,10864,4,,,0,15,,10838,4,,,0,15,,10865,4,,,0,15,,10839,4,,,0,55,,10866,4,,,0,15,,10840,4,,,0,15,,10867,4,,,0,15,,10841,4,,,0,55,,10868,4,,,0,15,,10842,4,,,0,15,,10869,4,,,0,15,,10844,4,,,0,55,,10870,4,,,0,15,,10843,4,,,0,15,,10871,4,,,0,15,,10845,4,,,0,55,,10872,4,,,0,15,,10846,4,,,0,15,,10873,4,,,0,15,,10847,4,,,0,55,,10874,4,,,0,15,,10848,4,,,0,15,,10875,4,,,0,15,,10849,4,,,0,70,,10850,4,,,0,15,,10876,4,,,0,15,,10851,4,,,0,70,,10852,4,,,0,30,,10853,4,,,0,70,,10828,4,,,0,30,,10829,4,,,0,70,,10827,4,,,0,30,,10830,4,,,0,70,,10826,4,,,0,30,,10831,4,,,0,70,,10825,4,,,0,29,,10877,4,,,0
4000,'4619',1713,,10887,4,,,0
4000,'4931',1713,,10888,4,,,0
4000,'5544',657,,10889,4,,,0,100,,10891,4,,,0,100,,10893,4,,,0,71,,10894,4,,,0,30,,10895,4,,,0,70,,10896,4,,,0,30,,10897,4,,,0,70,,10898,4,,,0,30,,10899,4,,,0,70,,10900,4,,,0,31,,10901,4,,,0,70,,10902,4,,,0,30,,10903,4,,,0,71,,10904,4,,,0,28,,10905,4,,,0,70,,10906,4,,,0,30,,10907,4,,,0,70,,10908,4,,,0,30,,10909,4,,,0,69,,10910,4,,,0,31,,10911,4,,,0,70,,10912,4,,,0,30,,10890,4,,,0,70,,10892,4,,,0
4000,'5547',627,,10938,4,,,0,100,,10939,4,,,0,30,,10940,4,,,0,70,,10941,4,,,0,30,,10942,4,,,0,71,,10925,4,,,0,30,,10922,4,,,0,70,,10920,4,,,0,30,,10930,4,,,0,70,,10937,4,,,0,31,,10915,4,,,0,70,,10921,4,,,0,30,,10916,4,,,0,70,,10933,4,,,0,30,,10919,4,,,0,70,,10914,4,,,0,30,,10931,4,,,0,70,,10926,4,,,0,30,,10913,4,,,0,70,,10923,4,,,0,29,,10924,4,,,0,70,,10929,4,,,0,30,,10927,4,,,0,70,,10932,4,,,0,30,,10935,4,,,0,70,,10918,4,,,0,30,,10928,4,,,0,100,,10934,4,,,0,100,,10917,4,,,0,99,,10936,4,,,0
1002000,'4614',617,,11372,4,,,0,110,,11373,4,,,0,86,,11379,4,,,0,104,,11374,4,,,0,100,,11366,4,,,0,100,,11367,4,,,0,101,,11368,4,,,0,100,,11369,4,,,0,102,,11375,4,,,0,83,,11370,4,,,0,22,,11371,4,,,0,186,,11376,4,,,0,331,,11377,4,,,0,200,,11378,4,,,0
1002000,'5299',1613,,11380,4,,,0,232,,11381,4,,,0
1002000,'5544',649,,11382,4,,,0,100,,11388,4,,,0,200,,11383,4,,,0,200,,11384,4,,,0,200,,11385,4,,,0,200,,11386,4,,,0,200,,11387,4,,,0
1002000,'5547',612,,11391,4,,,0,100,,11403,4,,,0,100,,11390,4,,,0,100,,11392,4,,,0,100,,11393,4,,,0,100,,11394,4,,,0,100,,11395,4,,,0,100,,11396,4,,,0,100,,11397,4,,,0,100,,11402,4,,,0,100,,11398,4,,,0,98,,11399,4,,,0,135,,11400,4,,,0,197,,11401,4,,,0,200,,11389,4,,,0
1002000,'5567',1613,,11404,4,,,0,232,,11405,4,,,0
