2501,'4614',838,,10626,22,,,0,301,,10627,23,,,0,179,,10628,22,,,0,224,,10629,23,,,0,396,,10630,23,,,0,89,,10631,22,,,0
2501,'5544',836,,10632,22,,,0,304,,10633,23,,,0,400,,10634,23,,,0,199,,10636,23,,,0,200,,10635,23,,,0
2501,'5547',836,,10638,22,,,0,304,,10640,23,,,0,400,,10639,23,,,0,199,,10641,23,,,0,200,,10637,23,,,0
3000,'4614',628,,10665,18,,,0,30,,10667,18,,,0,55,,10671,18,,,0,16,,10663,18,,,0,14,,10672,18,,,0,16,,10666,18,,,0,69,,10670,18,,,0,31,,10664,18,,,0,70,,10642,18,,,0,30,,10643,18,,,0,70,,10644,18,,,0,71,,10645,18,,,0,31,,10646,18,,,0,70,,10647,18,,,0,30,,10648,18,,,0,70,,10650,18,,,0,30,,10651,18,,,0,70,,10652,18,,,0,33,,10649,18,,,0,70,,10653,18,,,0,31,,10668,18,,,0,71,,10654,18,,,0,29,,10669,18,,,0,69,,10655,18,,,0,30,,10656,18,,,0,69,,10657,18,,,0,99,,10658,18,,,0,99,,10659,18,,,0,99,,10660,18,,,0,100,,10661,18,,,0,59,,10662,18,,,0
3000,'5544',659,,10673,18,,,0,100,,10674,18,,,0,141,,10675,18,,,0,101,,10676,18,,,0,100,,10677,18,,,0,101,,10678,18,,,0,100,,10679,18,,,0,101,,10680,18,,,0,100,,10681,18,,,0,100,,10682,18,,,0,100,,10683,18,,,0,100,,10684,18,,,0,98,,10685,18,,,0
3000,'5547',627,,10686,18,,,0,100,,10687,18,,,0,100,,10688,18,,,0,31,,10689,18,,,0,70,,10690,18,,,0,31,,10691,18,,,0,70,,10692,18,,,0,71,,10693,18,,,0,30,,10694,18,,,0,70,,10695,18,,,0,30,,10696,18,,,0,70,,10697,18,,,0,31,,10698,18,,,0,70,,10699,18,,,0,29,,10700,18,,,0,72,,10701,18,,,0,29,,10702,18,,,0,71,,10703,18,,,0,30,,10704,18,,,0,70,,10705,18,,,0,29,,10706,18,,,0,69,,10707,18,,,0,102,,10708,18,,,0,99,,10709,18,,,0,99,,10710,18,,,0,100,,10711,18,,,0,59,,10712,18,,,0
4001,'4614',645,,10973,28,,,0,71,,10974,28,,,0,33,,10976,28,,,0,55,,10978,28,,,0,17,,10975,28,,,0,17,,10979,28,,,0,13,,10953,28,,,0,55,,10980,28,,,0,15,,10955,28,,,0,16,,10981,28,,,0,14,,10954,28,,,0,56,,10982,28,,,0,15,,10956,28,,,0,15,,10983,28,,,0,15,,10957,28,,,0,55,,10984,28,,,0,16,,10958,28,,,0,15,,10985,28,,,0,15,,10959,28,,,0,55,,10986,28,,,0,15,,10960,28,,,0,15,,10987,28,,,0,16,,10961,28,,,0,55,,10988,28,,,0,15,,10962,28,,,0,15,,10989,28,,,0,15,,10963,28,,,0,56,,10990,28,,,0,15,,10964,28,,,0,11,,10991,28,,,0,10,,10992,28,,,0,11,,10965,28,,,0,50,,10993,28,,,0,19,,11004,18,0,19 20 7,0,1,,10966,28,,,0,20,,10995,28,,,0,10,,10968,28,,,0,50,,10994,28,,,0,10,,10996,28,,,0,10,,10967,28,,,0,20,,10997,28,,,0,10,,10969,28,,,0,54,,10998,28,,,0,14,,10977,28,,,0,15,,10999,28,,,0,14,,10971,28,,,0,54,,11000,28,,,0,14,,10970,28,,,0,15,,11001,28,,,0,15,,10972,28,,,0,55,,11002,28,,,0,14,,10952,28,,,0,30,,10951,28,,,0,71,,10950,28,,,0,29,,10946,28,,,0,69,,10949,28,,,0,29,,10945,28,,,0,69,,10948,28,,,0,29,,10944,28,,,0,69,,10947,28,,,0,30,,10943,28,,,0,70,,11003,28,,,0
4001,'4619',1537,,11005,28,,,0
4001,'5289',1517,,11006,28,,,0,20,,11007,28,,,0,100,,11008,28,,,0
4001,'5299',1537,,11009,28,,,0
4001,'5544',719,,11010,28,,,0,102,,11012,28,,,0,101,,11014,28,,,0,100,,11016,28,,,0,30,,11017,28,,,0,70,,11018,28,,,0,31,,11019,28,,,0,71,,11020,28,,,0,30,,11021,28,,,0,70,,11022,28,,,0,31,,11023,28,,,0,68,,11024,28,,,0,30,,11025,28,,,0,70,,11026,28,,,0,30,,11027,28,,,0,70,,11028,28,,,0,30,,11029,28,,,0,70,,11030,28,,,0,29,,11031,28,,,0,70,,11032,28,,,0,30,,11033,28,,,0,70,,11015,28,,,0,29,,11013,28,,,0,70,,11011,28,,,0
4001,'5547',720,,11034,28,,,0,102,,11035,28,,,0,30,,11036,28,,,0,71,,11037,28,,,0,30,,11038,28,,,0,70,,11039,28,,,0,30,,11040,28,,,0,71,,11041,28,,,0,30,,11042,28,,,0,70,,11043,28,,,0,30,,11044,28,,,0,70,,11045,28,,,0,30,,11046,28,,,0,70,,11047,28,,,0,30,,11048,28,,,0,70,,11049,28,,,0,30,,11050,28,,,0,71,,11051,28,,,0,30,,11052,28,,,0,69,,11053,28,,,0,30,,11054,28,,,0,69,,11055,28,,,0,29,,11056,28,,,0,70,,11057,28,,,0,30,,11058,28,,,0,70,,11059,28,,,0,29,,11060,28,,,0,70,,11061,28,,,0,98,,11062,28,,,0,99,,11063,28,,,0,100,,11064,28,,,0
4001,'5568',1409,,11067,18,0,19 20 7,0,108,,11065,28,,,0,120,,11066,28,,,0
