4000,'4614',639,,10854,53,4,,0,71,,10855,53,4,,0,18,,10881,53,4,,0,16,,10856,53,4,,0,56,,10880,53,4,,0,17,,10857,53,4,,0,20,,10879,53,4,,0,14,,10858,53,4,,0,53,,10878,53,4,,0,14,,10832,53,4,,0,14,,10859,53,4,,0,15,,10833,53,4,,0,55,,10860,53,4,,0,15,,10834,53,4,,0,14,,10861,53,4,,0,16,,10835,53,4,,0,55,,10862,53,4,,0,15,,10836,53,4,,0,16,,10863,53,4,,0,15,,10837,53,4,,0,55,,10864,53,4,,0,15,,10838,53,4,,0,15,,10865,53,4,,0,16,,10839,53,4,,0,55,,10866,53,4,,0,15,,10840,53,4,,0,15,,10867,53,4,,0,15,,10841,53,4,,0,56,,10868,53,4,,0,15,,10842,53,4,,0,17,,10869,53,4,,0,18,,10844,53,4,,0,55,,10870,53,4,,0,15,,10843,53,4,,0,15,,10871,53,4,,0,14,,10845,53,4,,0,56,,10872,53,4,,0,13,,10846,53,4,,0,15,,10873,53,4,,0,15,,10847,53,4,,0,56,,10874,53,4,,0,15,,10848,53,4,,0,13,,10875,53,4,,0,13,,10849,53,4,,0,68,,10850,53,4,,0,15,,10876,53,4,,0,15,,10851,53,4,,0,67,,10852,53,4,,0,30,,10853,53,4,,0,70,,10828,53,4,,0,30,,10829,53,4,,0,70,,10827,53,4,,0,28,,10830,53,4,,0,67,,10826,53,4,,0,29,,10831,53,4,,0,70,,10825,53,4,,0,29,,10877,53,4,,0
4000,'4619',1804,,10887,53,4,,0
4000,'4931',1804,,10888,53,4,,0
4000,'5544',740,,10889,53,4,,0,100,,10891,53,4,,0,101,,10893,53,4,,0,74,,10894,53,4,,0,28,,10895,53,4,,0,70,,10896,53,4,,0,31,,10897,53,4,,0,71,,10898,53,4,,0,30,,10899,53,4,,0,71,,10900,53,4,,0,32,,10901,53,4,,0,70,,10902,53,4,,0,30,,10903,53,4,,0,72,,10904,53,4,,0,28,,10905,53,4,,0,70,,10906,53,4,,0,29,,10907,53,4,,0,70,,10908,53,4,,0,30,,10909,53,4,,0,68,,10910,53,4,,0,30,,10911,53,4,,0,70,,10912,53,4,,0,29,,10890,53,4,,0,69,,10892,53,4,,0
4000,'5547',710,,10938,53,4,,0,100,,10939,53,4,,0,30,,10940,53,4,,0,72,,10941,53,4,,0,30,,10942,53,4,,0,72,,10925,53,4,,0,31,,10922,53,4,,0,70,,10920,53,4,,0,32,,10930,53,4,,0,70,,10937,53,4,,0,31,,10915,53,4,,0,70,,10921,53,4,,0,30,,10916,53,4,,0,72,,10933,53,4,,0,31,,10919,53,4,,0,70,,10914,53,4,,0,30,,10931,53,4,,0,70,,10926,53,4,,0,29,,10913,53,4,,0,70,,10923,53,4,,0,28,,10924,53,4,,0,70,,10929,53,4,,0,30,,10927,53,4,,0,70,,10932,53,4,,0,29,,10935,53,4,,0,69,,10918,53,4,,0,29,,10928,53,4,,0,99,,10934,53,4,,0,99,,10917,53,4,,0,97,,10936,53,4,,0
4001,'4614',620,,10973,1,,,0,30,,10974,1,,,0,70,,10976,1,,,0,15,,10978,1,,,0,16,,10975,1,,,0,55,,10979,1,,,0,15,,10953,1,,,0,17,,10980,1,,,0,15,,10955,1,,,0,56,,10981,1,,,0,15,,10954,1,,,0,15,,10982,1,,,0,15,,10956,1,,,0,55,,10983,1,,,0,15,,10957,1,,,0,15,,10984,1,,,0,15,,10958,1,,,0,55,,10985,1,,,0,15,,10959,1,,,0,15,,10986,1,,,0,15,,10960,1,,,0,55,,10987,1,,,0,15,,10961,1,,,0,15,,10988,1,,,0,15,,10962,1,,,0,55,,10989,1,,,0,15,,10963,1,,,0,15,,10990,1,,,0,15,,10964,1,,,0,51,,10991,1,,,0,10,,10992,1,,,0,10,,10965,1,,,0,10,,10993,1,,,0,20,,10966,1,,,0,60,,10995,1,,,0,11,,10968,1,,,0,10,,10994,1,,,0,10,,10996,1,,,0,10,,10967,1,,,0,60,,10997,1,,,0,10,,10969,1,,,0,14,,10998,1,,,0,15,,10977,1,,,0,55,,10999,1,,,0,15,,10971,1,,,0,15,,11000,1,,,0,15,,10970,1,,,0,55,,11001,1,,,0,15,,10972,1,,,0,15,,11002,1,,,0,15,,10952,1,,,0,70,,10951,1,,,0,31,,10950,1,,,0,69,,10946,1,,,0,30,,10949,1,,,0,70,,10945,1,,,0,30,,10948,1,,,0,70,,10944,1,,,0,30,,10947,1,,,0,70,,10943,1,,,0,30,,11003,1,,,0
4001,'4619',1505,,11005,1,,,0
4001,'5289',1445,,11006,1,,,0,60,,11007,1,,,0,101,,11008,1,,,0
4001,'5299',1505,,11009,1,,,0
4001,'5544',655,,11010,1,,,0,100,,11012,1,,,0,100,,11014,1,,,0,100,,11016,1,,,0,70,,11017,1,,,0,30,,11018,1,,,0,70,,11019,1,,,0,30,,11020,1,,,0,70,,11021,1,,,0,30,,11022,1,,,0,70,,11023,1,,,0,30,,11024,1,,,0,70,,11025,1,,,0,30,,11026,1,,,0,70,,11027,1,,,0,30,,11028,1,,,0,70,,11029,1,,,0,30,,11030,1,,,0,70,,11031,1,,,0,30,,11032,1,,,0,70,,11033,1,,,0,30,,11015,1,,,0,70,,11013,1,,,0,30,,11011,1,,,0
4001,'5547',655,,11034,1,,,0,100,,11035,1,,,0,70,,11036,1,,,0,30,,11037,1,,,0,70,,11038,1,,,0,30,,11039,1,,,0,70,,11040,1,,,0,29,,11041,1,,,0,70,,11042,1,,,0,29,,11043,1,,,0,70,,11044,1,,,0,30,,11045,1,,,0,70,,11046,1,,,0,30,,11047,1,,,0,70,,11048,1,,,0,31,,11049,1,,,0,70,,11050,1,,,0,31,,11051,1,,,0,70,,11052,1,,,0,30,,11053,1,,,0,70,,11054,1,,,0,30,,11055,1,,,0,70,,11056,1,,,0,30,,11057,1,,,0,70,,11058,1,,,0,30,,11059,1,,,0,70,,11060,1,,,0,30,,11061,1,,,0,100,,11062,1,,,0,100,,11063,1,,,0,100,,11064,1,,,0
4001,'5568',1445,,11065,1,,,0,161,,11066,1,,,0
7801,'4614',600,,11252,1,0,15 16 2,0,43,,11252,14,4,,0,57,,11253,1,0,15 16 2,0,46,,11253,14,4,,0,184,,11254,1,0,15 16 2,0,85,,11254,14,4,,0,517,,11255,1,0,15 16 2,0,88,,11255,14,4,,0,183,,11256,1,0,15 16 2,0,44,,11256,14,4,,0
