2000,'4614',611,,10541,41,,,0,102,,10542,41,,,0,107,,10543,41,,,0,1188,,10539,41,,,0,198,,10540,41,,,0
2000,'5544',912,,10550,41,,,0,202,,10553,41,,,0,201,,10552,41,,,0,202,,10554,41,,,0,200,,10551,41,,,0,293,,10555,41,,,0
2000,'5547',2009,,10561,41,,,0,198,,10566,41,,,0
2001,'4614',753,,10581,33,,,0,72,,10574,33,,,0,187,,10580,33,,,0,435,,10578,33,,,0,763,,10572,33,,,0,197,,10573,33,,,0
2001,'5299',2010,,10585,33,,,0
2001,'5547',841,,10604,33,,,0,1170,,10605,33,,,0,200,,10598,33,,,0,197,,10595,33,,,0
2001,'5567',2010,,10608,33,,,0
7200,'4614',637,,11112,5,,,0,70,,11113,5,,,0,30,,11114,5,,,0,71,,11115,5,,,0,32,,11116,5,,,0,69,,11117,5,,,0,30,,11118,5,,,0,70,,11119,5,,,0,30,,11120,5,,,0,70,,11121,5,,,0,30,,11122,5,,,0,70,,11123,5,,,0,30,,11124,5,,,0,70,,11125,5,,,0,30,,11126,5,,,0,71,,11127,5,,,0,32,,11128,5,,,0,70,,11129,5,,,0,31,,11130,5,,,0,70,,11131,5,,,0,30,,11132,5,,,0,68,,11133,5,,,0,30,,11134,5,,,0,69,,11135,5,,,0,29,,11136,5,,,0,98,,11137,5,,,0,100,,11138,5,,,0,100,,11139,5,,,0,100,,11140,5,,,0
7200,'5544',739,,11141,5,,,0,100,,11142,5,,,0,100,,11143,5,,,0,100,,11144,5,,,0,100,,11145,5,,,0,100,,11146,5,,,0,100,,11147,5,,,0,100,,11148,5,,,0,100,,11149,5,,,0,100,,11150,5,,,0,100,,11151,5,,,0,100,,11152,5,,,0,100,,11153,5,,,0
7200,'5547',639,,11156,5,,,0,100,,11158,5,,,0,100,,11160,5,,,0,70,,11161,5,,,0,30,,11162,5,,,0,70,,11163,5,,,0,30,,11164,5,,,0,70,,11165,5,,,0,30,,11166,5,,,0,70,,11167,5,,,0,30,,11168,5,,,0,70,,11169,5,,,0,30,,11170,5,,,0,70,,11171,5,,,0,30,,11172,5,,,0,70,,11173,5,,,0,30,,11174,5,,,0,70,,11175,5,,,0,30,,11176,5,,,0,70,,11177,5,,,0,30,,11178,5,,,0,70,,11179,5,,,0,28,,11180,5,,,0,100,,11181,5,,,0,100,,11155,5,,,0,100,,11159,5,,,0,100,,11154,5,,,0,100,,11157,5,,,0
1002000,'4614',845,,11379,47,,,0,403,,11368,47,,,0,206,,11375,47,,,0,103,,11371,47,,,0,184,,11376,47,,,0,368,,11377,47,,,0,199,,11378,47,,,0
1002000,'5299',1644,,11380,47,,,0,269,,11381,47,,,0
1002000,'5544',716,,11382,47,,,0,100,,11388,47,,,0
1002000,'5547',639,,11391,47,,,0,101,,11403,47,,,0,100,,11390,47,,,0,100,,11392,47,,,0,100,,11393,47,,,0,101,,11394,47,,,0,100,,11395,47,,,0,100,,11396,47,,,0,101,,11397,47,,,0,100,,11402,47,,,0,100,,11398,47,,,0,98,,11399,47,,,0,174,,11400,47,,,0,196,,11401,47,,,0,198,,11389,47,,,0
1002000,'5567',1644,,11404,47,,,0,269,,11405,47,,,0
1002001,'4614',854,,11411,33,,,0,560,,11414,33,,,0,101,,11408,33,,,0,99,,11409,33,,,0,99,,11415,33,,,0,100,,11416,33,,,0,98,,11417,33,,,0,199,,11418,33,,,0,199,,11419,33,,,0
1002001,'5544',911,,11420,33,,,0,201,,11421,33,,,0,201,,11422,33,,,0,200,,11423,33,,,0,200,,11424,33,,,0,199,,11426,33,,,0,199,,11425,33,,,0
1002001,'5547',740,,11440,33,,,0,171,,11427,33,,,0,100,,11428,33,,,0,100,,11429,33,,,0,100,,11430,33,,,0,101,,11439,33,,,0,100,,11431,33,,,0,100,,11432,33,,,0,100,,11433,33,,,0,100,,11434,33,,,0,100,,11435,33,,,0,99,,11436,33,,,0,200,,11437,33,,,0,198,,11438,33,,,0
