2000,'4614',604,,10541,32,0,9 12 2 5,0,101,,10542,32,0,9 12 2 5,0,106,,10543,32,0,9 12 2 5,0,1190,,10539,32,0,9 12 2 5,0,158,,10540,32,0,9 12 2 5,0
2000,'5544',906,,10550,32,0,9 12 2 5,0,202,,10553,32,0,9 12 2 5,0,201,,10552,32,0,9 12 2 5,0,202,,10554,32,0,9 12 2 5,0,200,,10551,32,0,9 12 2 5,0,294,,10555,32,0,9 12 2 5,0
2000,'5547',2002,,10561,32,0,9 12 2 5,0,198,,10566,32,0,9 12 2 5,0
2001,'4614',744,,10581,24,0,9 10 11,0,71,,10574,24,0,9 10 11,0,189,,10580,24,0,9 10 11,0,434,,10578,24,0,9 10 11,0,764,,10572,24,0,9 10 11,0,198,,10573,24,0,9 10 11,0
2001,'5299',2002,,10585,24,0,9 10 11,0
2001,'5547',833,,10604,24,0,9 10 11,0,1170,,10605,24,0,9 10 11,0,200,,10598,24,0,9 10 11,0,197,,10595,24,0,9 10 11,0
2001,'5567',2002,,10608,24,0,9 10 11,0
7201,'4614',722,,11182,27,,,0,30,,11183,27,,,0,70,,11184,27,,,0,33,,11185,27,,,0,71,,11186,27,,,0,30,,11187,27,,,0,70,,11188,27,,,0,30,,11189,27,,,0,70,,11190,27,,,0,29,,11191,27,,,0,70,,11192,27,,,0,30,,11193,27,,,0,70,,11194,27,,,0,30,,11195,27,,,0,69,,11196,27,,,0,30,,11197,27,,,0,70,,11198,27,,,0,30,,11199,27,,,0,70,,11200,27,,,0,31,,11201,27,,,0,70,,11202,27,,,0,30,,11203,27,,,0,70,,11204,27,,,0,30,,11205,27,,,0,70,,11206,27,,,0,100,,11207,27,,,0,100,,11208,27,,,0,100,,11209,27,,,0,131,,11210,27,,,0
7201,'5544',825,,11211,27,,,0,100,,11212,27,,,0,100,,11213,27,,,0,100,,11214,27,,,0,99,,11215,27,,,0,100,,11216,27,,,0,100,,11217,27,,,0,100,,11218,27,,,0,101,,11219,27,,,0,100,,11220,27,,,0,100,,11221,27,,,0,100,,11222,27,,,0,101,,11223,27,,,0
7201,'5547',726,,11230,27,,,0,99,,11231,27,,,0,100,,11232,27,,,0,30,,11233,27,,,0,70,,11234,27,,,0,30,,11235,27,,,0,70,,11236,27,,,0,30,,11237,27,,,0,70,,11238,27,,,0,30,,11239,27,,,0,70,,11240,27,,,0,30,,11241,27,,,0,70,,11242,27,,,0,30,,11243,27,,,0,70,,11244,27,,,0,30,,11245,27,,,0,70,,11246,27,,,0,30,,11247,27,,,0,70,,11248,27,,,0,30,,11249,27,,,0,70,,11250,27,,,0,30,,11251,27,,,0,70,,11224,27,,,0,100,,11225,27,,,0,100,,11226,27,,,0,100,,11227,27,,,0,100,,11228,27,,,0,101,,11229,27,,,0
9200,'4619',1423,,11284,28,,,0,2,,11283,28,,,0
9200,'5289',1532,,11286,28,,,0,2,,11285,28,,,0
9200,'5299',1439,,11287,28,,,0,2,,11288,28,,,0
1002000,'4614',837,,11379,38,,,0,403,,11368,38,,,0,206,,11375,38,,,0,103,,11371,38,,,0,185,,11376,38,,,0,368,,11377,38,,,0,199,,11378,38,,,0
1002000,'5299',1637,,11380,38,,,0,269,,11381,38,,,0
1002000,'5544',708,,11382,38,,,0,100,,11388,38,,,0
1002000,'5547',632,,11391,38,,,0,100,,11403,38,,,0,100,,11390,38,,,0,100,,11392,38,,,0,100,,11393,38,,,0,101,,11394,38,,,0,100,,11395,38,,,0,100,,11396,38,,,0,101,,11397,38,,,0,100,,11402,38,,,0,100,,11398,38,,,0,98,,11399,38,,,0,175,,11400,38,,,0,196,,11401,38,,,0,198,,11389,38,,,0
1002000,'5567',1637,,11404,38,,,0,269,,11405,38,,,0
1002001,'4614',845,,11411,24,,,0,560,,11414,24,,,0,101,,11408,24,,,0,99,,11409,24,,,0,100,,11415,24,,,0,100,,11416,24,,,0,98,,11417,24,,,0,199,,11418,24,,,0,199,,11419,24,,,0
1002001,'5544',903,,11420,24,,,0,201,,11421,24,,,0,201,,11422,24,,,0,200,,11423,24,,,0,200,,11424,24,,,0,199,,11426,24,,,0,199,,11425,24,,,0
1002001,'5547',732,,11440,24,,,0,171,,11427,24,,,0,100,,11428,24,,,0,100,,11429,24,,,0,100,,11430,24,,,0,101,,11439,24,,,0,100,,11431,24,,,0,100,,11432,24,,,0,100,,11433,24,,,0,100,,11434,24,,,0,100,,11435,24,,,0,99,,11436,24,,,0,200,,11437,24,,,0,198,,11438,24,,,0
