2000,'4614',626,,10541,59,,,0,103,,10542,59,,,0,108,,10543,59,,,0,80,,10536,42,,,0,100,,10549,42,,,0,101,,10544,42,,,0,102,,10545,42,,,0,100,,10546,42,,,0,101,,10537,42,,,0,206,,10547,42,,,0,97,,10548,42,,,0,97,,10538,42,,,0,203,,10539,59,,,0,196,,10540,59,,,0
2000,'5544',927,,10550,59,,,0,203,,10553,59,,,0,202,,10552,59,,,0,201,,10554,59,,,0,200,,10551,59,,,0,291,,10555,59,,,0
2000,'5547',816,,10568,42,,,0,101,,10564,42,,,0,102,,10563,42,,,0,101,,10565,42,,,0,100,,10556,42,,,0,100,,10557,42,,,0,100,,10559,42,,,0,101,,10567,42,,,0,100,,10560,42,,,0,100,,10558,42,,,0,96,,10562,42,,,0,207,,10561,59,,,0,197,,10566,59,,,0
2500,'4614',803,,10611,24,0,5,0,247,,10612,24,,,0,193,,10613,24,0,5,0,212,,10614,24,,,0,401,,10615,24,,,0
2500,'5544',802,,10616,24,0,5,0,249,,10617,24,,,0,399,,10618,24,,,0,200,,10620,24,,,0,201,,10619,24,,,0
2500,'5547',802,,10622,24,0,5,0,249,,10624,24,,,0,399,,10623,24,,,0,200,,10625,24,,,0,201,,10621,24,,,0
1002000,'4614',647,,11372,48,,,0,154,,11373,48,,,0,100,,11379,65,,,0,48,,11374,48,,,0,101,,11366,48,,,0,101,,11367,48,,,0,153,,11368,65,,,0,48,,11369,48,,,0,160,,11375,65,,,0,35,,11370,48,,,0,68,,11371,65,,,0,144,,11376,65,,,0,364,,11377,65,,,0,199,,11378,65,,,0
1002000,'5299',1702,,11380,65,,,0,227,,11381,65,,,0
1002000,'5544',729,,11382,65,,,0,100,,11388,65,,,0,191,,11383,48,,,0,201,,11384,48,,,0,200,,11385,48,,,0,202,,11386,48,,,0,199,,11387,48,,,0
1002000,'5547',653,,11391,65,,,0,101,,11403,65,,,0,100,,11390,65,,,0,101,,11392,65,,,0,101,,11393,65,,,0,101,,11394,65,,,0,100,,11395,65,,,0,100,,11396,65,,,0,101,,11397,65,,,0,100,,11402,65,,,0,100,,11398,65,,,0,98,,11399,65,,,0,173,,11400,65,,,0,195,,11401,65,,,0,198,,11389,65,,,0
1002000,'5567',1702,,11404,65,,,0,227,,11405,65,,,0
