501,'4614',615,,10106,3,0,8,0,110,,10121,15,0,8,0,32,,10113,15,0,8,0,71,,10120,15,0,8,0,99,,10102,15,0,8,0,100,,10119,15,0,8,0,100,,10107,15,0,8,0,102,,10104,15,0,8,0,86,,10105,15,0,8,0,101,,10112,15,0,8,0,95,,10103,15,0,8,0,115,,10109,15,0,8,0,99,,10118,15,0,8,0,96,,10110,15,0,8,0,98,,10108,15,0,8,0,99,,10111,15,0,8,0,100,,10115,15,0,8,0,100,,10114,15,0,8,0,99,,10116,15,0,8,0,38,,10117,3,0,8,0
501,'5544',823,,10133,15,0,8,0,100,,10125,15,0,8,0,100,,10127,15,0,8,0,101,,10122,15,0,8,0,100,,10123,15,0,8,0,100,,10129,15,0,8,0,100,,10124,15,0,8,0,100,,10134,15,0,8,0,100,,10132,15,0,8,0,100,,10130,15,0,8,0,95,,10131,15,0,8,0,100,,10128,15,0,8,0,115,,10126,15,0,8,0
501,'5547',723,,10136,15,0,8,0,200,,10150,15,0,8,0,100,,10135,15,0,8,0,101,,10137,15,0,8,0,103,,10138,15,0,8,0,100,,10139,15,0,8,0,101,,10140,15,0,8,0,100,,10141,15,0,8,0,101,,10142,15,0,8,0,99,,10143,15,0,8,0,91,,10151,15,0,8,0,100,,10144,15,0,8,0,100,,10145,15,0,8,0,99,,10146,15,0,8,0,100,,10147,15,0,8,0,99,,10149,15,0,8,0,39,,10148,3,0,8,0
1501,'4614',833,,10499,3,,,0,24,,10500,3,,,0,70,,10501,3,,,0,29,,10498,3,,,0,67,,10502,3,,,0,30,,10503,3,,,0,70,,10504,3,,,0,30,,10505,3,,,0,104,,10507,3,,,0,71,,10506,3,,,0,531,,10509,3,,,0,99,,10508,3,,,0,100,,10510,3,,,0
1501,'5544',747,,10515,3,,,0,207,,10520,3,,,0,100,,10511,3,,,0,101,,10516,3,,,0,100,,10513,3,,,0,100,,10521,3,,,0,100,,10514,3,,,0,102,,10517,3,,,0,100,,10512,3,,,0,101,,10519,3,,,0,100,,10518,3,,,0
1501,'5547',747,,10530,3,,,0,106,,10534,3,,,0,102,,10531,3,,,0,100,,10528,3,,,0,99,,10532,3,,,0,101,,10529,3,,,0,101,,10527,3,,,0,100,,10522,3,,,0,101,,10524,3,,,0,101,,10525,3,,,0,100,,10535,3,,,0,100,,10526,3,,,0,100,,10523,3,,,0,100,,10533,3,,,0
4001,'4614',634,,10973,14,,,0,71,,10974,14,,,0,31,,10976,14,,,0,15,,10978,14,,,0,56,,10975,14,,,0,17,,10979,14,,,0,14,,10953,14,,,0,16,,10980,14,,,0,55,,10955,14,,,0,16,,10981,14,,,0,15,,10954,14,,,0,15,,10982,14,,,0,55,,10956,14,,,0,15,,10983,14,,,0,15,,10957,14,,,0,15,,10984,14,,,0,55,,10958,14,,,0,15,,10985,14,,,0,15,,10959,14,,,0,15,,10986,14,,,0,55,,10960,14,,,0,15,,10987,14,,,0,15,,10961,14,,,0,15,,10988,14,,,0,55,,10962,14,,,0,15,,10989,14,,,0,15,,10963,14,,,0,16,,10990,14,,,0,55,,10964,14,,,0,11,,10991,14,,,0,10,,10992,14,,,0,10,,10965,14,,,0,10,,10993,14,,,0,59,,11004,4,0,19 20 7,0,1,,10966,14,,,0,20,,10995,14,,,0,11,,10968,14,,,0,10,,10994,14,,,0,50,,10996,14,,,0,10,,10967,14,,,0,20,,10997,14,,,0,10,,10969,14,,,0,14,,10998,14,,,0,55,,10977,14,,,0,15,,10999,14,,,0,15,,10971,14,,,0,14,,11000,14,,,0,55,,10970,14,,,0,15,,11001,14,,,0,15,,10972,14,,,0,15,,11002,14,,,0,54,,10952,14,,,0,30,,10951,14,,,0,71,,10950,14,,,0,29,,10946,14,,,0,69,,10949,14,,,0,30,,10945,14,,,0,69,,10948,14,,,0,30,,10944,14,,,0,69,,10947,14,,,0,30,,10943,14,,,0,70,,11003,14,,,0
4001,'4619',1522,,11005,14,,,0
4001,'5289',1502,,11006,14,,,0,20,,11007,14,,,0,101,,11008,14,,,0
4001,'5299',1522,,11009,14,,,0
4001,'5544',708,,11010,14,,,0,102,,11012,14,,,0,100,,11014,14,,,0,100,,11016,14,,,0,30,,11017,14,,,0,70,,11018,14,,,0,31,,11019,14,,,0,70,,11020,14,,,0,30,,11021,14,,,0,70,,11022,14,,,0,30,,11023,14,,,0,70,,11024,14,,,0,30,,11025,14,,,0,70,,11026,14,,,0,30,,11027,14,,,0,70,,11028,14,,,0,30,,11029,14,,,0,70,,11030,14,,,0,30,,11031,14,,,0,70,,11032,14,,,0,30,,11033,14,,,0,70,,11015,14,,,0,30,,11013,14,,,0,70,,11011,14,,,0
4001,'5547',709,,11034,14,,,0,101,,11035,14,,,0,30,,11036,14,,,0,70,,11037,14,,,0,30,,11038,14,,,0,70,,11039,14,,,0,30,,11040,14,,,0,71,,11041,14,,,0,30,,11042,14,,,0,69,,11043,14,,,0,30,,11044,14,,,0,70,,11045,14,,,0,30,,11046,14,,,0,70,,11047,14,,,0,30,,11048,14,,,0,71,,11049,14,,,0,30,,11050,14,,,0,71,,11051,14,,,0,30,,11052,14,,,0,70,,11053,14,,,0,30,,11054,14,,,0,69,,11055,14,,,0,30,,11056,14,,,0,70,,11057,14,,,0,30,,11058,14,,,0,70,,11059,14,,,0,29,,11060,14,,,0,70,,11061,14,,,0,99,,11062,14,,,0,99,,11063,14,,,0,100,,11064,14,,,0
4001,'5568',1355,,11067,4,0,19 20 7,0,147,,11065,14,,,0,121,,11066,14,,,0
1001501,'4614',713,,11355,3,,,0,30,,11354,3,,,0,482,,11356,3,,,0,133,,11357,3,,,0,75,,11358,3,,,0,71,,11359,3,,,0,29,,11360,3,,,0,76,,11361,3,,,0,29,,11362,3,,,0,70,,11363,3,,,0,30,,11365,3,,,0,70,,11364,3,,,0
