501,'4614',645,,10106,37,4,,0,67,,10121,1,0,8,0,31,,10113,1,0,8,0,13,,10121,49,4,,0,57,,10120,1,0,8,0,20,,10113,49,4,,0,69,,10120,49,4,,0,11,,10102,1,0,8,0,46,,10102,49,4,,0,54,,10119,1,0,8,0,46,,10119,49,4,,0,54,,10107,1,0,8,0,46,,10107,49,4,,0,56,,10104,1,0,8,0,85,,10105,1,0,8,0,2,,10104,49,4,,0,46,,10105,49,4,,0,52,,10112,1,0,8,0,49,,10112,49,4,,0,6,,10103,1,0,8,0,89,,10103,49,4,,0,66,,10109,1,0,8,0,49,,10109,49,4,,0,51,,10118,1,0,8,0,46,,10118,49,4,,0,51,,10110,1,0,8,0,45,,10110,49,4,,0,53,,10108,1,0,8,0,45,,10108,49,4,,0,55,,10111,1,0,8,0,43,,10111,49,4,,0,57,,10115,1,0,8,0,42,,10115,49,4,,0,58,,10114,1,0,8,0,41,,10114,49,4,,0,59,,10116,1,0,8,0,40,,10116,49,4,,0
501,'5544',810,,10133,1,0,8,0,42,,10133,49,4,,0,58,,10125,1,0,8,0,43,,10125,49,4,,0,57,,10127,1,0,8,0,43,,10127,49,4,,0,57,,10122,1,0,8,0,44,,10122,49,4,,0,56,,10123,1,0,8,0,45,,10123,49,4,,0,55,,10129,1,0,8,0,45,,10129,49,4,,0,55,,10124,1,0,8,0,45,,10124,49,4,,0,55,,10134,1,0,8,0,45,,10134,49,4,,0,55,,10132,1,0,8,0,45,,10132,49,4,,0,55,,10130,1,0,8,0,45,,10130,49,4,,0,50,,10131,1,0,8,0,44,,10131,49,4,,0,56,,10128,1,0,8,0,42,,10128,49,4,,0,73,,10126,1,0,8,0
501,'5547',710,,10136,1,0,8,0,43,,10136,49,4,,0,157,,10150,1,0,8,0,44,,10150,49,4,,0,56,,10135,1,0,8,0,44,,10135,49,4,,0,56,,10137,1,0,8,0,46,,10137,49,4,,0,57,,10138,1,0,8,0,46,,10138,49,4,,0,54,,10139,1,0,8,0,46,,10139,49,4,,0,55,,10140,1,0,8,0,86,,10140,49,4,,0,13,,10141,1,0,8,0,87,,10141,49,4,,0,14,,10142,1,0,8,0,87,,10142,49,4,,0,12,,10143,1,0,8,0,87,,10143,49,4,,0,5,,10151,1,0,8,0,46,,10151,49,4,,0,54,,10144,1,0,8,0,42,,10144,49,4,,0,58,,10145,1,0,8,0,42,,10145,49,4,,0,58,,10146,1,0,8,0,41,,10146,49,4,,0,59,,10147,1,0,8,0,41,,10147,49,4,,0,59,,10149,1,0,8,0,40,,10149,49,4,,0
7000,'4614',718,,11070,10,4,,0,110,,11068,10,4,,0,192,,11071,10,4,,0,327,,11069,10,4,,0,292,,11074,10,4,,0,192,,11072,10,4,,0,125,,11073,10,4,,0
7000,'4619',2102,,11076,10,4,,0,106,,11075,10,4,,0
7000,'5544',1016,,11081,10,4,,0,190,,11077,10,4,,0,131,,11078,10,4,,0,309,,11079,10,4,,0,356,,11080,10,4,,0
7000,'5547',912,,11089,10,4,,0,104,,11085,10,4,,0,190,,11087,10,4,,0,131,,11083,10,4,,0,309,,11084,10,4,,0,171,,11082,10,4,,0,185,,11086,10,4,,0,207,,11088,10,4,,0
7001,'4614',510,,11091,1,,,0,105,,11090,1,,,0,136,,11092,1,,,0,378,,11094,1,,,0,290,,11096,1,,,0,189,,11093,1,,,0,132,,11095,1,,,0
7001,'4619',1848,,11097,1,,,0,152,,11098,1,,,0
7001,'5544',757,,11103,1,,,0,187,,11100,1,,,0,156,,11099,1,,,0,315,,11101,1,,,0,340,,11102,1,,,0
7001,'5547',700,,11111,1,,,0,57,,11107,1,,,0,187,,11109,1,,,0,156,,11105,1,,,0,315,,11106,1,,,0,138,,11104,1,,,0,202,,11108,1,,,0,245,,11110,1,,,0
