601,'4614',635,,10204,21,,,0,96,,10215,21,,,0,92,,10203,21,,,0,16,,10212,21,,,0,106,,10200,21,,,0,97,,10210,21,,,0,100,,10202,21,,,0,104,,10201,21,,,0,101,,10216,21,,,0,105,,10205,21,,,0,106,,10207,21,,,0,99,,10208,21,,,0,100,,10217,21,,,0,91,,10206,21,,,0,100,,10218,21,,,0,100,,10209,21,,,0,100,,10211,21,,,0,100,,10213,21,,,0,100,,10214,21,,,0
601,'5544',738,,10223,21,,,0,207,,10229,21,,,0,100,,10219,21,,,0,101,,10225,21,,,0,100,,10220,21,,,0,99,,10230,21,,,0,100,,10222,21,,,0,102,,10226,21,,,0,100,,10221,21,,,0,101,,10228,21,,,0,100,,10227,21,,,0,100,,10224,21,,,0
601,'5547',738,,10239,21,,,0,106,,10246,21,,,0,101,,10240,21,,,0,100,,10237,21,,,0,99,,10241,21,,,0,101,,10238,21,,,0,101,,10236,21,,,0,100,,10231,21,,,0,101,,10233,21,,,0,101,,10234,21,,,0,100,,10247,21,,,0,101,,10235,21,,,0,100,,10232,21,,,0,100,,10244,21,,,0,100,,10245,21,,,0,99,,10242,21,,,0,102,,10243,21,,,0
4001,'4614',626,,10973,8,,,0,31,,10974,8,,,0,71,,10976,8,,,0,15,,10978,8,,,0,16,,10975,8,,,0,56,,10979,8,,,0,14,,10953,8,,,0,17,,10980,8,,,0,55,,10955,8,,,0,16,,10981,8,,,0,15,,10954,8,,,0,15,,10982,8,,,0,55,,10956,8,,,0,15,,10983,8,,,0,15,,10957,8,,,0,15,,10984,8,,,0,55,,10958,8,,,0,15,,10985,8,,,0,15,,10959,8,,,0,15,,10986,8,,,0,55,,10960,8,,,0,15,,10987,8,,,0,15,,10961,8,,,0,15,,10988,8,,,0,55,,10962,8,,,0,15,,10989,8,,,0,15,,10963,8,,,0,15,,10990,8,,,0,55,,10964,8,,,0,11,,10991,8,,,0,10,,10992,8,,,0,10,,10965,8,,,0,10,,10993,8,,,0,60,,10966,8,,,0,20,,10995,8,,,0,11,,10968,8,,,0,10,,10994,8,,,0,10,,10996,8,,,0,50,,10967,8,,,0,20,,10997,8,,,0,10,,10969,8,,,0,14,,10998,8,,,0,55,,10977,8,,,0,15,,10999,8,,,0,15,,10971,8,,,0,15,,11000,8,,,0,55,,10970,8,,,0,15,,11001,8,,,0,15,,10972,8,,,0,15,,11002,8,,,0,54,,10952,8,,,0,30,,10951,8,,,0,71,,10950,8,,,0,29,,10946,8,,,0,70,,10949,8,,,0,30,,10945,8,,,0,69,,10948,8,,,0,30,,10944,8,,,0,70,,10947,8,,,0,30,,10943,8,,,0,70,,11003,8,,,0
4001,'4619',1513,,11005,8,,,0
4001,'5289',1453,,11006,8,,,0,60,,11007,8,,,0,101,,11008,8,,,0
4001,'5299',1513,,11009,8,,,0
4001,'5544',701,,11010,8,,,0,101,,11012,8,,,0,100,,11014,8,,,0,100,,11016,8,,,0,30,,11017,8,,,0,70,,11018,8,,,0,31,,11019,8,,,0,70,,11020,8,,,0,30,,11021,8,,,0,70,,11022,8,,,0,30,,11023,8,,,0,70,,11024,8,,,0,30,,11025,8,,,0,70,,11026,8,,,0,30,,11027,8,,,0,70,,11028,8,,,0,30,,11029,8,,,0,70,,11030,8,,,0,30,,11031,8,,,0,70,,11032,8,,,0,30,,11033,8,,,0,70,,11015,8,,,0,30,,11013,8,,,0,70,,11011,8,,,0
4001,'5547',701,,11034,8,,,0,101,,11035,8,,,0,30,,11036,8,,,0,70,,11037,8,,,0,30,,11038,8,,,0,70,,11039,8,,,0,30,,11040,8,,,0,70,,11041,8,,,0,30,,11042,8,,,0,69,,11043,8,,,0,30,,11044,8,,,0,70,,11045,8,,,0,30,,11046,8,,,0,70,,11047,8,,,0,30,,11048,8,,,0,71,,11049,8,,,0,30,,11050,8,,,0,71,,11051,8,,,0,30,,11052,8,,,0,70,,11053,8,,,0,30,,11054,8,,,0,70,,11055,8,,,0,30,,11056,8,,,0,70,,11057,8,,,0,30,,11058,8,,,0,70,,11059,8,,,0,29,,11060,8,,,0,70,,11061,8,,,0,100,,11062,8,,,0,100,,11063,8,,,0,100,,11064,8,,,0
4001,'5568',1453,,11065,8,,,0,161,,11066,8,,,0
