600,'4614',703,,10163,28,4,,0,103,,10153,28,4,,0,110,,10156,28,4,,0,97,,10168,28,4,,0,100,,10161,28,4,,0,101,,10152,28,4,,0,104,,10162,28,4,,0,104,,10154,28,4,,0,108,,10155,28,4,,0,95,,10158,28,4,,0,99,,10167,28,4,,0,95,,10159,28,4,,0,98,,10157,28,4,,0,99,,10160,28,4,,0,98,,10164,28,4,,0,100,,10165,28,4,,0,100,,10166,28,4,,0
600,'5544',709,,10170,28,4,,0,95,,10178,28,4,,0,107,,10177,28,4,,0,100,,10175,28,4,,0,100,,10182,28,4,,0,100,,10172,28,4,,0,101,,10179,28,4,,0,103,,10169,28,4,,0,101,,10176,28,4,,0,100,,10174,28,4,,0,102,,10181,28,4,,0,100,,10180,28,4,,0,98,,10173,28,4,,0,100,,10171,28,4,,0
600,'5547',701,,10188,28,4,,0,104,,10191,28,4,,0,106,,10198,28,4,,0,100,,10185,28,4,,0,101,,10195,28,4,,0,100,,10186,28,4,,0,104,,10189,28,4,,0,100,,10190,28,4,,0,101,,10192,28,4,,0,101,,10194,28,4,,0,100,,10183,28,4,,0,99,,10187,28,4,,0,100,,10199,28,4,,0,99,,10184,28,4,,0,100,,10196,28,4,,0,98,,10197,28,4,,0,100,,10193,28,4,,0
601,'4614',620,,10204,1,,,0,96,,10215,1,,,0,88,,10203,1,,,0,19,,10212,1,,,0,106,,10200,1,,,0,97,,10210,1,,,0,100,,10202,1,,,0,104,,10201,1,,,0,101,,10216,1,,,0,105,,10205,1,,,0,105,,10207,1,,,0,99,,10208,1,,,0,100,,10217,1,,,0,92,,10206,1,,,0,101,,10218,1,,,0,101,,10209,1,,,0,100,,10211,1,,,0,101,,10213,1,,,0,100,,10214,1,,,0
601,'5544',724,,10223,1,,,0,206,,10229,1,,,0,100,,10219,1,,,0,100,,10225,1,,,0,100,,10220,1,,,0,99,,10230,1,,,0,99,,10222,1,,,0,102,,10226,1,,,0,100,,10221,1,,,0,102,,10228,1,,,0,100,,10227,1,,,0,101,,10224,1,,,0
601,'5547',724,,10239,1,,,0,105,,10246,1,,,0,100,,10240,1,,,0,100,,10237,1,,,0,99,,10241,1,,,0,101,,10238,1,,,0,100,,10236,1,,,0,100,,10231,1,,,0,101,,10233,1,,,0,101,,10234,1,,,0,101,,10247,1,,,0,101,,10235,1,,,0,100,,10232,1,,,0,101,,10244,1,,,0,101,,10245,1,,,0,100,,10242,1,,,0,102,,10243,1,,,0
2500,'4614',808,,10611,28,4,,0,441,,10613,28,4,,0
2500,'5544',808,,10616,28,4,,0
2500,'5547',808,,10622,28,4,,0
2501,'4614',813,,10626,1,,,0,302,,10627,2,,,0,139,,10628,1,,,0,261,,10629,2,,,0,400,,10630,2,,,0,90,,10631,1,,,0
2501,'5544',813,,10632,1,,,0,302,,10633,2,,,0,400,,10634,2,,,0,200,,10636,2,,,0,200,,10635,2,,,0
2501,'5547',813,,10638,1,,,0,302,,10640,2,,,0,400,,10639,2,,,0,200,,10641,2,,,0,200,,10637,2,,,0
