2001,'4614',708,,10575,41,,,0,106,,10581,58,,,0,2,,10582,22,,,0,27,,10574,58,,,0,87,,10569,41,,,0,100,,10580,58,,,0,21,,10570,41,,,0,100,,10579,41,,,0,101,,10576,41,,,0,100,,10577,41,,,0,155,,10578,58,,,0,345,,10571,41,,,0,373,,10572,58,,,0,196,,10573,58,,,0
2001,'5289',1656,,10583,41,,,0
2001,'5299',1557,,10586,41,,,0,198,,10584,41,,,0,270,,10585,58,,,0
2001,'5544',813,,10592,41,,,0,202,,10587,41,,,0,201,,10589,41,,,0,200,,10588,41,,,0,201,,10590,41,,,0,198,,10591,41,,,0
2001,'5547',858,,10604,58,,,0,97,,10599,41,,,0,100,,10603,41,,,0,100,,10600,41,,,0,101,,10593,41,,,0,100,,10602,41,,,0,100,,10606,41,,,0,100,,10596,41,,,0,98,,10601,41,,,0,100,,10597,41,,,0,99,,10594,41,,,0,174,,10605,58,,,0,200,,10598,58,,,0,194,,10595,58,,,0
2001,'5567',1557,,10609,41,,,0,198,,10607,41,,,0,270,,10608,58,,,0
2001,'5568',1656,,10610,41,,,0
1002001,'4614',729,,11410,41,,,0,183,,11411,58,,,0,44,,11412,41,,,0,164,,11413,41,,,0,100,,11406,41,,,0,102,,11407,41,,,0,113,,11414,58,,,0,99,,11408,58,,,0,97,,11409,58,,,0,98,,11415,58,,,0,100,,11416,58,,,0,98,,11417,58,,,0,199,,11418,58,,,0,198,,11419,58,,,0
1002001,'5544',927,,11420,58,,,0,201,,11421,58,,,0,202,,11422,58,,,0,199,,11423,58,,,0,200,,11424,58,,,0,199,,11426,58,,,0,198,,11425,58,,,0
1002001,'5547',755,,11440,58,,,0,172,,11427,58,,,0,100,,11428,58,,,0,100,,11429,58,,,0,100,,11430,58,,,0,101,,11439,58,,,0,100,,11431,58,,,0,100,,11432,58,,,0,100,,11433,58,,,0,100,,11434,58,,,0,100,,11435,58,,,0,99,,11436,58,,,0,200,,11437,58,,,0,198,,11438,58,,,0
