2001,'4614',645,,10575,9,,,0,86,,10581,9,0,9 10 11,0,70,,10574,9,0,9 10 11,0,105,,10569,9,,,0,45,,10580,9,0,9 10 11,0,75,,10570,9,,,0,100,,10579,9,,,0,101,,10576,9,,,0,100,,10577,9,,,0,97,,10578,9,0,9 10 11,0,407,,10571,9,,,0,320,,10572,9,0,9 10 11,0,198,,10573,9,0,9 10 11,0
2001,'5289',1632,,10583,9,,,0
2001,'5299',1532,,10586,9,,,0,200,,10584,9,,,0,219,,10585,9,0,9 10 11,0
2001,'5544',750,,10592,9,,,0,202,,10587,9,,,0,200,,10589,9,,,0,200,,10588,9,,,0,201,,10590,9,,,0,199,,10591,9,,,0
2001,'5547',821,,10604,9,0,9 10 11,0,110,,10599,9,,,0,100,,10603,9,,,0,100,,10600,9,,,0,101,,10593,9,,,0,100,,10602,9,,,0,100,,10606,9,,,0,100,,10596,9,,,0,100,,10601,9,,,0,100,,10597,9,,,0,99,,10594,9,,,0,120,,10605,9,0,9 10 11,0,200,,10598,9,0,9 10 11,0,198,,10595,9,0,9 10 11,0
2001,'5567',1532,,10609,9,,,0,200,,10607,9,,,0,219,,10608,9,0,9 10 11,0
2001,'5568',1632,,10610,9,,,0
2501,'4614',819,,10626,9,,,0,302,,10627,10,,,0,179,,10628,9,,,0,222,,10629,10,,,0,399,,10630,10,,,0,90,,10631,9,,,0
2501,'5544',820,,10632,9,,,0,303,,10633,10,,,0,400,,10634,10,,,0,200,,10636,10,,,0,200,,10635,10,,,0
2501,'5547',820,,10638,9,,,0,303,,10640,10,,,0,400,,10639,10,,,0,200,,10641,10,,,0,200,,10637,10,,,0
1002001,'4614',705,,11410,9,,,0,126,,11411,9,,,0,100,,11412,9,,,0,125,,11413,9,,,0,100,,11406,9,,,0,101,,11407,9,,,0,95,,11414,9,,,0,100,,11408,9,,,0,100,,11409,9,,,0,100,,11415,9,,,0,100,,11416,9,,,0,99,,11417,9,,,0,200,,11418,9,,,0,199,,11419,9,,,0
1002001,'5544',851,,11420,9,,,0,201,,11421,9,,,0,200,,11422,9,,,0,200,,11423,9,,,0,200,,11424,9,,,0,199,,11426,9,,,0,200,,11425,9,,,0
1002001,'5547',720,,11440,9,,,0,131,,11427,9,,,0,100,,11428,9,,,0,100,,11429,9,,,0,100,,11430,9,,,0,101,,11439,9,,,0,100,,11431,9,,,0,100,,11432,9,,,0,100,,11433,9,,,0,100,,11434,9,,,0,100,,11435,9,,,0,99,,11436,9,,,0,200,,11437,9,,,0,199,,11438,9,,,0
