2000,'4614',610,,10541,38,,,0,102,,10542,38,,,0,107,,10543,38,,,0,1188,,10539,38,,,0,198,,10540,38,,,0
2000,'5544',911,,10550,38,,,0,202,,10553,38,,,0,201,,10552,38,,,0,202,,10554,38,,,0,200,,10551,38,,,0,293,,10555,38,,,0
2000,'5547',2008,,10561,38,,,0,198,,10566,38,,,0
2001,'4614',751,,10581,30,,,0,72,,10574,30,,,0,188,,10580,30,,,0,434,,10578,30,,,0,764,,10572,30,,,0,197,,10573,30,,,0
2001,'5299',2009,,10585,30,,,0
2001,'5547',840,,10604,30,,,0,1170,,10605,30,,,0,200,,10598,30,,,0,197,,10595,30,,,0
2001,'5567',2009,,10608,30,,,0
4001,'4614',651,,10973,32,,,0,72,,10974,32,,,0,33,,10976,32,,,0,55,,10978,32,,,0,17,,10975,32,,,0,17,,10979,32,,,0,13,,10953,32,,,0,55,,10980,32,,,0,15,,10955,32,,,0,16,,10981,32,,,0,14,,10954,32,,,0,56,,10982,32,,,0,15,,10956,32,,,0,15,,10983,32,,,0,15,,10957,32,,,0,55,,10984,32,,,0,16,,10958,32,,,0,15,,10985,32,,,0,55,,10959,32,,,0,15,,10986,32,,,0,15,,10960,32,,,0,15,,10987,32,,,0,56,,10961,32,,,0,15,,10988,32,,,0,15,,10962,32,,,0,15,,10989,32,,,0,55,,10963,32,,,0,16,,10990,32,,,0,15,,10964,32,,,0,11,,10991,32,,,0,10,,10992,32,,,0,51,,10965,32,,,0,10,,10993,32,,,0,20,,10966,32,,,0,20,,10995,32,,,0,50,,10968,32,,,0,10,,10994,32,,,0,10,,10996,32,,,0,10,,10967,32,,,0,20,,10997,32,,,0,50,,10969,32,,,0,14,,10998,32,,,0,14,,10977,32,,,0,15,,10999,32,,,0,54,,10971,32,,,0,14,,11000,32,,,0,14,,10970,32,,,0,15,,11001,32,,,0,15,,10972,32,,,0,55,,11002,32,,,0,14,,10952,32,,,0,29,,10951,32,,,0,71,,10950,32,,,0,29,,10946,32,,,0,69,,10949,32,,,0,29,,10945,32,,,0,69,,10948,32,,,0,29,,10944,32,,,0,69,,10947,32,,,0,30,,10943,32,,,0,70,,11003,32,,,0
4001,'4619',1544,,11005,32,,,0
4001,'5289',1524,,11006,32,,,0,20,,11007,32,,,0,100,,11008,32,,,0
4001,'5299',1544,,11009,32,,,0
4001,'5544',725,,11010,32,,,0,103,,11012,32,,,0,101,,11014,32,,,0,100,,11016,32,,,0,30,,11017,32,,,0,70,,11018,32,,,0,71,,11019,32,,,0,31,,11020,32,,,0,70,,11021,32,,,0,30,,11022,32,,,0,71,,11023,32,,,0,28,,11024,32,,,0,70,,11025,32,,,0,30,,11026,32,,,0,70,,11027,32,,,0,30,,11028,32,,,0,70,,11029,32,,,0,30,,11030,32,,,0,28,,11031,32,,,0,70,,11032,32,,,0,30,,11033,32,,,0,70,,11015,32,,,0,29,,11013,32,,,0,70,,11011,32,,,0
4001,'5547',726,,11034,32,,,0,102,,11035,32,,,0,31,,11036,32,,,0,71,,11037,32,,,0,70,,11038,32,,,0,30,,11039,32,,,0,70,,11040,32,,,0,31,,11041,32,,,0,70,,11042,32,,,0,30,,11043,32,,,0,70,,11044,32,,,0,30,,11045,32,,,0,70,,11046,32,,,0,30,,11047,32,,,0,70,,11048,32,,,0,30,,11049,32,,,0,70,,11050,32,,,0,31,,11051,32,,,0,70,,11052,32,,,0,29,,11053,32,,,0,70,,11054,32,,,0,29,,11055,32,,,0,29,,11056,32,,,0,70,,11057,32,,,0,29,,11058,32,,,0,70,,11059,32,,,0,29,,11060,32,,,0,70,,11061,32,,,0,98,,11062,32,,,0,99,,11063,32,,,0,100,,11064,32,,,0
4001,'5568',1524,,11065,32,,,0,120,,11066,32,,,0
7200,'4614',636,,11112,2,,,0,70,,11113,2,,,0,30,,11114,2,,,0,70,,11115,2,,,0,32,,11116,2,,,0,70,,11117,2,,,0,30,,11118,2,,,0,70,,11119,2,,,0,30,,11120,2,,,0,70,,11121,2,,,0,30,,11122,2,,,0,70,,11123,2,,,0,30,,11124,2,,,0,70,,11125,2,,,0,30,,11126,2,,,0,70,,11127,2,,,0,32,,11128,2,,,0,70,,11129,2,,,0,31,,11130,2,,,0,70,,11131,2,,,0,30,,11132,2,,,0,69,,11133,2,,,0,30,,11134,2,,,0,69,,11135,2,,,0,29,,11136,2,,,0,98,,11137,2,,,0,100,,11138,2,,,0,100,,11139,2,,,0,100,,11140,2,,,0
7200,'5544',738,,11141,2,,,0,100,,11142,2,,,0,100,,11143,2,,,0,100,,11144,2,,,0,100,,11145,2,,,0,100,,11146,2,,,0,100,,11147,2,,,0,100,,11148,2,,,0,100,,11149,2,,,0,100,,11150,2,,,0,100,,11151,2,,,0,100,,11152,2,,,0,100,,11153,2,,,0
7200,'5547',638,,11156,2,,,0,100,,11158,2,,,0,100,,11160,2,,,0,70,,11161,2,,,0,30,,11162,2,,,0,70,,11163,2,,,0,30,,11164,2,,,0,70,,11165,2,,,0,30,,11166,2,,,0,70,,11167,2,,,0,30,,11168,2,,,0,70,,11169,2,,,0,30,,11170,2,,,0,70,,11171,2,,,0,30,,11172,2,,,0,70,,11173,2,,,0,30,,11174,2,,,0,70,,11175,2,,,0,30,,11176,2,,,0,70,,11177,2,,,0,30,,11178,2,,,0,70,,11179,2,,,0,28,,11180,2,,,0,100,,11181,2,,,0,100,,11155,2,,,0,100,,11159,2,,,0,100,,11154,2,,,0,100,,11157,2,,,0
1002000,'4614',844,,11379,44,,,0,403,,11368,44,,,0,206,,11375,44,,,0,103,,11371,44,,,0,184,,11376,44,,,0,368,,11377,44,,,0,199,,11378,44,,,0
1002000,'5299',1643,,11380,44,,,0,269,,11381,44,,,0
1002000,'5544',715,,11382,44,,,0,100,,11388,44,,,0
1002000,'5547',638,,11391,44,,,0,101,,11403,44,,,0,100,,11390,44,,,0,100,,11392,44,,,0,100,,11393,44,,,0,101,,11394,44,,,0,100,,11395,44,,,0,100,,11396,44,,,0,101,,11397,44,,,0,100,,11402,44,,,0,100,,11398,44,,,0,98,,11399,44,,,0,174,,11400,44,,,0,196,,11401,44,,,0,198,,11389,44,,,0
1002000,'5567',1643,,11404,44,,,0,269,,11405,44,,,0
1002001,'4614',852,,11411,30,,,0,560,,11414,30,,,0,101,,11408,30,,,0,99,,11409,30,,,0,100,,11415,30,,,0,100,,11416,30,,,0,98,,11417,30,,,0,199,,11418,30,,,0,199,,11419,30,,,0
1002001,'5544',910,,11420,30,,,0,201,,11421,30,,,0,201,,11422,30,,,0,200,,11423,30,,,0,200,,11424,30,,,0,199,,11426,30,,,0,199,,11425,30,,,0
1002001,'5547',739,,11440,30,,,0,171,,11427,30,,,0,100,,11428,30,,,0,100,,11429,30,,,0,100,,11430,30,,,0,101,,11439,30,,,0,100,,11431,30,,,0,100,,11432,30,,,0,100,,11433,30,,,0,100,,11434,30,,,0,100,,11435,30,,,0,99,,11436,30,,,0,200,,11437,30,,,0,198,,11438,30,,,0
