2000,'4614',610,,10541,40,,,0,102,,10542,40,,,0,108,,10543,40,,,0,1187,,10539,40,,,0,198,,10540,40,,,0
2000,'5544',911,,10550,40,,,0,202,,10553,40,,,0,201,,10552,40,,,0,202,,10554,40,,,0,200,,10551,40,,,0,293,,10555,40,,,0
2000,'5547',2008,,10561,40,,,0,198,,10566,40,,,0
2001,'4614',752,,10581,32,,,0,72,,10574,32,,,0,188,,10580,32,,,0,434,,10578,32,,,0,764,,10572,32,,,0,196,,10573,32,,,0
2001,'5299',2010,,10585,32,,,0
2001,'5547',841,,10604,32,,,0,1170,,10605,32,,,0,200,,10598,32,,,0,196,,10595,32,,,0
2001,'5567',2010,,10608,32,,,0
7200,'4614',636,,11112,4,,,0,70,,11113,4,,,0,30,,11114,4,,,0,71,,11115,4,,,0,32,,11116,4,,,0,69,,11117,4,,,0,30,,11118,4,,,0,70,,11119,4,,,0,30,,11120,4,,,0,70,,11121,4,,,0,30,,11122,4,,,0,70,,11123,4,,,0,30,,11124,4,,,0,70,,11125,4,,,0,30,,11126,4,,,0,71,,11127,4,,,0,32,,11128,4,,,0,70,,11129,4,,,0,31,,11130,4,,,0,70,,11131,4,,,0,30,,11132,4,,,0,68,,11133,4,,,0,30,,11134,4,,,0,69,,11135,4,,,0,29,,11136,4,,,0,98,,11137,4,,,0,100,,11138,4,,,0,100,,11139,4,,,0,100,,11140,4,,,0
7200,'5544',738,,11141,4,,,0,100,,11142,4,,,0,100,,11143,4,,,0,100,,11144,4,,,0,100,,11145,4,,,0,100,,11146,4,,,0,100,,11147,4,,,0,100,,11148,4,,,0,100,,11149,4,,,0,100,,11150,4,,,0,100,,11151,4,,,0,100,,11152,4,,,0,100,,11153,4,,,0
7200,'5547',638,,11156,4,,,0,100,,11158,4,,,0,100,,11160,4,,,0,70,,11161,4,,,0,30,,11162,4,,,0,70,,11163,4,,,0,30,,11164,4,,,0,70,,11165,4,,,0,30,,11166,4,,,0,70,,11167,4,,,0,30,,11168,4,,,0,70,,11169,4,,,0,30,,11170,4,,,0,70,,11171,4,,,0,30,,11172,4,,,0,70,,11173,4,,,0,30,,11174,4,,,0,70,,11175,4,,,0,30,,11176,4,,,0,70,,11177,4,,,0,30,,11178,4,,,0,70,,11179,4,,,0,28,,11180,4,,,0,100,,11181,4,,,0,100,,11155,4,,,0,100,,11159,4,,,0,100,,11154,4,,,0,100,,11157,4,,,0
1002000,'4614',845,,11379,46,,,0,402,,11368,46,,,0,207,,11375,46,,,0,103,,11371,46,,,0,184,,11376,46,,,0,367,,11377,46,,,0,199,,11378,46,,,0
1002000,'5299',1644,,11380,46,,,0,268,,11381,46,,,0
1002000,'5544',715,,11382,46,,,0,100,,11388,46,,,0
1002000,'5547',638,,11391,46,,,0,101,,11403,46,,,0,100,,11390,46,,,0,100,,11392,46,,,0,100,,11393,46,,,0,101,,11394,46,,,0,100,,11395,46,,,0,100,,11396,46,,,0,101,,11397,46,,,0,100,,11402,46,,,0,100,,11398,46,,,0,98,,11399,46,,,0,174,,11400,46,,,0,196,,11401,46,,,0,198,,11389,46,,,0
1002000,'5567',1644,,11404,46,,,0,268,,11405,46,,,0
1002001,'4614',853,,11411,32,,,0,560,,11414,32,,,0,101,,11408,32,,,0,99,,11409,32,,,0,100,,11415,32,,,0,100,,11416,32,,,0,98,,11417,32,,,0,199,,11418,32,,,0,198,,11419,32,,,0
1002001,'5544',911,,11420,32,,,0,201,,11421,32,,,0,201,,11422,32,,,0,200,,11423,32,,,0,200,,11424,32,,,0,199,,11426,32,,,0,198,,11425,32,,,0
1002001,'5547',739,,11440,32,,,0,172,,11427,32,,,0,100,,11428,32,,,0,100,,11429,32,,,0,100,,11430,32,,,0,101,,11439,32,,,0,100,,11431,32,,,0,100,,11432,32,,,0,100,,11433,32,,,0,100,,11434,32,,,0,100,,11435,32,,,0,99,,11436,32,,,0,200,,11437,32,,,0,198,,11438,32,,,0
