2000,'4614',600,,10541,25,0,9 12 2 5,0,100,,10542,25,0,9 12 2 5,0,105,,10543,25,0,9 12 2 5,0,97,,10536,25,,,0,100,,10549,25,,,0,100,,10544,25,,,0,101,,10545,25,,,0,100,,10546,25,,,0,100,,10537,25,,,0,207,,10547,25,,,0,97,,10548,25,,,0,98,,10538,25,,,0,151,,10539,25,0,9 12 2 5,0,199,,10540,25,0,9 12 2 5,0
2000,'5544',902,,10550,25,0,9 12 2 5,0,201,,10553,25,0,9 12 2 5,0,201,,10552,25,0,9 12 2 5,0,202,,10554,25,0,9 12 2 5,0,200,,10551,25,0,9 12 2 5,0,294,,10555,25,0,9 12 2 5,0
2000,'5547',802,,10568,25,,,0,100,,10564,25,,,0,101,,10563,25,,,0,101,,10565,25,,,0,100,,10556,25,,,0,100,,10557,25,,,0,100,,10559,25,,,0,101,,10567,25,,,0,100,,10560,25,,,0,100,,10558,25,,,0,97,,10562,25,,,0,155,,10561,25,0,9 12 2 5,0,198,,10566,25,0,9 12 2 5,0
9200,'4619',1415,,11284,21,,,0,2,,11283,21,,,0
9200,'5289',1524,,11286,21,,,0,2,,11285,21,,,0
9200,'5299',1431,,11287,21,,,0,2,,11288,21,,,0
1002000,'4614',632,,11372,31,,,0,113,,11373,31,,,0,86,,11379,31,,,0,103,,11374,31,,,0,100,,11366,31,,,0,100,,11367,31,,,0,101,,11368,31,,,0,100,,11369,31,,,0,105,,11375,31,,,0,89,,11370,31,,,0,15,,11371,31,,,0,185,,11376,31,,,0,329,,11377,31,,,0,199,,11378,31,,,0
1002000,'5299',1632,,11380,31,,,0,269,,11381,31,,,0
1002000,'5544',704,,11382,31,,,0,100,,11388,31,,,0,200,,11383,31,,,0,201,,11384,31,,,0,200,,11385,31,,,0,202,,11386,31,,,0,199,,11387,31,,,0
1002000,'5547',627,,11391,31,,,0,100,,11403,31,,,0,100,,11390,31,,,0,100,,11392,31,,,0,100,,11393,31,,,0,101,,11394,31,,,0,100,,11395,31,,,0,100,,11396,31,,,0,101,,11397,31,,,0,100,,11402,31,,,0,100,,11398,31,,,0,98,,11399,31,,,0,175,,11400,31,,,0,156,,11401,31,,,0,199,,11389,31,,,0
1002000,'5567',1632,,11404,31,,,0,269,,11405,31,,,0
