100,'4614',503,,9931,11,,,0,45,,9932,11,,,0,70,,9920,11,,,0,31,,9927,11,,,0,72,,9921,11,,,0,22,,9918,11,,,0,61,,9917,11,,,0,21,,9919,11,,,0,19,,9915,11,,,0,60,,9930,11,,,0,20,,9914,11,,,0,20,,9908,11,,,0,71,,9913,11,,,0,30,,9899,11,,,0,70,,9916,11,,,0,31,,9900,11,,,0,70,,9909,11,,,0,31,,9902,11,,,0,70,,9912,11,,,0,31,,9929,11,,,0,70,,9906,11,,,0,30,,9903,11,,,0,70,,9907,11,,,0,30,,9892,11,,,0,60,,9905,11,,,0,20,,9891,11,,,0,20,,9911,11,,,0,60,,9893,11,,,0,19,,9901,11,,,0,19,,9928,11,,,0,69,,9910,11,,,0,30,,9895,11,,,0,68,,9922,11,,,0,30,,9898,11,,,0,69,,9923,11,,,0,30,,9896,11,,,0,70,,9924,11,,,0,30,,9894,11,,,0,67,,9925,11,,,0,30,,9897,11,,,0,70,,9926,11,,,0,98,,9904,11,,,0
100,'5544',739,,9952,11,,,0,70,,9951,11,,,0,30,,9943,11,,,0,70,,9942,11,,,0,34,,9933,11,,,0,70,,9945,11,,,0,30,,9954,11,,,0,71,,9948,11,,,0,30,,9955,11,,,0,71,,9940,11,,,0,30,,9941,11,,,0,70,,9956,11,,,0,31,,9935,11,,,0,70,,9953,11,,,0,30,,9947,11,,,0,70,,9938,11,,,0,30,,9944,11,,,0,69,,9946,11,,,0,30,,9957,11,,,0,70,,9939,11,,,0,30,,9934,11,,,0,68,,9937,11,,,0,28,,9958,11,,,0,70,,9949,11,,,0,30,,9936,11,,,0,70,,9959,11,,,0,29,,9950,11,,,0,69,,9960,11,,,0
100,'5547',639,,9995,11,,,0,70,,9988,11,,,0,30,,9968,11,,,0,70,,9973,11,,,0,30,,9972,11,,,0,72,,9986,11,,,0,32,,9981,11,,,0,70,,9967,11,,,0,31,,9970,11,,,0,72,,9985,11,,,0,31,,9964,11,,,0,70,,9984,11,,,0,30,,9966,11,,,0,70,,9993,11,,,0,30,,9979,11,,,0,70,,9962,11,,,0,30,,9989,11,,,0,70,,9991,11,,,0,30,,9963,11,,,0,70,,9992,11,,,0,30,,9980,11,,,0,69,,9994,11,,,0,30,,9974,11,,,0,69,,9978,11,,,0,29,,9987,11,,,0,70,,9961,11,,,0,29,,9990,11,,,0,70,,9976,11,,,0,28,,9983,11,,,0,70,,9975,11,,,0,30,,9982,11,,,0,68,,9965,11,,,0,30,,9969,11,,,0,70,,9971,11,,,0,100,,9977,11,,,0
2000,'4614',628,,10541,61,,,0,104,,10542,61,,,0,108,,10543,61,,,0,80,,10536,44,,,0,100,,10549,44,,,0,101,,10544,44,,,0,102,,10545,44,,,0,100,,10546,44,,,0,101,,10537,44,,,0,206,,10547,44,,,0,97,,10548,44,,,0,97,,10538,44,,,0,202,,10539,61,,,0,197,,10540,61,,,0
2000,'5544',929,,10550,61,,,0,203,,10553,61,,,0,203,,10552,61,,,0,201,,10554,61,,,0,199,,10551,61,,,0,292,,10555,61,,,0
2000,'5547',819,,10568,44,,,0,100,,10564,44,,,0,103,,10563,44,,,0,101,,10565,44,,,0,100,,10556,44,,,0,100,,10557,44,,,0,100,,10559,44,,,0,101,,10567,44,,,0,99,,10560,44,,,0,100,,10558,44,,,0,96,,10562,44,,,0,207,,10561,61,,,0,198,,10566,61,,,0
3000,'4614',658,,10665,54,,,0,72,,10667,54,,,0,16,,10671,54,,,0,58,,10663,54,,,0,15,,10672,54,,,0,16,,10666,54,,,0,69,,10670,54,,,0,30,,10664,54,,,0,70,,10642,54,,,0,30,,10643,54,,,0,70,,10644,54,,,0,31,,10645,54,,,0,71,,10646,54,,,0,31,,10647,54,,,0,70,,10648,54,,,0,30,,10650,54,,,0,71,,10651,54,,,0,30,,10652,54,,,0,75,,10649,54,,,0,31,,10653,54,,,0,68,,10668,54,,,0,31,,10654,54,,,0,68,,10669,54,,,0,29,,10655,54,,,0,70,,10656,54,,,0,27,,10657,54,,,0,97,,10658,54,,,0,99,,10659,54,,,0,99,,10660,54,,,0,97,,10661,54,,,0,98,,10662,54,,,0
3000,'5544',728,,10673,54,,,0,100,,10674,54,,,0,101,,10675,54,,,0,103,,10676,54,,,0,101,,10677,54,,,0,102,,10678,54,,,0,101,,10679,54,,,0,101,,10680,54,,,0,99,,10681,54,,,0,100,,10682,54,,,0,99,,10683,54,,,0,100,,10684,54,,,0,97,,10685,54,,,0
3000,'5547',656,,10686,54,,,0,100,,10687,54,,,0,102,,10688,54,,,0,71,,10689,54,,,0,30,,10690,54,,,0,71,,10691,54,,,0,71,,10692,54,,,0,31,,10693,54,,,0,71,,10694,54,,,0,30,,10695,54,,,0,70,,10696,54,,,0,31,,10697,54,,,0,71,,10698,54,,,0,30,,10699,54,,,0,69,,10700,54,,,0,32,,10701,54,,,0,69,,10702,54,,,0,30,,10703,54,,,0,69,,10704,54,,,0,30,,10705,54,,,0,68,,10706,54,,,0,29,,10707,54,,,0,102,,10708,54,,,0,99,,10709,54,,,0,99,,10710,54,,,0,98,,10711,54,,,0,99,,10712,54,,,0
7200,'4614',655,,11112,28,,,0,72,,11113,28,,,0,31,,11114,28,,,0,71,,11115,28,,,0,71,,11116,28,,,0,29,,11117,28,,,0,30,,11118,28,,,0,70,,11119,28,,,0,30,,11120,28,,,0,70,,11121,28,,,0,30,,11122,28,,,0,70,,11123,28,,,0,30,,11124,28,,,0,70,,11125,28,,,0,30,,11126,28,,,0,72,,11127,28,,,0,72,,11128,28,,,0,31,,11129,28,,,0,69,,11130,28,,,0,30,,11131,28,,,0,70,,11132,28,,,0,28,,11133,28,,,0,70,,11134,28,,,0,28,,11135,28,,,0,29,,11136,28,,,0,96,,11137,28,,,0,100,,11138,28,,,0,99,,11139,28,,,0,100,,11140,28,,,0
7200,'5544',755,,11141,28,,,0,101,,11142,28,,,0,102,,11143,28,,,0,100,,11144,28,,,0,101,,11145,28,,,0,100,,11146,28,,,0,100,,11147,28,,,0,100,,11148,28,,,0,99,,11149,28,,,0,100,,11150,28,,,0,100,,11151,28,,,0,100,,11152,28,,,0,98,,11153,28,,,0
7200,'5547',655,,11156,28,,,0,101,,11158,28,,,0,100,,11160,28,,,0,72,,11161,28,,,0,30,,11162,28,,,0,70,,11163,28,,,0,30,,11164,28,,,0,71,,11165,28,,,0,30,,11166,28,,,0,70,,11167,28,,,0,30,,11168,28,,,0,70,,11169,28,,,0,30,,11170,28,,,0,70,,11171,28,,,0,30,,11172,28,,,0,69,,11173,28,,,0,30,,11174,28,,,0,70,,11175,28,,,0,30,,11176,28,,,0,70,,11177,28,,,0,30,,11178,28,,,0,70,,11179,28,,,0,28,,11180,28,,,0,98,,11181,28,,,0,100,,11155,28,,,0,100,,11159,28,,,0,100,,11154,28,,,0,99,,11157,28,,,0
1002000,'4614',649,,11372,50,,,0,155,,11373,50,,,0,100,,11379,67,,,0,48,,11374,50,,,0,101,,11366,50,,,0,101,,11367,50,,,0,153,,11368,67,,,0,48,,11369,50,,,0,160,,11375,67,,,0,35,,11370,50,,,0,68,,11371,67,,,0,184,,11376,67,,,0,324,,11377,67,,,0,199,,11378,67,,,0
1002000,'5299',1705,,11380,67,,,0,226,,11381,67,,,0
1002000,'5544',732,,11382,67,,,0,100,,11388,67,,,0,190,,11383,50,,,0,201,,11384,50,,,0,201,,11385,50,,,0,201,,11386,50,,,0,199,,11387,50,,,0
1002000,'5547',656,,11391,67,,,0,101,,11403,67,,,0,100,,11390,67,,,0,100,,11392,67,,,0,102,,11393,67,,,0,141,,11394,67,,,0,100,,11395,67,,,0,100,,11396,67,,,0,101,,11397,67,,,0,100,,11402,67,,,0,99,,11398,67,,,0,58,,11399,67,,,0,173,,11400,67,,,0,196,,11401,67,,,0,198,,11389,67,,,0
1002000,'5567',1705,,11404,67,,,0,226,,11405,67,,,0
