2001,'4614',644,,10575,8,,,0,86,,10581,8,0,9 10 11,0,70,,10574,8,0,9 10 11,0,105,,10569,8,,,0,45,,10580,8,0,9 10 11,0,75,,10570,8,,,0,100,,10579,8,,,0,100,,10576,8,,,0,100,,10577,8,,,0,97,,10578,8,0,9 10 11,0,408,,10571,8,,,0,320,,10572,8,0,9 10 11,0,199,,10573,8,0,9 10 11,0
2001,'5289',1630,,10583,8,,,0
2001,'5299',1530,,10586,8,,,0,200,,10584,8,,,0,220,,10585,8,0,9 10 11,0
2001,'5544',749,,10592,8,,,0,201,,10587,8,,,0,200,,10589,8,,,0,200,,10588,8,,,0,201,,10590,8,,,0,199,,10591,8,,,0
2001,'5547',820,,10604,8,0,9 10 11,0,110,,10599,8,,,0,100,,10603,8,,,0,100,,10600,8,,,0,100,,10593,8,,,0,100,,10602,8,,,0,100,,10606,8,,,0,101,,10596,8,,,0,99,,10601,8,,,0,100,,10597,8,,,0,100,,10594,8,,,0,120,,10605,8,0,9 10 11,0,200,,10598,8,0,9 10 11,0,199,,10595,8,0,9 10 11,0
2001,'5567',1530,,10609,8,,,0,200,,10607,8,,,0,220,,10608,8,0,9 10 11,0
2001,'5568',1630,,10610,8,,,0
2501,'4614',818,,10626,8,,,0,302,,10627,9,,,0,139,,10628,8,,,0,262,,10629,9,,,0,399,,10630,9,,,0,90,,10631,8,,,0
2501,'5544',819,,10632,8,,,0,302,,10633,9,,,0,400,,10634,9,,,0,200,,10636,9,,,0,200,,10635,9,,,0
2501,'5547',819,,10638,8,,,0,302,,10640,9,,,0,400,,10639,9,,,0,200,,10641,9,,,0,200,,10637,9,,,0
1002001,'4614',704,,11410,8,,,0,126,,11411,8,,,0,100,,11412,8,,,0,125,,11413,8,,,0,100,,11406,8,,,0,100,,11407,8,,,0,95,,11414,8,,,0,100,,11408,8,,,0,100,,11409,8,,,0,100,,11415,8,,,0,100,,11416,8,,,0,100,,11417,8,,,0,200,,11418,8,,,0,199,,11419,8,,,0
1002001,'5544',850,,11420,8,,,0,200,,11421,8,,,0,200,,11422,8,,,0,200,,11423,8,,,0,200,,11424,8,,,0,200,,11426,8,,,0,200,,11425,8,,,0
1002001,'5547',719,,11440,8,,,0,131,,11427,8,,,0,100,,11428,8,,,0,100,,11429,8,,,0,100,,11430,8,,,0,100,,11439,8,,,0,100,,11431,8,,,0,100,,11432,8,,,0,100,,11433,8,,,0,100,,11434,8,,,0,100,,11435,8,,,0,100,,11436,8,,,0,200,,11437,8,,,0,199,,11438,8,,,0
