2000,'4614',606,,10541,36,,,0,102,,10542,36,,,0,107,,10543,36,,,0,1188,,10539,36,,,0,198,,10540,36,,,0
2000,'5544',909,,10550,36,,,0,202,,10553,36,,,0,201,,10552,36,,,0,202,,10554,36,,,0,200,,10551,36,,,0,293,,10555,36,,,0
2000,'5547',2004,,10561,36,,,0,198,,10566,36,,,0
2001,'4614',747,,10581,28,,,0,72,,10574,28,,,0,188,,10580,28,,,0,434,,10578,28,,,0,764,,10572,28,,,0,197,,10573,28,,,0
2001,'5299',2005,,10585,28,,,0
2001,'5547',836,,10604,28,,,0,1170,,10605,28,,,0,200,,10598,28,,,0,197,,10595,28,,,0
2001,'5567',2005,,10608,28,,,0
4000,'4614',610,,10854,23,,,0,30,,10855,23,,,0,15,,10881,23,,,0,55,,10856,23,,,0,15,,10880,23,,,0,8,,10882,23,0,6 7,0,7,,10857,23,,,0,8,,10883,23,0,6 7,0,4,,10886,23,0,6 7,0,5,,10879,23,,,0,48,,10884,23,0,6 7,0,7,,10858,23,,,0,8,,10885,23,0,6 7,0,7,,10878,23,,,0,15,,10832,23,,,0,15,,10859,23,,,0,55,,10833,23,,,0,15,,10860,23,,,0,15,,10834,23,,,0,14,,10861,23,,,0,55,,10835,23,,,0,15,,10862,23,,,0,15,,10836,23,,,0,15,,10863,23,,,0,55,,10837,23,,,0,15,,10864,23,,,0,15,,10838,23,,,0,15,,10865,23,,,0,55,,10839,23,,,0,15,,10866,23,,,0,15,,10840,23,,,0,15,,10867,23,,,0,55,,10841,23,,,0,15,,10868,23,,,0,15,,10842,23,,,0,16,,10869,23,,,0,56,,10844,23,,,0,15,,10870,23,,,0,15,,10843,23,,,0,15,,10871,23,,,0,55,,10845,23,,,0,16,,10872,23,,,0,14,,10846,23,,,0,15,,10873,23,,,0,55,,10847,23,,,0,15,,10874,23,,,0,15,,10848,23,,,0,15,,10875,23,,,0,55,,10849,23,,,0,29,,10850,23,,,0,15,,10876,23,,,0,55,,10851,23,,,0,29,,10852,23,,,0,70,,10853,23,,,0,30,,10828,23,,,0,70,,10829,23,,,0,30,,10827,23,,,0,70,,10830,23,,,0,29,,10826,23,,,0,70,,10831,23,,,0,30,,10825,23,,,0,69,,10877,23,,,0
4000,'4619',1728,,10887,23,,,0
4000,'4931',1728,,10888,23,,,0
4000,'5544',710,,10889,23,,,0,100,,10891,23,,,0,100,,10893,23,,,0,32,,10894,23,,,0,69,,10895,23,,,0,30,,10896,23,,,0,70,,10897,23,,,0,30,,10898,23,,,0,70,,10899,23,,,0,30,,10900,23,,,0,72,,10901,23,,,0,30,,10902,23,,,0,70,,10903,23,,,0,32,,10904,23,,,0,68,,10905,23,,,0,30,,10906,23,,,0,70,,10907,23,,,0,30,,10908,23,,,0,70,,10909,23,,,0,28,,10910,23,,,0,70,,10911,23,,,0,30,,10912,23,,,0,70,,10890,23,,,0,30,,10892,23,,,0
4000,'5547',640,,10938,23,,,0,100,,10939,23,,,0,70,,10940,23,,,0,30,,10941,23,,,0,70,,10942,23,,,0,31,,10925,23,,,0,70,,10922,23,,,0,30,,10920,23,,,0,71,,10930,23,,,0,30,,10937,23,,,0,71,,10915,23,,,0,30,,10921,23,,,0,70,,10916,23,,,0,30,,10933,23,,,0,71,,10919,23,,,0,30,,10914,23,,,0,70,,10931,23,,,0,30,,10926,23,,,0,70,,10913,23,,,0,30,,10923,23,,,0,68,,10924,23,,,0,30,,10929,23,,,0,70,,10927,23,,,0,30,,10932,23,,,0,70,,10935,23,,,0,29,,10918,23,,,0,70,,10928,23,,,0,100,,10934,23,,,0,100,,10917,23,,,0,99,,10936,23,,,0
7201,'4614',725,,11182,31,,,0,30,,11183,31,,,0,70,,11184,31,,,0,33,,11185,31,,,0,71,,11186,31,,,0,30,,11187,31,,,0,70,,11188,31,,,0,30,,11189,31,,,0,70,,11190,31,,,0,29,,11191,31,,,0,70,,11192,31,,,0,30,,11193,31,,,0,70,,11194,31,,,0,30,,11195,31,,,0,69,,11196,31,,,0,30,,11197,31,,,0,70,,11198,31,,,0,30,,11199,31,,,0,70,,11200,31,,,0,31,,11201,31,,,0,70,,11202,31,,,0,30,,11203,31,,,0,70,,11204,31,,,0,30,,11205,31,,,0,70,,11206,31,,,0,100,,11207,31,,,0,100,,11208,31,,,0,100,,11209,31,,,0,130,,11210,31,,,0
7201,'5544',828,,11211,31,,,0,100,,11212,31,,,0,100,,11213,31,,,0,100,,11214,31,,,0,99,,11215,31,,,0,100,,11216,31,,,0,100,,11217,31,,,0,100,,11218,31,,,0,101,,11219,31,,,0,100,,11220,31,,,0,100,,11221,31,,,0,100,,11222,31,,,0,100,,11223,31,,,0
7201,'5547',728,,11230,31,,,0,100,,11231,31,,,0,100,,11232,31,,,0,30,,11233,31,,,0,70,,11234,31,,,0,30,,11235,31,,,0,70,,11236,31,,,0,30,,11237,31,,,0,70,,11238,31,,,0,30,,11239,31,,,0,70,,11240,31,,,0,30,,11241,31,,,0,70,,11242,31,,,0,30,,11243,31,,,0,70,,11244,31,,,0,30,,11245,31,,,0,70,,11246,31,,,0,30,,11247,31,,,0,70,,11248,31,,,0,30,,11249,31,,,0,70,,11250,31,,,0,30,,11251,31,,,0,70,,11224,31,,,0,100,,11225,31,,,0,100,,11226,31,,,0,100,,11227,31,,,0,100,,11228,31,,,0,100,,11229,31,,,0
1002000,'4614',840,,11379,42,,,0,403,,11368,42,,,0,206,,11375,42,,,0,103,,11371,42,,,0,184,,11376,42,,,0,368,,11377,42,,,0,199,,11378,42,,,0
1002000,'5299',1639,,11380,42,,,0,269,,11381,42,,,0
1002000,'5544',711,,11382,42,,,0,100,,11388,42,,,0
1002000,'5547',634,,11391,42,,,0,101,,11403,42,,,0,100,,11390,42,,,0,100,,11392,42,,,0,100,,11393,42,,,0,101,,11394,42,,,0,100,,11395,42,,,0,100,,11396,42,,,0,101,,11397,42,,,0,100,,11402,42,,,0,100,,11398,42,,,0,98,,11399,42,,,0,174,,11400,42,,,0,196,,11401,42,,,0,198,,11389,42,,,0
1002000,'5567',1639,,11404,42,,,0,269,,11405,42,,,0
1002001,'4614',848,,11411,28,,,0,560,,11414,28,,,0,101,,11408,28,,,0,99,,11409,28,,,0,100,,11415,28,,,0,100,,11416,28,,,0,98,,11417,28,,,0,199,,11418,28,,,0,199,,11419,28,,,0
1002001,'5544',906,,11420,28,,,0,201,,11421,28,,,0,201,,11422,28,,,0,200,,11423,28,,,0,200,,11424,28,,,0,199,,11426,28,,,0,199,,11425,28,,,0
1002001,'5547',735,,11440,28,,,0,171,,11427,28,,,0,100,,11428,28,,,0,100,,11429,28,,,0,100,,11430,28,,,0,101,,11439,28,,,0,100,,11431,28,,,0,100,,11432,28,,,0,100,,11433,28,,,0,100,,11434,28,,,0,100,,11435,28,,,0,99,,11436,28,,,0,200,,11437,28,,,0,198,,11438,28,,,0
