101,'4614',633,,10024,4,,,0,20,,10023,4,,,0,60,,10027,4,,,0,20,,10021,4,,,0,20,,10025,4,,,0,60,,10036,4,,,0,22,,10026,4,,,0,20,,10020,4,,,0,66,,10017,4,,,0,30,,10016,4,,,0,70,,10019,4,,,0,30,,10007,4,,,0,70,,10018,4,,,0,29,,10008,4,,,0,69,,10014,4,,,0,30,,10035,4,,,0,69,,10015,4,,,0,30,,10011,4,,,0,70,,10013,4,,,0,29,,10033,4,,,0,59,,10009,4,,,0,20,,9996,4,,,0,22,,10022,4,,,0,60,,9998,4,,,0,20,,10006,4,,,0,20,,9997,4,,,0,61,,10012,4,,,0,20,,10010,4,,,0,21,,10034,4,,,0,103,,10001,4,,,0,71,,10029,4,,,0,33,,10002,4,,,0,70,,10028,4,,,0,30,,10003,4,,,0,70,,10031,4,,,0,31,,10004,4,,,0,70,,10030,4,,,0,30,,10005,4,,,0,70,,10032,4,,,0,31,,10000,4,,,0,70,,9999,4,,,0
101,'4619',1821,,10037,4,,,0
101,'4931',1821,,10038,4,,,0
101,'5544',753,,10048,4,,,0,70,,10054,4,,,0,30,,10051,4,,,0,69,,10050,4,,,0,30,,10059,4,,,0,70,,10047,4,,,0,30,,10057,4,,,0,70,,10060,4,,,0,29,,10041,4,,,0,69,,10045,4,,,0,29,,10058,4,,,0,71,,10062,4,,,0,30,,10061,4,,,0,70,,10040,4,,,0,30,,10053,4,,,0,70,,10046,4,,,0,31,,10044,4,,,0,70,,10042,4,,,0,30,,10049,4,,,0,70,,10043,4,,,0,30,,10064,4,,,0,72,,10063,4,,,0,30,,10052,4,,,0,70,,10039,4,,,0,34,,10056,4,,,0,70,,10065,4,,,0,30,,10055,4,,,0,70,,10066,4,,,0
101,'5547',653,,10067,4,,,0,70,,10068,4,,,0,30,,10069,4,,,0,70,,10070,4,,,0,28,,10071,4,,,0,70,,10072,4,,,0,30,,10073,4,,,0,68,,10074,4,,,0,30,,10075,4,,,0,69,,10076,4,,,0,30,,10077,4,,,0,70,,10078,4,,,0,30,,10079,4,,,0,70,,10080,4,,,0,30,,10081,4,,,0,70,,10082,4,,,0,30,,10083,4,,,0,70,,10084,4,,,0,31,,10085,4,,,0,70,,10086,4,,,0,31,,10087,4,,,0,71,,10088,4,,,0,30,,10089,4,,,0,70,,10090,4,,,0,30,,10091,4,,,0,71,,10092,4,,,0,33,,10093,4,,,0,71,,10094,4,,,0,31,,10095,4,,,0,70,,10096,4,,,0,30,,10097,4,,,0,71,,10098,4,,,0,30,,10099,4,,,0,71,,10100,4,,,0,100,,10101,4,,,0
2001,'4614',642,,10575,4,,,0,85,,10581,4,0,9 10 11,0,30,,10574,4,0,9 10 11,0,145,,10569,4,,,0,45,,10580,4,0,9 10 11,0,75,,10570,4,,,0,100,,10579,4,,,0,101,,10576,4,,,0,100,,10577,4,,,0,97,,10578,4,0,9 10 11,0,407,,10571,4,,,0,320,,10572,4,0,9 10 11,0,200,,10573,4,0,9 10 11,0
2001,'5289',1628,,10583,4,,,0
2001,'5299',1528,,10586,4,,,0,200,,10584,4,,,0,219,,10585,4,0,9 10 11,0
2001,'5544',747,,10592,4,,,0,201,,10587,4,,,0,200,,10589,4,,,0,200,,10588,4,,,0,201,,10590,4,,,0,199,,10591,4,,,0
2001,'5547',817,,10604,4,0,9 10 11,0,110,,10599,4,,,0,100,,10603,4,,,0,100,,10600,4,,,0,101,,10593,4,,,0,100,,10602,4,,,0,100,,10606,4,,,0,100,,10596,4,,,0,100,,10601,4,,,0,100,,10597,4,,,0,99,,10594,4,,,0,120,,10605,4,0,9 10 11,0,200,,10598,4,0,9 10 11,0,200,,10595,4,0,9 10 11,0
2001,'5567',1528,,10609,4,,,0,200,,10607,4,,,0,219,,10608,4,0,9 10 11,0
2001,'5568',1628,,10610,4,,,0
2501,'4614',815,,10626,4,,,0,302,,10627,5,,,0,139,,10628,4,,,0,262,,10629,5,,,0,399,,10630,5,,,0,90,,10631,4,,,0
2501,'5544',816,,10632,4,,,0,302,,10633,5,,,0,400,,10634,5,,,0,200,,10636,5,,,0,200,,10635,5,,,0
2501,'5547',816,,10638,4,,,0,302,,10640,5,,,0,400,,10639,5,,,0,200,,10641,5,,,0,200,,10637,5,,,0
7201,'4614',703,,11182,4,,,0,28,,11183,4,,,0,28,,11184,4,,,0,75,,11185,4,,,0,72,,11186,4,,,0,31,,11187,4,,,0,70,,11188,4,,,0,30,,11189,4,,,0,70,,11190,4,,,0,29,,11191,4,,,0,70,,11192,4,,,0,30,,11193,4,,,0,70,,11194,4,,,0,30,,11195,4,,,0,68,,11196,4,,,0,30,,11197,4,,,0,70,,11198,4,,,0,30,,11199,4,,,0,71,,11200,4,,,0,31,,11201,4,,,0,70,,11202,4,,,0,30,,11203,4,,,0,70,,11204,4,,,0,31,,11205,4,,,0,71,,11206,4,,,0,100,,11207,4,,,0,101,,11208,4,,,0,100,,11209,4,,,0,132,,11210,4,,,0
7201,'5544',807,,11211,4,,,0,100,,11212,4,,,0,100,,11213,4,,,0,100,,11214,4,,,0,98,,11215,4,,,0,100,,11216,4,,,0,100,,11217,4,,,0,100,,11218,4,,,0,101,,11219,4,,,0,101,,11220,4,,,0,100,,11221,4,,,0,100,,11222,4,,,0,102,,11223,4,,,0
7201,'5547',709,,11230,4,,,0,98,,11231,4,,,0,100,,11232,4,,,0,30,,11233,4,,,0,70,,11234,4,,,0,30,,11235,4,,,0,70,,11236,4,,,0,29,,11237,4,,,0,70,,11238,4,,,0,30,,11239,4,,,0,70,,11240,4,,,0,30,,11241,4,,,0,70,,11242,4,,,0,30,,11243,4,,,0,70,,11244,4,,,0,30,,11245,4,,,0,70,,11246,4,,,0,31,,11247,4,,,0,70,,11248,4,,,0,30,,11249,4,,,0,70,,11250,4,,,0,30,,11251,4,,,0,70,,11224,4,,,0,101,,11225,4,,,0,101,,11226,4,,,0,100,,11227,4,,,0,101,,11228,4,,,0,101,,11229,4,,,0
1002001,'4614',702,,11410,4,,,0,125,,11411,4,,,0,100,,11412,4,,,0,125,,11413,4,,,0,100,,11406,4,,,0,101,,11407,4,,,0,95,,11414,4,,,0,100,,11408,4,,,0,100,,11409,4,,,0,100,,11415,4,,,0,100,,11416,4,,,0,99,,11417,4,,,0,200,,11418,4,,,0,200,,11419,4,,,0
1002001,'5544',847,,11420,4,,,0,201,,11421,4,,,0,200,,11422,4,,,0,200,,11423,4,,,0,200,,11424,4,,,0,199,,11426,4,,,0,200,,11425,4,,,0
1002001,'5547',717,,11440,4,,,0,130,,11427,4,,,0,100,,11428,4,,,0,100,,11429,4,,,0,100,,11430,4,,,0,101,,11439,4,,,0,100,,11431,4,,,0,100,,11432,4,,,0,100,,11433,4,,,0,100,,11434,4,,,0,100,,11435,4,,,0,99,,11436,4,,,0,200,,11437,4,,,0,200,,11438,4,,,0
