801,'4614',546,,10314,1,0,18,0,91,,10314,59,4,,0,8,,10303,1,0,18,0,92,,10303,59,4,,0,14,,10306,1,0,18,0,66,,10320,44,4,,0,30,,10306,59,4,,0,96,,10317,59,4,,0,5,,10313,1,0,18,0,95,,10313,59,4,,0,5,,10302,1,0,18,0,95,,10302,59,4,,0,9,,10312,1,0,18,0,96,,10312,59,4,,0,6,,10305,1,0,18,0,96,,10305,59,4,,0,4,,10304,1,0,18,0,99,,10304,59,4,,0,100,,10308,59,4,,0,1,,10307,1,0,18,0,100,,10307,59,4,,0,1,,10318,1,0,18,0,96,,10318,59,4,,0,3,,10310,1,0,18,0,95,,10310,59,4,,0,5,,10311,1,0,18,0,93,,10311,59,4,,0,7,,10309,1,0,18,0,92,,10309,59,4,,0,8,,10315,1,0,18,0,91,,10315,59,4,,0,10,,10316,1,0,18,0,89,,10316,59,4,,0,11,,10319,1,0,18,0,88,,10319,59,4,,0
801,'5289',1513,,10321,1,0,18,0
801,'5544',735,,10326,44,4,,0,12,,10327,1,0,18,0,90,,10327,59,4,,0,11,,10334,1,0,18,0,91,,10334,59,4,,0,8,,10325,1,0,18,0,92,,10325,59,4,,0,9,,10329,1,0,18,0,92,,10329,59,4,,0,13,,10328,1,0,18,0,92,,10328,59,4,,0,9,,10330,1,0,18,0,94,,10330,59,4,,0,7,,10331,1,0,18,0,94,,10331,59,4,,0,7,,10324,1,0,18,0,93,,10324,59,4,,0,7,,10335,1,0,18,0,93,,10335,59,4,,0,7,,10322,1,0,18,0,93,,10322,59,4,,0,7,,10323,1,0,18,0,93,,10323,59,4,,0,6,,10333,1,0,18,0,92,,10333,59,4,,0,8,,10332,1,0,18,0,92,,10332,59,4,,0
801,'5547',645,,10337,1,0,18,0,90,,10337,59,4,,0,12,,10350,1,0,18,0,90,,10350,59,4,,0,11,,10338,1,0,18,0,91,,10338,59,4,,0,8,,10339,1,0,18,0,93,,10339,59,4,,0,8,,10340,1,0,18,0,93,,10340,59,4,,0,12,,10348,1,0,18,0,93,,10348,59,4,,0,8,,10349,1,0,18,0,94,,10349,59,4,,0,7,,10341,1,0,18,0,94,,10341,59,4,,0,7,,10342,1,0,18,0,94,,10342,59,4,,0,6,,10343,1,0,18,0,94,,10343,59,4,,0,6,,10351,1,0,18,0,93,,10351,59,4,,0,7,,10344,1,0,18,0,93,,10344,59,4,,0,6,,10336,1,0,18,0,92,,10336,59,4,,0,8,,10345,1,0,18,0,92,,10345,59,4,,0,8,,10346,1,0,18,0,90,,10346,59,4,,0,10,,10347,1,0,18,0,89,,10347,59,4,,0
801,'5568',1413,,10352,1,0,18,0
1500,'4614',921,,10458,18,4,,0,24,,10457,18,4,,0,70,,10459,18,4,,0,30,,10463,18,4,,0,72,,10461,18,4,,0,31,,10462,18,4,,0,71,,10460,18,4,,0,103,,10467,18,4,,0,29,,10466,18,4,,0,74,,10465,18,4,,0,25,,10464,18,4,,0,401,,10468,18,4,,0,100,,10469,18,4,,0,99,,10470,18,4,,0
1500,'5544',744,,10479,18,4,,0,101,,10478,18,4,,0,99,,10483,18,4,,0,101,,10476,18,4,,0,105,,10474,18,4,,0,101,,10480,18,4,,0,100,,10472,18,4,,0,102,,10475,18,4,,0,100,,10471,18,4,,0,100,,10481,18,4,,0,100,,10482,18,4,,0,99,,10477,18,4,,0,100,,10473,18,4,,0
1500,'5547',744,,10491,18,4,,0,101,,10486,18,4,,0,99,,10496,18,4,,0,101,,10494,18,4,,0,105,,10490,18,4,,0,101,,10489,18,4,,0,101,,10487,18,4,,0,101,,10492,18,4,,0,100,,10493,18,4,,0,99,,10497,18,4,,0,101,,10484,18,4,,0,99,,10485,18,4,,0,100,,10488,18,4,,0,100,,10495,18,4,,0
1501,'4614',830,,10499,1,,,0,24,,10500,1,,,0,70,,10501,1,,,0,29,,10498,1,,,0,67,,10502,1,,,0,30,,10503,1,,,0,70,,10504,1,,,0,30,,10505,1,,,0,104,,10507,1,,,0,71,,10506,1,,,0,531,,10509,1,,,0,99,,10508,1,,,0,100,,10510,1,,,0
1501,'5544',744,,10515,1,,,0,207,,10520,1,,,0,100,,10511,1,,,0,101,,10516,1,,,0,100,,10513,1,,,0,100,,10521,1,,,0,100,,10514,1,,,0,102,,10517,1,,,0,100,,10512,1,,,0,101,,10519,1,,,0,100,,10518,1,,,0
1501,'5547',744,,10530,1,,,0,106,,10534,1,,,0,102,,10531,1,,,0,100,,10528,1,,,0,99,,10532,1,,,0,101,,10529,1,,,0,101,,10527,1,,,0,100,,10522,1,,,0,101,,10524,1,,,0,101,,10525,1,,,0,100,,10535,1,,,0,100,,10526,1,,,0,100,,10523,1,,,0,100,,10533,1,,,0
1001500,'4614',707,,11344,23,4,,0,41,,11345,23,4,,0,75,,11343,23,4,,0,27,,11346,23,4,,0,401,,11347,23,4,,0,274,,11353,23,4,,0,26,,11349,23,4,,0,70,,11348,23,4,,0,31,,11350,23,4,,0,75,,11351,23,4,,0,24,,11352,23,4,,0
1001501,'4614',710,,11355,1,,,0,30,,11354,1,,,0,482,,11356,1,,,0,133,,11357,1,,,0,75,,11358,1,,,0,70,,11359,1,,,0,30,,11360,1,,,0,76,,11361,1,,,0,29,,11362,1,,,0,70,,11363,1,,,0,30,,11365,1,,,0,70,,11364,1,,,0
