2000,'4614',558,,10541,22,0,9 12 2 5,0,101,,10542,22,0,9 12 2 5,0,144,,10543,22,0,9 12 2 5,0,98,,10536,22,,,0,100,,10549,22,,,0,100,,10544,22,,,0,101,,10545,22,,,0,100,,10546,22,,,0,100,,10537,22,,,0,206,,10547,22,,,0,97,,10548,22,,,0,99,,10538,22,,,0,151,,10539,22,0,9 12 2 5,0,198,,10540,22,0,9 12 2 5,0
2000,'5544',900,,10550,22,0,9 12 2 5,0,202,,10553,22,0,9 12 2 5,0,201,,10552,22,0,9 12 2 5,0,201,,10554,22,0,9 12 2 5,0,200,,10551,22,0,9 12 2 5,0,255,,10555,22,0,9 12 2 5,0
2000,'5547',801,,10568,22,,,0,100,,10564,22,,,0,101,,10563,22,,,0,101,,10565,22,,,0,100,,10556,22,,,0,100,,10557,22,,,0,100,,10559,22,,,0,101,,10567,22,,,0,100,,10560,22,,,0,100,,10558,22,,,0,97,,10562,22,,,0,155,,10561,22,0,9 12 2 5,0,198,,10566,22,0,9 12 2 5,0
9200,'4619',1414,,11284,18,,,0,2,,11283,18,,,0
9200,'5289',1523,,11286,18,,,0,2,,11285,18,,,0
9200,'5299',1429,,11287,18,,,0,2,,11288,18,,,0
1002000,'4614',631,,11372,28,,,0,112,,11373,28,,,0,87,,11379,28,,,0,103,,11374,28,,,0,100,,11366,28,,,0,100,,11367,28,,,0,101,,11368,28,,,0,100,,11369,28,,,0,104,,11375,28,,,0,89,,11370,28,,,0,15,,11371,28,,,0,185,,11376,28,,,0,329,,11377,28,,,0,199,,11378,28,,,0
1002000,'5299',1630,,11380,28,,,0,270,,11381,28,,,0
1002000,'5544',702,,11382,28,,,0,100,,11388,28,,,0,201,,11383,28,,,0,201,,11384,28,,,0,200,,11385,28,,,0,201,,11386,28,,,0,200,,11387,28,,,0
1002000,'5547',626,,11391,28,,,0,100,,11403,28,,,0,100,,11390,28,,,0,100,,11392,28,,,0,100,,11393,28,,,0,101,,11394,28,,,0,100,,11395,28,,,0,100,,11396,28,,,0,101,,11397,28,,,0,100,,11402,28,,,0,100,,11398,28,,,0,98,,11399,28,,,0,175,,11400,28,,,0,156,,11401,28,,,0,198,,11389,28,,,0
1002000,'5567',1630,,11404,28,,,0,270,,11405,28,,,0
