2000,'4614',550,,10541,6,0,9 12 2 5,0,100,,10542,6,0,9 12 2 5,0,101,,10543,6,0,9 12 2 5,0,100,,10536,6,,,0,100,,10549,6,,,0,100,,10544,6,,,0,101,,10545,6,,,0,100,,10546,6,,,0,100,,10537,6,,,0,205,,10547,6,,,0,97,,10548,6,,,0,100,,10538,6,,,0,192,,10539,6,0,9 12 2 5,0,199,,10540,6,0,9 12 2 5,0
2000,'5544',852,,10550,6,0,9 12 2 5,0,201,,10553,6,0,9 12 2 5,0,200,,10552,6,0,9 12 2 5,0,201,,10554,6,0,9 12 2 5,0,200,,10551,6,0,9 12 2 5,0,295,,10555,6,0,9 12 2 5,0
2000,'5547',752,,10568,6,,,0,100,,10564,6,,,0,101,,10563,6,,,0,100,,10565,6,,,0,100,,10556,6,,,0,100,,10557,6,,,0,100,,10559,6,,,0,101,,10567,6,,,0,100,,10560,6,,,0,100,,10558,6,,,0,97,,10562,6,,,0,195,,10561,6,0,9 12 2 5,0,199,,10566,6,0,9 12 2 5,0
9200,'4619',1401,,11284,2,,,0,2,,11283,2,,,0
9200,'5289',1511,,11286,2,,,0,2,,11285,2,,,0
9200,'5299',1416,,11287,2,,,0,2,,11288,2,,,0
1002000,'4614',621,,11372,12,,,0,111,,11373,12,,,0,86,,11379,12,,,0,104,,11374,12,,,0,100,,11366,12,,,0,100,,11367,12,,,0,101,,11368,12,,,0,100,,11369,12,,,0,102,,11375,12,,,0,89,,11370,12,,,0,16,,11371,12,,,0,186,,11376,12,,,0,331,,11377,12,,,0,199,,11378,12,,,0
1002000,'5299',1618,,11380,12,,,0,232,,11381,12,,,0
1002000,'5544',653,,11382,12,,,0,100,,11388,12,,,0,200,,11383,12,,,0,201,,11384,12,,,0,200,,11385,12,,,0,200,,11386,12,,,0,200,,11387,12,,,0
1002000,'5547',616,,11391,12,,,0,100,,11403,12,,,0,100,,11390,12,,,0,100,,11392,12,,,0,100,,11393,12,,,0,101,,11394,12,,,0,100,,11395,12,,,0,100,,11396,12,,,0,100,,11397,12,,,0,100,,11402,12,,,0,100,,11398,12,,,0,98,,11399,12,,,0,135,,11400,12,,,0,197,,11401,12,,,0,199,,11389,12,,,0
1002000,'5567',1618,,11404,12,,,0,232,,11405,12,,,0
