2001,'4614',702,,10575,32,,,0,104,,10581,49,,,0,2,,10582,13,,,0,28,,10574,49,,,0,88,,10569,32,,,0,99,,10580,49,,,0,21,,10570,32,,,0,100,,10579,32,,,0,101,,10576,32,,,0,100,,10577,32,,,0,155,,10578,49,,,0,347,,10571,32,,,0,373,,10572,49,,,0,196,,10573,49,,,0
2001,'5289',1650,,10583,32,,,0
2001,'5299',1550,,10586,32,,,0,199,,10584,32,,,0,271,,10585,49,,,0
2001,'5544',806,,10592,32,,,0,202,,10587,32,,,0,201,,10589,32,,,0,200,,10588,32,,,0,201,,10590,32,,,0,199,,10591,32,,,0
2001,'5547',851,,10604,49,,,0,97,,10599,32,,,0,100,,10603,32,,,0,100,,10600,32,,,0,101,,10593,32,,,0,100,,10602,32,,,0,100,,10606,32,,,0,100,,10596,32,,,0,99,,10601,32,,,0,100,,10597,32,,,0,99,,10594,32,,,0,174,,10605,49,,,0,200,,10598,49,,,0,195,,10595,49,,,0
2001,'5567',1550,,10609,32,,,0,199,,10607,32,,,0,271,,10608,49,,,0
2001,'5568',1650,,10610,32,,,0
1002001,'4614',722,,11410,32,,,0,183,,11411,49,,,0,44,,11412,32,,,0,165,,11413,32,,,0,100,,11406,32,,,0,101,,11407,32,,,0,112,,11414,49,,,0,100,,11408,49,,,0,98,,11409,49,,,0,98,,11415,49,,,0,100,,11416,49,,,0,98,,11417,49,,,0,199,,11418,49,,,0,198,,11419,49,,,0
1002001,'5544',921,,11420,49,,,0,201,,11421,49,,,0,201,,11422,49,,,0,200,,11423,49,,,0,200,,11424,49,,,0,199,,11426,49,,,0,198,,11425,49,,,0
1002001,'5547',749,,11440,49,,,0,172,,11427,49,,,0,100,,11428,49,,,0,100,,11429,49,,,0,100,,11430,49,,,0,101,,11439,49,,,0,100,,11431,49,,,0,100,,11432,49,,,0,100,,11433,49,,,0,100,,11434,49,,,0,100,,11435,49,,,0,99,,11436,49,,,0,200,,11437,49,,,0,198,,11438,49,,,0
