2501,'4614',835,,10626,20,,,0,301,,10627,21,,,0,179,,10628,20,,,0,224,,10629,21,,,0,397,,10630,21,,,0,89,,10631,20,,,0
2501,'5544',834,,10632,20,,,0,304,,10633,21,,,0,400,,10634,21,,,0,199,,10636,21,,,0,200,,10635,21,,,0
2501,'5547',834,,10638,20,,,0,304,,10640,21,,,0,400,,10639,21,,,0,199,,10641,21,,,0,200,,10637,21,,,0
4001,'4614',642,,10973,26,,,0,72,,10974,26,,,0,32,,10976,26,,,0,55,,10978,26,,,0,17,,10975,26,,,0,17,,10979,26,,,0,13,,10953,26,,,0,56,,10980,26,,,0,15,,10955,26,,,0,16,,10981,26,,,0,14,,10954,26,,,0,55,,10982,26,,,0,15,,10956,26,,,0,15,,10983,26,,,0,15,,10957,26,,,0,55,,10984,26,,,0,16,,10958,26,,,0,15,,10985,26,,,0,15,,10959,26,,,0,55,,10986,26,,,0,15,,10960,26,,,0,15,,10987,26,,,0,16,,10961,26,,,0,55,,10988,26,,,0,15,,10962,26,,,0,15,,10989,26,,,0,15,,10963,26,,,0,56,,10990,26,,,0,15,,10964,26,,,0,11,,10991,26,,,0,10,,10992,26,,,0,11,,10965,26,,,0,50,,10993,26,,,0,19,,11004,16,0,19 20 7,0,1,,10966,26,,,0,20,,10995,26,,,0,10,,10968,26,,,0,50,,10994,26,,,0,10,,10996,26,,,0,10,,10967,26,,,0,20,,10997,26,,,0,10,,10969,26,,,0,54,,10998,26,,,0,14,,10977,26,,,0,15,,10999,26,,,0,15,,10971,26,,,0,54,,11000,26,,,0,14,,10970,26,,,0,15,,11001,26,,,0,15,,10972,26,,,0,55,,11002,26,,,0,14,,10952,26,,,0,29,,10951,26,,,0,71,,10950,26,,,0,29,,10946,26,,,0,69,,10949,26,,,0,30,,10945,26,,,0,69,,10948,26,,,0,29,,10944,26,,,0,69,,10947,26,,,0,30,,10943,26,,,0,70,,11003,26,,,0
4001,'4619',1534,,11005,26,,,0
4001,'5289',1514,,11006,26,,,0,20,,11007,26,,,0,100,,11008,26,,,0
4001,'5299',1534,,11009,26,,,0
4001,'5544',716,,11010,26,,,0,103,,11012,26,,,0,101,,11014,26,,,0,100,,11016,26,,,0,30,,11017,26,,,0,70,,11018,26,,,0,31,,11019,26,,,0,70,,11020,26,,,0,30,,11021,26,,,0,70,,11022,26,,,0,31,,11023,26,,,0,69,,11024,26,,,0,30,,11025,26,,,0,70,,11026,26,,,0,30,,11027,26,,,0,70,,11028,26,,,0,30,,11029,26,,,0,70,,11030,26,,,0,28,,11031,26,,,0,70,,11032,26,,,0,30,,11033,26,,,0,70,,11015,26,,,0,30,,11013,26,,,0,70,,11011,26,,,0
4001,'5547',717,,11034,26,,,0,102,,11035,26,,,0,31,,11036,26,,,0,70,,11037,26,,,0,30,,11038,26,,,0,70,,11039,26,,,0,30,,11040,26,,,0,71,,11041,26,,,0,30,,11042,26,,,0,70,,11043,26,,,0,30,,11044,26,,,0,70,,11045,26,,,0,30,,11046,26,,,0,70,,11047,26,,,0,30,,11048,26,,,0,70,,11049,26,,,0,30,,11050,26,,,0,71,,11051,26,,,0,30,,11052,26,,,0,70,,11053,26,,,0,30,,11054,26,,,0,69,,11055,26,,,0,29,,11056,26,,,0,70,,11057,26,,,0,29,,11058,26,,,0,70,,11059,26,,,0,29,,11060,26,,,0,70,,11061,26,,,0,99,,11062,26,,,0,99,,11063,26,,,0,100,,11064,26,,,0
4001,'5568',1406,,11067,16,0,19 20 7,0,108,,11065,26,,,0,120,,11066,26,,,0
