2001,'4614',643,,10575,6,,,0,86,,10581,6,0,9 10 11,0,30,,10574,6,0,9 10 11,0,145,,10569,6,,,0,45,,10580,6,0,9 10 11,0,75,,10570,6,,,0,100,,10579,6,,,0,100,,10576,6,,,0,100,,10577,6,,,0,97,,10578,6,0,9 10 11,0,408,,10571,6,,,0,320,,10572,6,0,9 10 11,0,199,,10573,6,0,9 10 11,0
2001,'5289',1629,,10583,6,,,0
2001,'5299',1529,,10586,6,,,0,200,,10584,6,,,0,220,,10585,6,0,9 10 11,0
2001,'5544',748,,10592,6,,,0,201,,10587,6,,,0,200,,10589,6,,,0,200,,10588,6,,,0,201,,10590,6,,,0,199,,10591,6,,,0
2001,'5547',819,,10604,6,0,9 10 11,0,110,,10599,6,,,0,100,,10603,6,,,0,100,,10600,6,,,0,100,,10593,6,,,0,100,,10602,6,,,0,100,,10606,6,,,0,101,,10596,6,,,0,99,,10601,6,,,0,100,,10597,6,,,0,100,,10594,6,,,0,120,,10605,6,0,9 10 11,0,200,,10598,6,0,9 10 11,0,199,,10595,6,0,9 10 11,0
2001,'5567',1529,,10609,6,,,0,200,,10607,6,,,0,220,,10608,6,0,9 10 11,0
2001,'5568',1629,,10610,6,,,0
2501,'4614',817,,10626,6,,,0,302,,10627,7,,,0,139,,10628,6,,,0,261,,10629,7,,,0,400,,10630,7,,,0,90,,10631,6,,,0
2501,'5544',817,,10632,6,,,0,303,,10633,7,,,0,400,,10634,7,,,0,200,,10636,7,,,0,200,,10635,7,,,0
2501,'5547',817,,10638,6,,,0,303,,10640,7,,,0,400,,10639,7,,,0,200,,10641,7,,,0,200,,10637,7,,,0
1002001,'4614',703,,11410,6,,,0,126,,11411,6,,,0,100,,11412,6,,,0,125,,11413,6,,,0,100,,11406,6,,,0,100,,11407,6,,,0,95,,11414,6,,,0,100,,11408,6,,,0,100,,11409,6,,,0,100,,11415,6,,,0,100,,11416,6,,,0,100,,11417,6,,,0,200,,11418,6,,,0,199,,11419,6,,,0
1002001,'5544',849,,11420,6,,,0,200,,11421,6,,,0,200,,11422,6,,,0,200,,11423,6,,,0,200,,11424,6,,,0,200,,11426,6,,,0,200,,11425,6,,,0
1002001,'5547',718,,11440,6,,,0,131,,11427,6,,,0,100,,11428,6,,,0,100,,11429,6,,,0,100,,11430,6,,,0,100,,11439,6,,,0,100,,11431,6,,,0,100,,11432,6,,,0,100,,11433,6,,,0,100,,11434,6,,,0,100,,11435,6,,,0,100,,11436,6,,,0,200,,11437,6,,,0,199,,11438,6,,,0
