101,'4614',631,,10024,2,,,0,20,,10023,2,,,0,60,,10027,2,,,0,20,,10021,2,,,0,20,,10025,2,,,0,60,,10036,2,,,0,22,,10026,2,,,0,20,,10020,2,,,0,66,,10017,2,,,0,30,,10016,2,,,0,69,,10019,2,,,0,30,,10007,2,,,0,70,,10018,2,,,0,29,,10008,2,,,0,69,,10014,2,,,0,30,,10035,2,,,0,69,,10015,2,,,0,30,,10011,2,,,0,70,,10013,2,,,0,29,,10033,2,,,0,59,,10009,2,,,0,20,,9996,2,,,0,22,,10022,2,,,0,60,,9998,2,,,0,20,,10006,2,,,0,20,,9997,2,,,0,61,,10012,2,,,0,20,,10010,2,,,0,22,,10034,2,,,0,103,,10001,2,,,0,71,,10029,2,,,0,33,,10002,2,,,0,70,,10028,2,,,0,30,,10003,2,,,0,70,,10031,2,,,0,31,,10004,2,,,0,70,,10030,2,,,0,30,,10005,2,,,0,71,,10032,2,,,0,31,,10000,2,,,0,70,,9999,2,,,0
101,'4619',1819,,10037,2,,,0
101,'4931',1819,,10038,2,,,0
101,'5544',751,,10048,2,,,0,70,,10054,2,,,0,30,,10051,2,,,0,69,,10050,2,,,0,29,,10059,2,,,0,70,,10047,2,,,0,30,,10057,2,,,0,70,,10060,2,,,0,29,,10041,2,,,0,69,,10045,2,,,0,29,,10058,2,,,0,71,,10062,2,,,0,30,,10061,2,,,0,70,,10040,2,,,0,30,,10053,2,,,0,70,,10046,2,,,0,31,,10044,2,,,0,70,,10042,2,,,0,30,,10049,2,,,0,71,,10043,2,,,0,30,,10064,2,,,0,72,,10063,2,,,0,30,,10052,2,,,0,70,,10039,2,,,0,34,,10056,2,,,0,70,,10065,2,,,0,30,,10055,2,,,0,70,,10066,2,,,0
101,'5547',651,,10067,2,,,0,70,,10068,2,,,0,30,,10069,2,,,0,70,,10070,2,,,0,28,,10071,2,,,0,70,,10072,2,,,0,30,,10073,2,,,0,67,,10074,2,,,0,30,,10075,2,,,0,69,,10076,2,,,0,30,,10077,2,,,0,70,,10078,2,,,0,30,,10079,2,,,0,70,,10080,2,,,0,30,,10081,2,,,0,70,,10082,2,,,0,30,,10083,2,,,0,70,,10084,2,,,0,31,,10085,2,,,0,70,,10086,2,,,0,32,,10087,2,,,0,71,,10088,2,,,0,30,,10089,2,,,0,70,,10090,2,,,0,30,,10091,2,,,0,71,,10092,2,,,0,33,,10093,2,,,0,71,,10094,2,,,0,31,,10095,2,,,0,70,,10096,2,,,0,30,,10097,2,,,0,71,,10098,2,,,0,30,,10099,2,,,0,71,,10100,2,,,0,100,,10101,2,,,0
2001,'4614',641,,10575,2,,,0,85,,10581,2,0,9 10 11,0,30,,10574,2,0,9 10 11,0,145,,10569,2,,,0,45,,10580,2,0,9 10 11,0,75,,10570,2,,,0,100,,10579,2,,,0,100,,10576,2,,,0,100,,10577,2,,,0,97,,10578,2,0,9 10 11,0,408,,10571,2,,,0,320,,10572,2,0,9 10 11,0,200,,10573,2,0,9 10 11,0
2001,'5289',1626,,10583,2,,,0
2001,'5299',1526,,10586,2,,,0,200,,10584,2,,,0,220,,10585,2,0,9 10 11,0
2001,'5544',746,,10592,2,,,0,200,,10587,2,,,0,200,,10589,2,,,0,200,,10588,2,,,0,201,,10590,2,,,0,199,,10591,2,,,0
2001,'5547',816,,10604,2,0,9 10 11,0,110,,10599,2,,,0,100,,10603,2,,,0,100,,10600,2,,,0,100,,10593,2,,,0,100,,10602,2,,,0,100,,10606,2,,,0,100,,10596,2,,,0,100,,10601,2,,,0,100,,10597,2,,,0,100,,10594,2,,,0,120,,10605,2,0,9 10 11,0,200,,10598,2,0,9 10 11,0,200,,10595,2,0,9 10 11,0
2001,'5567',1526,,10609,2,,,0,200,,10607,2,,,0,220,,10608,2,0,9 10 11,0
2001,'5568',1626,,10610,2,,,0
2501,'4614',814,,10626,2,,,0,302,,10627,3,,,0,139,,10628,2,,,0,261,,10629,3,,,0,400,,10630,3,,,0,90,,10631,2,,,0
2501,'5544',814,,10632,2,,,0,302,,10633,3,,,0,400,,10634,3,,,0,200,,10636,3,,,0,200,,10635,3,,,0
2501,'5547',814,,10638,2,,,0,302,,10640,3,,,0,400,,10639,3,,,0,200,,10641,3,,,0,200,,10637,3,,,0
3001,'4614',611,,10743,2,,,0,30,,10736,2,,,0,70,,10735,2,,,0,30,,10738,2,,,0,17,,10741,2,,,0,57,,10740,2,,,0,15,,10742,2,,,0,16,,10737,2,,,0,69,,10713,2,,,0,30,,10714,2,,,0,70,,10715,2,,,0,30,,10717,2,,,0,70,,10716,2,,,0,30,,10718,2,,,0,70,,10720,2,,,0,30,,10722,2,,,0,70,,10723,2,,,0,30,,10719,2,,,0,70,,10724,2,,,0,30,,10721,2,,,0,100,,10725,2,,,0,70,,10739,2,,,0,101,,10726,2,,,0,30,,10727,2,,,0,70,,10728,2,,,0,30,,10729,2,,,0,100,,10731,2,,,0,100,,10732,2,,,0,100,,10733,2,,,0,100,,10730,2,,,0,100,,10734,2,,,0
3001,'5289',1515,,10745,2,,,0,131,,10744,2,,,0
3001,'5544',746,,10746,2,,,0,100,,10747,2,,,0,100,,10748,2,,,0,100,,10749,2,,,0,100,,10750,2,,,0,100,,10751,2,,,0,100,,10752,2,,,0,100,,10753,2,,,0,100,,10754,2,,,0,100,,10755,2,,,0,100,,10756,2,,,0,100,,10757,2,,,0,100,,10758,2,,,0
3001,'5547',716,,10759,2,,,0,100,,10760,2,,,0,100,,10761,2,,,0,30,,10762,2,,,0,70,,10763,2,,,0,30,,10764,2,,,0,70,,10765,2,,,0,30,,10766,2,,,0,70,,10767,2,,,0,30,,10768,2,,,0,70,,10769,2,,,0,30,,10770,2,,,0,70,,10771,2,,,0,30,,10772,2,,,0,70,,10773,2,,,0,30,,10774,2,,,0,70,,10775,2,,,0,30,,10776,2,,,0,71,,10777,2,,,0,29,,10778,2,,,0,70,,10779,2,,,0,30,,10780,2,,,0,100,,10781,2,,,0,100,,10782,2,,,0,100,,10783,2,,,0,100,,10784,2,,,0,100,,10785,2,,,0
3001,'5568',1515,,10787,2,,,0,131,,10786,2,,,0
7201,'4614',702,,11182,2,,,0,28,,11183,2,,,0,28,,11184,2,,,0,75,,11185,2,,,0,72,,11186,2,,,0,31,,11187,2,,,0,70,,11188,2,,,0,30,,11189,2,,,0,69,,11190,2,,,0,29,,11191,2,,,0,70,,11192,2,,,0,30,,11193,2,,,0,70,,11194,2,,,0,30,,11195,2,,,0,68,,11196,2,,,0,30,,11197,2,,,0,70,,11198,2,,,0,30,,11199,2,,,0,71,,11200,2,,,0,31,,11201,2,,,0,70,,11202,2,,,0,31,,11203,2,,,0,70,,11204,2,,,0,31,,11205,2,,,0,71,,11206,2,,,0,100,,11207,2,,,0,101,,11208,2,,,0,100,,11209,2,,,0,132,,11210,2,,,0
7201,'5544',806,,11211,2,,,0,100,,11212,2,,,0,100,,11213,2,,,0,99,,11214,2,,,0,98,,11215,2,,,0,100,,11216,2,,,0,100,,11217,2,,,0,100,,11218,2,,,0,101,,11219,2,,,0,101,,11220,2,,,0,100,,11221,2,,,0,100,,11222,2,,,0,102,,11223,2,,,0
7201,'5547',708,,11230,2,,,0,98,,11231,2,,,0,100,,11232,2,,,0,30,,11233,2,,,0,69,,11234,2,,,0,30,,11235,2,,,0,70,,11236,2,,,0,29,,11237,2,,,0,70,,11238,2,,,0,30,,11239,2,,,0,70,,11240,2,,,0,30,,11241,2,,,0,70,,11242,2,,,0,30,,11243,2,,,0,70,,11244,2,,,0,30,,11245,2,,,0,70,,11246,2,,,0,31,,11247,2,,,0,70,,11248,2,,,0,30,,11249,2,,,0,70,,11250,2,,,0,31,,11251,2,,,0,70,,11224,2,,,0,101,,11225,2,,,0,101,,11226,2,,,0,100,,11227,2,,,0,101,,11228,2,,,0,101,,11229,2,,,0
1002001,'4614',701,,11410,2,,,0,125,,11411,2,,,0,100,,11412,2,,,0,125,,11413,2,,,0,100,,11406,2,,,0,100,,11407,2,,,0,95,,11414,2,,,0,100,,11408,2,,,0,100,,11409,2,,,0,100,,11415,2,,,0,100,,11416,2,,,0,100,,11417,2,,,0,200,,11418,2,,,0,200,,11419,2,,,0
1002001,'5544',846,,11420,2,,,0,200,,11421,2,,,0,200,,11422,2,,,0,200,,11423,2,,,0,200,,11424,2,,,0,200,,11426,2,,,0,200,,11425,2,,,0
1002001,'5547',716,,11440,2,,,0,130,,11427,2,,,0,100,,11428,2,,,0,100,,11429,2,,,0,100,,11430,2,,,0,100,,11439,2,,,0,100,,11431,2,,,0,100,,11432,2,,,0,100,,11433,2,,,0,100,,11434,2,,,0,100,,11435,2,,,0,100,,11436,2,,,0,200,,11437,2,,,0,200,,11438,2,,,0
