2000,'4614',619,,10541,51,,,0,102,,10542,51,,,0,108,,10543,51,,,0,81,,10536,34,,,0,100,,10549,34,,,0,100,,10544,34,,,0,102,,10545,34,,,0,100,,10546,34,,,0,100,,10537,34,,,0,206,,10547,34,,,0,97,,10548,34,,,0,98,,10538,34,,,0,203,,10539,51,,,0,198,,10540,51,,,0
2000,'5544',920,,10550,51,,,0,202,,10553,51,,,0,202,,10552,51,,,0,201,,10554,51,,,0,200,,10551,51,,,0,293,,10555,51,,,0
2000,'5547',810,,10568,34,,,0,100,,10564,34,,,0,101,,10563,34,,,0,101,,10565,34,,,0,100,,10556,34,,,0,100,,10557,34,,,0,100,,10559,34,,,0,101,,10567,34,,,0,100,,10560,34,,,0,100,,10558,34,,,0,97,,10562,34,,,0,207,,10561,51,,,0,198,,10566,51,,,0
2500,'4614',751,,10611,16,0,5,0,287,,10612,16,,,0,193,,10613,16,0,5,0,212,,10614,16,,,0,401,,10615,16,,,0
2500,'5544',750,,10616,16,0,5,0,289,,10617,16,,,0,399,,10618,16,,,0,200,,10620,16,,,0,201,,10619,16,,,0
2500,'5547',750,,10622,16,0,5,0,289,,10624,16,,,0,399,,10623,16,,,0,200,,10625,16,,,0,201,,10621,16,,,0
1002000,'4614',640,,11372,40,,,0,113,,11373,40,,,0,101,,11379,57,,,0,88,,11374,40,,,0,100,,11366,40,,,0,101,,11367,40,,,0,113,,11368,57,,,0,88,,11369,40,,,0,159,,11375,57,,,0,35,,11370,40,,,0,68,,11371,57,,,0,144,,11376,57,,,0,367,,11377,57,,,0,199,,11378,57,,,0
1002000,'5299',1653,,11380,57,,,0,268,,11381,57,,,0
1002000,'5544',723,,11382,57,,,0,100,,11388,57,,,0,189,,11383,40,,,0,201,,11384,40,,,0,200,,11385,40,,,0,202,,11386,40,,,0,199,,11387,40,,,0
1002000,'5547',647,,11391,57,,,0,101,,11403,57,,,0,100,,11390,57,,,0,100,,11392,57,,,0,100,,11393,57,,,0,101,,11394,57,,,0,100,,11395,57,,,0,100,,11396,57,,,0,101,,11397,57,,,0,100,,11402,57,,,0,100,,11398,57,,,0,98,,11399,57,,,0,174,,11400,57,,,0,196,,11401,57,,,0,198,,11389,57,,,0
1002000,'5567',1653,,11404,57,,,0,268,,11405,57,,,0
