2000,'4614',603,,10541,31,0,9 12 2 5,0,102,,10542,31,0,9 12 2 5,0,106,,10543,31,0,9 12 2 5,0,1189,,10539,31,0,9 12 2 5,0,158,,10540,31,0,9 12 2 5,0
2000,'5544',906,,10550,31,0,9 12 2 5,0,202,,10553,31,0,9 12 2 5,0,201,,10552,31,0,9 12 2 5,0,202,,10554,31,0,9 12 2 5,0,200,,10551,31,0,9 12 2 5,0,293,,10555,31,0,9 12 2 5,0
2000,'5547',2001,,10561,31,0,9 12 2 5,0,158,,10566,31,0,9 12 2 5,0
2001,'4614',743,,10581,23,0,9 10 11,0,71,,10574,23,0,9 10 11,0,189,,10580,23,0,9 10 11,0,434,,10578,23,0,9 10 11,0,765,,10572,23,0,9 10 11,0,157,,10573,23,0,9 10 11,0
2001,'5299',2002,,10585,23,0,9 10 11,0
2001,'5547',832,,10604,23,0,9 10 11,0,1170,,10605,23,0,9 10 11,0,200,,10598,23,0,9 10 11,0,198,,10595,23,0,9 10 11,0
2001,'5567',2002,,10608,23,0,9 10 11,0
7201,'4614',721,,11182,26,,,0,30,,11183,26,,,0,70,,11184,26,,,0,33,,11185,26,,,0,71,,11186,26,,,0,30,,11187,26,,,0,70,,11188,26,,,0,30,,11189,26,,,0,70,,11190,26,,,0,29,,11191,26,,,0,70,,11192,26,,,0,30,,11193,26,,,0,70,,11194,26,,,0,30,,11195,26,,,0,69,,11196,26,,,0,30,,11197,26,,,0,70,,11198,26,,,0,30,,11199,26,,,0,70,,11200,26,,,0,31,,11201,26,,,0,70,,11202,26,,,0,30,,11203,26,,,0,70,,11204,26,,,0,31,,11205,26,,,0,70,,11206,26,,,0,100,,11207,26,,,0,100,,11208,26,,,0,100,,11209,26,,,0,130,,11210,26,,,0
7201,'5544',825,,11211,26,,,0,100,,11212,26,,,0,100,,11213,26,,,0,100,,11214,26,,,0,98,,11215,26,,,0,100,,11216,26,,,0,100,,11217,26,,,0,101,,11218,26,,,0,101,,11219,26,,,0,100,,11220,26,,,0,100,,11221,26,,,0,100,,11222,26,,,0,100,,11223,26,,,0
7201,'5547',725,,11230,26,,,0,100,,11231,26,,,0,100,,11232,26,,,0,30,,11233,26,,,0,70,,11234,26,,,0,30,,11235,26,,,0,70,,11236,26,,,0,29,,11237,26,,,0,70,,11238,26,,,0,30,,11239,26,,,0,70,,11240,26,,,0,30,,11241,26,,,0,70,,11242,26,,,0,31,,11243,26,,,0,70,,11244,26,,,0,30,,11245,26,,,0,70,,11246,26,,,0,30,,11247,26,,,0,70,,11248,26,,,0,30,,11249,26,,,0,70,,11250,26,,,0,30,,11251,26,,,0,70,,11224,26,,,0,100,,11225,26,,,0,100,,11226,26,,,0,100,,11227,26,,,0,100,,11228,26,,,0,100,,11229,26,,,0
9200,'4619',1422,,11284,27,,,0,2,,11283,27,,,0
9200,'5289',1531,,11286,27,,,0,2,,11285,27,,,0
9200,'5299',1438,,11287,27,,,0,2,,11288,27,,,0
1002000,'4614',836,,11379,37,,,0,404,,11368,37,,,0,205,,11375,37,,,0,104,,11371,37,,,0,184,,11376,37,,,0,368,,11377,37,,,0,199,,11378,37,,,0
1002000,'5299',1636,,11380,37,,,0,269,,11381,37,,,0
1002000,'5544',708,,11382,37,,,0,100,,11388,37,,,0
1002000,'5547',631,,11391,37,,,0,101,,11403,37,,,0,100,,11390,37,,,0,100,,11392,37,,,0,100,,11393,37,,,0,101,,11394,37,,,0,100,,11395,37,,,0,100,,11396,37,,,0,101,,11397,37,,,0,100,,11402,37,,,0,100,,11398,37,,,0,98,,11399,37,,,0,174,,11400,37,,,0,196,,11401,37,,,0,198,,11389,37,,,0
1002000,'5567',1636,,11404,37,,,0,269,,11405,37,,,0
1002001,'4614',844,,11411,23,,,0,560,,11414,23,,,0,101,,11408,23,,,0,99,,11409,23,,,0,100,,11415,23,,,0,100,,11416,23,,,0,98,,11417,23,,,0,200,,11418,23,,,0,199,,11419,23,,,0
1002001,'5544',902,,11420,23,,,0,201,,11421,23,,,0,201,,11422,23,,,0,200,,11423,23,,,0,200,,11424,23,,,0,199,,11426,23,,,0,199,,11425,23,,,0
1002001,'5547',731,,11440,23,,,0,171,,11427,23,,,0,100,,11428,23,,,0,100,,11429,23,,,0,100,,11430,23,,,0,101,,11439,23,,,0,100,,11431,23,,,0,100,,11432,23,,,0,100,,11433,23,,,0,100,,11434,23,,,0,100,,11435,23,,,0,99,,11436,23,,,0,200,,11437,23,,,0,199,,11438,23,,,0
