600,'4614',648,,10163,7,,,0,102,,10153,7,,,0,109,,10156,7,,,0,97,,10168,7,,,0,100,,10161,7,,,0,100,,10152,7,,,0,144,,10162,7,,,0,102,,10154,7,,,0,106,,10155,7,,,0,98,,10158,7,,,0,100,,10167,7,,,0,97,,10159,7,,,0,98,,10157,7,,,0,100,,10160,7,,,0,99,,10164,7,,,0,100,,10165,7,,,0,100,,10166,7,,,0
600,'5544',655,,10170,7,,,0,94,,10178,7,,,0,106,,10177,7,,,0,100,,10175,7,,,0,100,,10182,7,,,0,100,,10172,7,,,0,101,,10179,7,,,0,103,,10169,7,,,0,141,,10176,7,,,0,100,,10174,7,,,0,101,,10181,7,,,0,100,,10180,7,,,0,100,,10173,7,,,0,100,,10171,7,,,0
600,'5547',647,,10188,7,,,0,102,,10191,7,,,0,106,,10198,7,,,0,100,,10185,7,,,0,101,,10195,7,,,0,100,,10186,7,,,0,144,,10189,7,,,0,100,,10190,7,,,0,101,,10192,7,,,0,101,,10194,7,,,0,100,,10183,7,,,0,99,,10187,7,,,0,100,,10199,7,,,0,100,,10184,7,,,0,100,,10196,7,,,0,99,,10197,7,,,0,100,,10193,7,,,0
801,'4614',550,,10314,5,0,18,0,99,,10303,5,0,18,0,106,,10306,5,0,18,0,96,,10317,5,0,18,0,101,,10313,5,0,18,0,100,,10302,5,0,18,0,104,,10312,5,0,18,0,102,,10305,5,0,18,0,100,,10304,5,0,18,0,100,,10308,5,0,18,0,101,,10307,5,0,18,0,100,,10318,5,0,18,0,99,,10310,5,0,18,0,100,,10311,5,0,18,0,100,,10309,5,0,18,0,100,,10315,5,0,18,0,101,,10316,5,0,18,0,100,,10319,5,0,18,0
801,'5289',1518,,10321,5,0,18,0
801,'5544',751,,10327,5,0,18,0,101,,10334,5,0,18,0,99,,10325,5,0,18,0,101,,10329,5,0,18,0,105,,10328,5,0,18,0,101,,10330,5,0,18,0,101,,10331,5,0,18,0,141,,10324,5,0,18,0,100,,10335,5,0,18,0,100,,10322,5,0,18,0,100,,10323,5,0,18,0,59,,10333,5,0,18,0,100,,10332,5,0,18,0
801,'5547',649,,10337,5,0,18,0,102,,10350,5,0,18,0,101,,10338,5,0,18,0,99,,10339,5,0,18,0,101,,10340,5,0,18,0,105,,10348,5,0,18,0,101,,10349,5,0,18,0,101,,10341,5,0,18,0,141,,10342,5,0,18,0,100,,10343,5,0,18,0,100,,10351,5,0,18,0,100,,10344,5,0,18,0,59,,10336,5,0,18,0,100,,10345,5,0,18,0,100,,10346,5,0,18,0,100,,10347,5,0,18,0
801,'5568',1418,,10352,5,0,18,0
4001,'4614',625,,10973,7,,,0,31,,10974,7,,,0,71,,10976,7,,,0,15,,10978,7,,,0,16,,10975,7,,,0,56,,10979,7,,,0,14,,10953,7,,,0,17,,10980,7,,,0,55,,10955,7,,,0,16,,10981,7,,,0,15,,10954,7,,,0,15,,10982,7,,,0,55,,10956,7,,,0,15,,10983,7,,,0,15,,10957,7,,,0,15,,10984,7,,,0,55,,10958,7,,,0,15,,10985,7,,,0,15,,10959,7,,,0,15,,10986,7,,,0,55,,10960,7,,,0,15,,10987,7,,,0,15,,10961,7,,,0,15,,10988,7,,,0,55,,10962,7,,,0,15,,10989,7,,,0,15,,10963,7,,,0,15,,10990,7,,,0,55,,10964,7,,,0,11,,10991,7,,,0,10,,10992,7,,,0,10,,10965,7,,,0,10,,10993,7,,,0,60,,10966,7,,,0,20,,10995,7,,,0,11,,10968,7,,,0,10,,10994,7,,,0,10,,10996,7,,,0,50,,10967,7,,,0,20,,10997,7,,,0,10,,10969,7,,,0,14,,10998,7,,,0,55,,10977,7,,,0,15,,10999,7,,,0,15,,10971,7,,,0,15,,11000,7,,,0,55,,10970,7,,,0,15,,11001,7,,,0,15,,10972,7,,,0,15,,11002,7,,,0,54,,10952,7,,,0,30,,10951,7,,,0,71,,10950,7,,,0,29,,10946,7,,,0,70,,10949,7,,,0,30,,10945,7,,,0,69,,10948,7,,,0,30,,10944,7,,,0,70,,10947,7,,,0,30,,10943,7,,,0,70,,11003,7,,,0
4001,'4619',1512,,11005,7,,,0
4001,'5289',1452,,11006,7,,,0,60,,11007,7,,,0,101,,11008,7,,,0
4001,'5299',1512,,11009,7,,,0
4001,'5544',700,,11010,7,,,0,101,,11012,7,,,0,100,,11014,7,,,0,100,,11016,7,,,0,30,,11017,7,,,0,70,,11018,7,,,0,31,,11019,7,,,0,70,,11020,7,,,0,30,,11021,7,,,0,70,,11022,7,,,0,30,,11023,7,,,0,70,,11024,7,,,0,30,,11025,7,,,0,70,,11026,7,,,0,30,,11027,7,,,0,70,,11028,7,,,0,30,,11029,7,,,0,70,,11030,7,,,0,30,,11031,7,,,0,70,,11032,7,,,0,30,,11033,7,,,0,70,,11015,7,,,0,30,,11013,7,,,0,70,,11011,7,,,0
4001,'5547',700,,11034,7,,,0,101,,11035,7,,,0,30,,11036,7,,,0,70,,11037,7,,,0,30,,11038,7,,,0,70,,11039,7,,,0,30,,11040,7,,,0,70,,11041,7,,,0,30,,11042,7,,,0,69,,11043,7,,,0,30,,11044,7,,,0,70,,11045,7,,,0,30,,11046,7,,,0,70,,11047,7,,,0,30,,11048,7,,,0,71,,11049,7,,,0,30,,11050,7,,,0,71,,11051,7,,,0,30,,11052,7,,,0,70,,11053,7,,,0,30,,11054,7,,,0,70,,11055,7,,,0,30,,11056,7,,,0,70,,11057,7,,,0,30,,11058,7,,,0,70,,11059,7,,,0,29,,11060,7,,,0,70,,11061,7,,,0,100,,11062,7,,,0,100,,11063,7,,,0,100,,11064,7,,,0
4001,'5568',1452,,11065,7,,,0,161,,11066,7,,,0
