2001,'4614',646,,10575,10,,,0,86,,10581,10,0,9 10 11,0,70,,10574,10,0,9 10 11,0,105,,10569,10,,,0,45,,10580,10,0,9 10 11,0,75,,10570,10,,,0,100,,10579,10,,,0,100,,10576,10,,,0,100,,10577,10,,,0,97,,10578,10,0,9 10 11,0,408,,10571,10,,,0,320,,10572,10,0,9 10 11,0,198,,10573,10,0,9 10 11,0
2001,'5289',1632,,10583,10,,,0
2001,'5299',1532,,10586,10,,,0,200,,10584,10,,,0,220,,10585,10,0,9 10 11,0
2001,'5544',751,,10592,10,,,0,201,,10587,10,,,0,200,,10589,10,,,0,200,,10588,10,,,0,201,,10590,10,,,0,199,,10591,10,,,0
2001,'5547',822,,10604,10,0,9 10 11,0,110,,10599,10,,,0,100,,10603,10,,,0,100,,10600,10,,,0,100,,10593,10,,,0,100,,10602,10,,,0,100,,10606,10,,,0,101,,10596,10,,,0,99,,10601,10,,,0,100,,10597,10,,,0,100,,10594,10,,,0,120,,10605,10,0,9 10 11,0,200,,10598,10,0,9 10 11,0,198,,10595,10,0,9 10 11,0
2001,'5567',1532,,10609,10,,,0,200,,10607,10,,,0,220,,10608,10,0,9 10 11,0
2001,'5568',1632,,10610,10,,,0
2501,'4614',820,,10626,10,,,0,302,,10627,11,,,0,179,,10628,10,,,0,222,,10629,11,,,0,399,,10630,11,,,0,90,,10631,10,,,0
2501,'5544',821,,10632,10,,,0,302,,10633,11,,,0,400,,10634,11,,,0,200,,10636,11,,,0,200,,10635,11,,,0
2501,'5547',821,,10638,10,,,0,302,,10640,11,,,0,400,,10639,11,,,0,200,,10641,11,,,0,200,,10637,11,,,0
1002001,'4614',706,,11410,10,,,0,126,,11411,10,,,0,100,,11412,10,,,0,125,,11413,10,,,0,100,,11406,10,,,0,100,,11407,10,,,0,95,,11414,10,,,0,100,,11408,10,,,0,100,,11409,10,,,0,100,,11415,10,,,0,100,,11416,10,,,0,100,,11417,10,,,0,200,,11418,10,,,0,199,,11419,10,,,0
1002001,'5544',852,,11420,10,,,0,200,,11421,10,,,0,200,,11422,10,,,0,200,,11423,10,,,0,200,,11424,10,,,0,200,,11426,10,,,0,200,,11425,10,,,0
1002001,'5547',721,,11440,10,,,0,131,,11427,10,,,0,100,,11428,10,,,0,100,,11429,10,,,0,100,,11430,10,,,0,100,,11439,10,,,0,100,,11431,10,,,0,100,,11432,10,,,0,100,,11433,10,,,0,100,,11434,10,,,0,100,,11435,10,,,0,100,,11436,10,,,0,200,,11437,10,,,0,199,,11438,10,,,0
