2001,'4614',654,,10575,20,,,0,102,,10581,37,,,0,2,,10582,1,,,0,70,,10574,37,,,0,88,,10569,20,,,0,99,,10580,37,,,0,21,,10570,20,,,0,100,,10579,20,,,0,101,,10576,20,,,0,100,,10577,20,,,0,114,,10578,37,,,0,389,,10571,20,,,0,373,,10572,37,,,0,196,,10573,37,,,0
2001,'5289',1642,,10583,20,,,0
2001,'5299',1542,,10586,20,,,0,200,,10584,20,,,0,271,,10585,37,,,0
2001,'5544',759,,10592,20,,,0,242,,10587,20,,,0,201,,10589,20,,,0,200,,10588,20,,,0,201,,10590,20,,,0,199,,10591,20,,,0
2001,'5547',844,,10604,37,,,0,97,,10599,20,,,0,100,,10603,20,,,0,100,,10600,20,,,0,101,,10593,20,,,0,100,,10602,20,,,0,100,,10606,20,,,0,100,,10596,20,,,0,99,,10601,20,,,0,100,,10597,20,,,0,99,,10594,20,,,0,174,,10605,37,,,0,200,,10598,37,,,0,196,,10595,37,,,0
2001,'5567',1542,,10609,20,,,0,200,,10607,20,,,0,271,,10608,37,,,0
2001,'5568',1642,,10610,20,,,0
1002001,'4614',714,,11410,20,,,0,143,,11411,37,,,0,84,,11412,20,,,0,165,,11413,20,,,0,100,,11406,20,,,0,101,,11407,20,,,0,111,,11414,37,,,0,101,,11408,37,,,0,98,,11409,37,,,0,99,,11415,37,,,0,100,,11416,37,,,0,98,,11417,37,,,0,199,,11418,37,,,0,198,,11419,37,,,0
1002001,'5544',914,,11420,37,,,0,201,,11421,37,,,0,201,,11422,37,,,0,200,,11423,37,,,0,200,,11424,37,,,0,199,,11426,37,,,0,198,,11425,37,,,0
1002001,'5547',742,,11440,37,,,0,172,,11427,37,,,0,100,,11428,37,,,0,100,,11429,37,,,0,100,,11430,37,,,0,101,,11439,37,,,0,100,,11431,37,,,0,100,,11432,37,,,0,100,,11433,37,,,0,100,,11434,37,,,0,100,,11435,37,,,0,99,,11436,37,,,0,200,,11437,37,,,0,198,,11438,37,,,0
