4001,'4614',703,,10973,51,,,0,33,,10974,51,,,0,75,,10976,51,,,0,15,,10978,51,,,0,15,,10975,51,,,0,17,,10979,51,,,0,52,,10953,51,,,0,15,,10980,51,,,0,15,,10955,51,,,0,16,,10981,51,,,0,54,,10954,51,,,0,16,,10982,51,,,0,15,,10956,51,,,0,15,,10983,51,,,0,55,,10957,51,,,0,15,,10984,51,,,0,17,,10958,51,,,0,15,,10985,51,,,0,55,,10959,51,,,0,15,,10986,51,,,0,15,,10960,51,,,0,15,,10987,51,,,0,56,,10961,51,,,0,15,,10988,51,,,0,16,,10962,51,,,0,55,,10989,51,,,0,15,,10963,51,,,0,17,,10990,51,,,0,15,,10964,51,,,0,10,,10991,51,,,0,50,,10992,51,,,0,11,,10965,51,,,0,10,,10993,51,,,0,20,,10966,51,,,0,60,,10995,51,,,0,10,,10968,51,,,0,10,,10994,51,,,0,10,,10996,51,,,0,9,,10967,51,,,0,60,,10997,51,,,0,10,,10969,51,,,0,13,,10998,51,,,0,14,,10977,51,,,0,15,,10999,51,,,0,54,,10971,51,,,0,14,,11000,51,,,0,14,,10970,51,,,0,15,,11001,51,,,0,55,,10972,51,,,0,15,,11002,51,,,0,14,,10952,51,,,0,69,,10951,51,,,0,31,,10950,51,,,0,69,,10946,51,,,0,28,,10949,51,,,0,69,,10945,51,,,0,29,,10948,51,,,0,68,,10944,51,,,0,29,,10947,51,,,0,70,,10943,51,,,0,30,,11003,51,,,0
4001,'4619',1558,,11005,51,,,0
4001,'5289',1538,,11006,51,,,0,20,,11007,51,,,0,99,,11008,51,,,0
4001,'5299',1558,,11009,51,,,0
4001,'5544',736,,11010,51,,,0,105,,11012,51,,,0,102,,11014,51,,,0,100,,11016,51,,,0,70,,11017,51,,,0,30,,11018,51,,,0,71,,11019,51,,,0,31,,11020,51,,,0,70,,11021,51,,,0,30,,11022,51,,,0,71,,11023,51,,,0,28,,11024,51,,,0,69,,11025,51,,,0,30,,11026,51,,,0,70,,11027,51,,,0,30,,11028,51,,,0,70,,11029,51,,,0,30,,11030,51,,,0,67,,11031,51,,,0,30,,11032,51,,,0,70,,11033,51,,,0,29,,11015,51,,,0,69,,11013,51,,,0,30,,11011,51,,,0
4001,'5547',738,,11034,51,,,0,103,,11035,51,,,0,71,,11036,51,,,0,31,,11037,51,,,0,71,,11038,51,,,0,30,,11039,51,,,0,70,,11040,51,,,0,31,,11041,51,,,0,70,,11042,51,,,0,30,,11043,51,,,0,70,,11044,51,,,0,30,,11045,51,,,0,70,,11046,51,,,0,30,,11047,51,,,0,70,,11048,51,,,0,30,,11049,51,,,0,70,,11050,51,,,0,30,,11051,51,,,0,70,,11052,51,,,0,28,,11053,51,,,0,70,,11054,51,,,0,29,,11055,51,,,0,69,,11056,51,,,0,30,,11057,51,,,0,69,,11058,51,,,0,30,,11059,51,,,0,69,,11060,51,,,0,30,,11061,51,,,0,98,,11062,51,,,0,99,,11063,51,,,0,99,,11064,51,,,0
4001,'5568',1538,,11065,51,,,0,119,,11066,51,,,0
1002001,'4614',734,,11410,47,,,0,183,,11411,64,,,0,84,,11412,47,,,0,124,,11413,47,,,0,100,,11406,47,,,0,102,,11407,47,,,0,114,,11414,64,,,0,98,,11408,64,,,0,97,,11409,64,,,0,98,,11415,64,,,0,99,,11416,64,,,0,98,,11417,64,,,0,199,,11418,64,,,0,197,,11419,64,,,0
1002001,'5544',932,,11420,64,,,0,201,,11421,64,,,0,202,,11422,64,,,0,199,,11423,64,,,0,200,,11424,64,,,0,199,,11426,64,,,0,198,,11425,64,,,0
1002001,'5547',800,,11440,64,,,0,132,,11427,64,,,0,100,,11428,64,,,0,100,,11429,64,,,0,100,,11430,64,,,0,101,,11439,64,,,0,100,,11431,64,,,0,100,,11432,64,,,0,100,,11433,64,,,0,99,,11434,64,,,0,100,,11435,64,,,0,99,,11436,64,,,0,200,,11437,64,,,0,197,,11438,64,,,0
