2001,'4614',700,,10575,29,,,0,104,,10581,46,,,0,2,,10582,10,,,0,28,,10574,46,,,0,88,,10569,29,,,0,99,,10580,46,,,0,21,,10570,29,,,0,100,,10579,29,,,0,101,,10576,29,,,0,100,,10577,29,,,0,114,,10578,46,,,0,388,,10571,29,,,0,373,,10572,46,,,0,196,,10573,46,,,0
2001,'5289',1648,,10583,29,,,0
2001,'5299',1548,,10586,29,,,0,199,,10584,29,,,0,271,,10585,46,,,0
2001,'5544',804,,10592,29,,,0,202,,10587,29,,,0,201,,10589,29,,,0,200,,10588,29,,,0,201,,10590,29,,,0,199,,10591,29,,,0
2001,'5547',849,,10604,46,,,0,97,,10599,29,,,0,100,,10603,29,,,0,100,,10600,29,,,0,101,,10593,29,,,0,100,,10602,29,,,0,100,,10606,29,,,0,100,,10596,29,,,0,99,,10601,29,,,0,100,,10597,29,,,0,99,,10594,29,,,0,174,,10605,46,,,0,200,,10598,46,,,0,195,,10595,46,,,0
2001,'5567',1548,,10609,29,,,0,199,,10607,29,,,0,271,,10608,46,,,0
2001,'5568',1648,,10610,29,,,0
1002001,'4614',720,,11410,29,,,0,183,,11411,46,,,0,44,,11412,29,,,0,165,,11413,29,,,0,100,,11406,29,,,0,101,,11407,29,,,0,111,,11414,46,,,0,101,,11408,46,,,0,98,,11409,46,,,0,98,,11415,46,,,0,100,,11416,46,,,0,98,,11417,46,,,0,199,,11418,46,,,0,198,,11419,46,,,0
1002001,'5544',919,,11420,46,,,0,201,,11421,46,,,0,201,,11422,46,,,0,200,,11423,46,,,0,200,,11424,46,,,0,199,,11426,46,,,0,198,,11425,46,,,0
1002001,'5547',747,,11440,46,,,0,172,,11427,46,,,0,100,,11428,46,,,0,100,,11429,46,,,0,100,,11430,46,,,0,101,,11439,46,,,0,100,,11431,46,,,0,100,,11432,46,,,0,100,,11433,46,,,0,100,,11434,46,,,0,100,,11435,46,,,0,99,,11436,46,,,0,200,,11437,46,,,0,198,,11438,46,,,0
