2000,'4614',555,,10541,16,0,9 12 2 5,0,100,,10542,16,0,9 12 2 5,0,102,,10543,16,0,9 12 2 5,0,100,,10536,16,,,0,100,,10549,16,,,0,100,,10544,16,,,0,101,,10545,16,,,0,100,,10546,16,,,0,100,,10537,16,,,0,246,,10547,16,,,0,97,,10548,16,,,0,99,,10538,16,,,0,151,,10539,16,0,9 12 2 5,0,199,,10540,16,0,9 12 2 5,0
2000,'5544',857,,10550,16,0,9 12 2 5,0,201,,10553,16,0,9 12 2 5,0,201,,10552,16,0,9 12 2 5,0,241,,10554,16,0,9 12 2 5,0,200,,10551,16,0,9 12 2 5,0,255,,10555,16,0,9 12 2 5,0
2000,'5547',757,,10568,16,,,0,100,,10564,16,,,0,101,,10563,16,,,0,101,,10565,16,,,0,100,,10556,16,,,0,100,,10557,16,,,0,100,,10559,16,,,0,141,,10567,16,,,0,100,,10560,16,,,0,100,,10558,16,,,0,57,,10562,16,,,0,195,,10561,16,0,9 12 2 5,0,198,,10566,16,0,9 12 2 5,0
9200,'4619',1409,,11284,12,,,0,2,,11283,12,,,0
9200,'5289',1518,,11286,12,,,0,2,,11285,12,,,0
9200,'5299',1424,,11287,12,,,0,2,,11288,12,,,0
1002000,'4614',627,,11372,22,,,0,112,,11373,22,,,0,87,,11379,22,,,0,103,,11374,22,,,0,100,,11366,22,,,0,100,,11367,22,,,0,101,,11368,22,,,0,100,,11369,22,,,0,103,,11375,22,,,0,89,,11370,22,,,0,16,,11371,22,,,0,185,,11376,22,,,0,330,,11377,22,,,0,199,,11378,22,,,0
1002000,'5299',1626,,11380,22,,,0,230,,11381,22,,,0
1002000,'5544',659,,11382,22,,,0,100,,11388,22,,,0,200,,11383,22,,,0,241,,11384,22,,,0,200,,11385,22,,,0,201,,11386,22,,,0,200,,11387,22,,,0
1002000,'5547',622,,11391,22,,,0,100,,11403,22,,,0,100,,11390,22,,,0,100,,11392,22,,,0,100,,11393,22,,,0,101,,11394,22,,,0,100,,11395,22,,,0,100,,11396,22,,,0,101,,11397,22,,,0,100,,11402,22,,,0,100,,11398,22,,,0,98,,11399,22,,,0,135,,11400,22,,,0,196,,11401,22,,,0,199,,11389,22,,,0
1002000,'5567',1626,,11404,22,,,0,230,,11405,22,,,0
