2000,'4614',551,,10541,8,0,9 12 2 5,0,100,,10542,8,0,9 12 2 5,0,101,,10543,8,0,9 12 2 5,0,100,,10536,8,,,0,100,,10549,8,,,0,100,,10544,8,,,0,101,,10545,8,,,0,100,,10546,8,,,0,100,,10537,8,,,0,205,,10547,8,,,0,97,,10548,8,,,0,100,,10538,8,,,0,192,,10539,8,0,9 12 2 5,0,199,,10540,8,0,9 12 2 5,0
2000,'5544',853,,10550,8,0,9 12 2 5,0,201,,10553,8,0,9 12 2 5,0,200,,10552,8,0,9 12 2 5,0,201,,10554,8,0,9 12 2 5,0,200,,10551,8,0,9 12 2 5,0,295,,10555,8,0,9 12 2 5,0
2000,'5547',753,,10568,8,,,0,100,,10564,8,,,0,101,,10563,8,,,0,100,,10565,8,,,0,100,,10556,8,,,0,100,,10557,8,,,0,100,,10559,8,,,0,101,,10567,8,,,0,100,,10560,8,,,0,100,,10558,8,,,0,97,,10562,8,,,0,195,,10561,8,0,9 12 2 5,0,199,,10566,8,0,9 12 2 5,0
9200,'4619',1402,,11284,4,,,0,2,,11283,4,,,0
9200,'5289',1512,,11286,4,,,0,2,,11285,4,,,0
9200,'5299',1417,,11287,4,,,0,2,,11288,4,,,0
1002000,'4614',622,,11372,14,,,0,111,,11373,14,,,0,87,,11379,14,,,0,103,,11374,14,,,0,100,,11366,14,,,0,100,,11367,14,,,0,101,,11368,14,,,0,100,,11369,14,,,0,103,,11375,14,,,0,89,,11370,14,,,0,16,,11371,14,,,0,185,,11376,14,,,0,331,,11377,14,,,0,199,,11378,14,,,0
1002000,'5299',1620,,11380,14,,,0,231,,11381,14,,,0
1002000,'5544',654,,11382,14,,,0,100,,11388,14,,,0,200,,11383,14,,,0,201,,11384,14,,,0,200,,11385,14,,,0,200,,11386,14,,,0,200,,11387,14,,,0
1002000,'5547',617,,11391,14,,,0,100,,11403,14,,,0,100,,11390,14,,,0,100,,11392,14,,,0,100,,11393,14,,,0,101,,11394,14,,,0,100,,11395,14,,,0,100,,11396,14,,,0,100,,11397,14,,,0,100,,11402,14,,,0,100,,11398,14,,,0,98,,11399,14,,,0,135,,11400,14,,,0,197,,11401,14,,,0,199,,11389,14,,,0
1002000,'5567',1620,,11404,14,,,0,231,,11405,14,,,0
