900,'4614',600,,10370,1,,,0,40,,10369,1,,,0,80,,10367,1,,,0,30,,10368,1,,,0,72,,10363,1,,,0,32,,10355,1,,,0,167,,10354,1,,,0,83,,10353,1,,,0,20,,10371,1,,,0,94,,10356,1,,,0,102,,10358,1,,,0,98,,10357,1,,,0,106,,10359,1,,,0,100,,10360,1,,,0,99,,10361,1,,,0,30,,10372,1,,,0,69,,10373,1,,,0,28,,10362,1,,,0,164,,10364,1,,,0,103,,10365,1,,,0,94,,10366,1,,,0
900,'4619',1549,,10374,1,,,0
900,'4931',1549,,10375,1,,,0
900,'5544',822,,10380,1,,,0,100,,10378,1,,,0,127,,10383,1,,,0,175,,10384,1,,,0,96,,10382,1,,,0,101,,10376,1,,,0,99,,10385,1,,,0,102,,10377,1,,,0,106,,10379,1,,,0,118,,10386,1,,,0,173,,10381,1,,,0
900,'5547',722,,10387,1,,,0,100,,10389,1,,,0,99,,10390,1,,,0,104,,10395,1,,,0,24,,10392,1,,,0,69,,10402,1,,,0,105,,10391,1,,,0,97,,10400,1,,,0,100,,10394,1,,,0,100,,10393,1,,,0,102,,10397,1,,,0,105,,10388,1,,,0,93,,10396,1,,,0,25,,10401,1,,,0,75,,10399,1,,,0,93,,10398,1,,,0
901,'4614',555,,10420,47,4,,0,80,,10419,54,4,,0,77,,10421,47,4,,0,29,,10417,54,4,,0,70,,10418,47,4,,0,37,,10403,61,4,,0,60,,10423,40,4,,0,103,,10404,47,4,,0,104,,10422,54,4,,0,97,,10405,47,4,,0,102,,10407,54,4,,0,98,,10406,47,4,,0,105,,10408,54,4,,0,96,,10409,47,4,,0,35,,10410,61,4,,0,69,,10411,61,4,,0,28,,10424,54,4,,0,66,,10425,47,4,,0,101,,10413,54,4,,0,96,,10415,47,4,,0,103,,10412,54,4,,0,95,,10416,47,4,,0,204,,10414,61,4,,0
901,'4619',1542,,10426,40,4,,0
901,'4931',1542,,10427,40,4,,0
901,'5544',808,,10431,47,4,,0,45,,10435,61,4,,0,189,,10433,54,4,,0,170,,10436,54,4,,0,97,,10434,47,4,,0,106,,10428,54,4,,0,96,,10437,47,4,,0,104,,10429,54,4,,0,35,,10439,61,4,,0,65,,10430,54,4,,0,129,,10438,61,4,,0,167,,10432,61,4,,0
901,'5547',715,,10440,61,4,,0,97,,10443,47,4,,0,40,,10444,61,4,,0,62,,10455,47,4,,0,100,,10449,54,4,,0,96,,10446,47,4,,0,104,,10445,54,4,,0,96,,10454,47,4,,0,104,,10447,54,4,,0,98,,10448,47,4,,0,104,,10451,54,4,,0,32,,10456,61,4,,0,67,,10441,54,4,,0,96,,10450,47,4,,0,101,,10453,54,4,,0,96,,10452,47,4,,0,203,,10442,61,4,,0
9701,'4614',750,,11297,1,,,0,66,,11297,44,4,,0,35,,11298,1,,,0,66,,11298,44,4,,0,91,,11296,1,,,0,27,,11296,44,4,,0,65,,11295,1,,,0,27,,11295,44,4,,0,90,,11293,1,,,0,27,,11293,44,4,,0,76,,11294,1,,,0,28,,11294,44,4,,0,69,,11292,1,,,0,27,,11292,44,4,,0,15,,11290,1,,,0,67,,11290,44,4,,0,32,,11289,1,,,0,67,,11289,44,4,,0,92,,11299,1,,,0,27,,11299,44,4,,0,69,,11291,1,,,0,26,,11291,44,4,,0
9701,'5547',730,,11300,1,,,0,26,,11300,44,4,,0,75,,11301,1,,,0,26,,11301,44,4,,0,67,,11302,1,,,0,26,,11302,44,4,,0,100,,11303,1,,,0,67,,11303,44,4,,0,34,,11304,1,,,0,67,,11304,44,4,,0,27,,11306,1,,,0,67,,11306,44,4,,0,38,,11305,1,,,0,67,,11305,44,4,,0,33,,11307,1,,,0,67,,11307,44,4,,0,103,,11308,1,,,0,27,,11308,44,4,,0,70,,11309,1,,,0,27,,11309,44,4,,0
9801,'4614',728,,11318,1,,,0,20,,11318,30,4,,0,79,,11319,1,,,0,21,,11319,31,4,,0,98,,11314,1,,,0,60,,11314,30,4,,0,32,,11315,1,,,0,20,,11315,30,4,,0,97,,11316,1,,,0,60,,11316,30,4,,0,43,,11317,1,,,0,60,,11317,30,4,,0,35,,11311,1,,,0,61,,11311,31,4,,0,115,,11312,1,,,0,20,,11312,30,4,,0,106,,11313,1,,,0,60,,11313,30,4,,0,36,,11310,1,,,0,60,,11310,30,4,,0
9801,'5547',700,,11328,1,,,0,19,,11328,30,4,,0,81,,11329,1,,,0,19,,11329,30,4,,0,81,,11330,1,,,0,19,,11330,30,4,,0,109,,11321,1,,,0,19,,11321,30,4,,0,73,,11322,1,,,0,19,,11322,30,4,,0,82,,11323,1,,,0,19,,11323,30,4,,0,75,,11324,1,,,0,19,,11324,30,4,,0,86,,11325,1,,,0,19,,11325,30,4,,0,81,,11326,1,,,0,19,,11326,30,4,,0,116,,11327,1,,,0,59,,11327,30,4,,0,36,,11320,1,,,0,59,,11320,30,4,,0
9900,'4614',1058,,11331,14,4,,0,784,,11332,11,4,,0
9900,'5544',1043,,11333,14,4,,0,798,,11334,11,4,,0
9900,'5547',1043,,11335,14,4,,0,796,,11336,11,4,,0
9901,'4614',913,,11337,1,,,0,742,,11338,1,,,0
9901,'5544',900,,11339,1,,,0,756,,11340,1,,,0
9901,'5547',858,,11341,1,,,0,796,,11342,1,,,0
