2000,'4614',545,,10541,1,0,9 12 2 5,0,100,,10542,1,0,9 12 2 5,0,100,,10543,1,0,9 12 2 5,0,100,,10536,1,,,0,100,,10549,1,,,0,100,,10544,1,,,0,100,,10545,1,,,0,100,,10546,1,,,0,100,,10537,1,,,0,205,,10547,1,,,0,97,,10548,1,,,0,100,,10538,1,,,0,193,,10539,1,0,9 12 2 5,0,200,,10540,1,0,9 12 2 5,0
2000,'5544',847,,10550,1,0,9 12 2 5,0,200,,10553,1,0,9 12 2 5,0,200,,10552,1,0,9 12 2 5,0,200,,10554,1,0,9 12 2 5,0,200,,10551,1,0,9 12 2 5,0,296,,10555,1,0,9 12 2 5,0
2000,'5547',747,,10568,1,,,0,100,,10564,1,,,0,100,,10563,1,,,0,100,,10565,1,,,0,100,,10556,1,,,0,100,,10557,1,,,0,100,,10559,1,,,0,100,,10567,1,,,0,100,,10560,1,,,0,100,,10558,1,,,0,98,,10562,1,,,0,195,,10561,1,0,9 12 2 5,0,200,,10566,1,0,9 12 2 5,0
2001,'4614',715,,10575,45,4,,0,107,,10581,62,4,,0,2,,10582,26,4,,0,27,,10574,62,4,,0,86,,10569,45,4,,0,100,,10580,62,4,,0,21,,10570,45,4,,0,100,,10579,45,4,,0,101,,10576,45,4,,0,141,,10577,45,4,,0,115,,10578,62,4,,0,343,,10571,45,4,,0,373,,10572,62,4,,0,196,,10573,62,4,,0
2001,'5289',1703,,10583,45,4,,0
2001,'5299',1605,,10586,45,4,,0,196,,10584,45,4,,0,230,,10585,62,4,,0
2001,'5544',820,,10592,45,4,,0,202,,10587,45,4,,0,202,,10589,45,4,,0,200,,10588,45,4,,0,200,,10590,45,4,,0,197,,10591,45,4,,0
2001,'5547',905,,10604,62,4,,0,97,,10599,45,4,,0,100,,10603,45,4,,0,100,,10600,45,4,,0,102,,10593,45,4,,0,100,,10602,45,4,,0,99,,10606,45,4,,0,100,,10596,45,4,,0,98,,10601,45,4,,0,99,,10597,45,4,,0,59,,10594,45,4,,0,174,,10605,62,4,,0,200,,10598,62,4,,0,193,,10595,62,4,,0
2001,'5567',1605,,10609,45,4,,0,196,,10607,45,4,,0,230,,10608,62,4,,0
2001,'5568',1703,,10610,45,4,,0
3000,'4614',613,,10665,1,,,0,30,,10667,1,,,0,15,,10671,1,,,0,55,,10663,1,,,0,14,,10672,1,,,0,15,,10666,1,,,0,70,,10670,1,,,0,31,,10664,1,,,0,70,,10642,1,,,0,30,,10643,1,,,0,70,,10644,1,,,0,30,,10645,1,,,0,70,,10646,1,,,0,30,,10647,1,,,0,70,,10648,1,,,0,30,,10650,1,,,0,70,,10651,1,,,0,30,,10652,1,,,0,72,,10649,1,,,0,30,,10653,1,,,0,71,,10668,1,,,0,31,,10654,1,,,0,69,,10669,1,,,0,29,,10655,1,,,0,70,,10656,1,,,0,30,,10657,1,,,0,100,,10658,1,,,0,100,,10659,1,,,0,100,,10660,1,,,0,100,,10661,1,,,0,100,,10662,1,,,0
3000,'5544',645,,10673,1,,,0,100,,10674,1,,,0,100,,10675,1,,,0,100,,10676,1,,,0,100,,10677,1,,,0,100,,10678,1,,,0,100,,10679,1,,,0,100,,10680,1,,,0,100,,10681,1,,,0,100,,10682,1,,,0,100,,10683,1,,,0,100,,10684,1,,,0,100,,10685,1,,,0
3000,'5547',613,,10686,1,,,0,100,,10687,1,,,0,100,,10688,1,,,0,30,,10689,1,,,0,70,,10690,1,,,0,30,,10691,1,,,0,70,,10692,1,,,0,30,,10693,1,,,0,70,,10694,1,,,0,30,,10695,1,,,0,70,,10696,1,,,0,30,,10697,1,,,0,70,,10698,1,,,0,30,,10699,1,,,0,69,,10700,1,,,0,31,,10701,1,,,0,69,,10702,1,,,0,31,,10703,1,,,0,70,,10704,1,,,0,30,,10705,1,,,0,70,,10706,1,,,0,30,,10707,1,,,0,102,,10708,1,,,0,100,,10709,1,,,0,100,,10710,1,,,0,100,,10711,1,,,0,100,,10712,1,,,0
4001,'4614',706,,10973,55,4,,0,34,,10974,55,4,,0,75,,10976,55,4,,0,15,,10978,55,4,,0,15,,10975,55,4,,0,58,,10979,55,4,,0,12,,10953,55,4,,0,15,,10980,55,4,,0,15,,10955,55,4,,0,55,,10981,55,4,,0,14,,10954,55,4,,0,16,,10982,55,4,,0,15,,10956,55,4,,0,55,,10983,55,4,,0,15,,10957,55,4,,0,15,,10984,55,4,,0,17,,10958,55,4,,0,55,,10985,55,4,,0,16,,10959,55,4,,0,15,,10986,55,4,,0,15,,10960,55,4,,0,55,,10987,55,4,,0,16,,10961,55,4,,0,15,,10988,55,4,,0,16,,10962,55,4,,0,55,,10989,55,4,,0,15,,10963,55,4,,0,18,,10990,55,4,,0,15,,10964,55,4,,0,50,,10991,55,4,,0,10,,10992,55,4,,0,11,,10965,55,4,,0,10,,10993,55,4,,0,20,,10966,55,4,,0,59,,10995,55,4,,0,10,,10968,55,4,,0,10,,10994,55,4,,0,10,,10996,55,4,,0,9,,10967,55,4,,0,60,,10997,55,4,,0,10,,10969,55,4,,0,13,,10998,55,4,,0,14,,10977,55,4,,0,55,,10999,55,4,,0,13,,10971,55,4,,0,14,,11000,55,4,,0,14,,10970,55,4,,0,55,,11001,55,4,,0,15,,10972,55,4,,0,15,,11002,55,4,,0,14,,10952,55,4,,0,69,,10951,55,4,,0,31,,10950,55,4,,0,68,,10946,55,4,,0,28,,10949,55,4,,0,69,,10945,55,4,,0,29,,10948,55,4,,0,68,,10944,55,4,,0,29,,10947,55,4,,0,70,,10943,55,4,,0,30,,11003,55,4,,0
4001,'4619',1603,,11005,55,4,,0
4001,'5289',1544,,11006,55,4,,0,59,,11007,55,4,,0,99,,11008,55,4,,0
4001,'5299',1603,,11009,55,4,,0
4001,'5544',739,,11010,55,4,,0,106,,11012,55,4,,0,103,,11014,55,4,,0,100,,11016,55,4,,0,70,,11017,55,4,,0,30,,11018,55,4,,0,71,,11019,55,4,,0,31,,11020,55,4,,0,70,,11021,55,4,,0,30,,11022,55,4,,0,71,,11023,55,4,,0,28,,11024,55,4,,0,69,,11025,55,4,,0,30,,11026,55,4,,0,70,,11027,55,4,,0,30,,11028,55,4,,0,70,,11029,55,4,,0,30,,11030,55,4,,0,66,,11031,55,4,,0,30,,11032,55,4,,0,70,,11033,55,4,,0,29,,11015,55,4,,0,69,,11013,55,4,,0,30,,11011,55,4,,0
4001,'5547',741,,11034,55,4,,0,104,,11035,55,4,,0,72,,11036,55,4,,0,31,,11037,55,4,,0,71,,11038,55,4,,0,30,,11039,55,4,,0,70,,11040,55,4,,0,31,,11041,55,4,,0,70,,11042,55,4,,0,30,,11043,55,4,,0,70,,11044,55,4,,0,30,,11045,55,4,,0,70,,11046,55,4,,0,30,,11047,55,4,,0,70,,11048,55,4,,0,30,,11049,55,4,,0,70,,11050,55,4,,0,29,,11051,55,4,,0,70,,11052,55,4,,0,28,,11053,55,4,,0,70,,11054,55,4,,0,29,,11055,55,4,,0,69,,11056,55,4,,0,30,,11057,55,4,,0,69,,11058,55,4,,0,30,,11059,55,4,,0,69,,11060,55,4,,0,30,,11061,55,4,,0,98,,11062,55,4,,0,98,,11063,55,4,,0,99,,11064,55,4,,0
4001,'5568',1544,,11065,55,4,,0,158,,11066,55,4,,0
1002000,'4614',615,,11372,1,,,0,110,,11373,1,,,0,85,,11379,1,,,0,105,,11374,1,,,0,100,,11366,1,,,0,100,,11367,1,,,0,101,,11368,1,,,0,99,,11369,1,,,0,102,,11375,1,,,0,83,,11370,1,,,0,22,,11371,1,,,0,186,,11376,1,,,0,332,,11377,1,,,0,200,,11378,1,,,0
1002000,'5299',1610,,11380,1,,,0,233,,11381,1,,,0
1002000,'5544',647,,11382,1,,,0,100,,11388,1,,,0,200,,11383,1,,,0,200,,11384,1,,,0,200,,11385,1,,,0,200,,11386,1,,,0,200,,11387,1,,,0
1002000,'5547',610,,11391,1,,,0,100,,11403,1,,,0,100,,11390,1,,,0,100,,11392,1,,,0,100,,11393,1,,,0,100,,11394,1,,,0,100,,11395,1,,,0,100,,11396,1,,,0,100,,11397,1,,,0,100,,11402,1,,,0,100,,11398,1,,,0,98,,11399,1,,,0,135,,11400,1,,,0,197,,11401,1,,,0,200,,11389,1,,,0
1002000,'5567',1610,,11404,1,,,0,233,,11405,1,,,0
1002001,'4614',739,,11410,51,4,,0,183,,11411,68,4,,0,84,,11412,51,4,,0,124,,11413,51,4,,0,100,,11406,51,4,,0,102,,11407,51,4,,0,114,,11414,68,4,,0,98,,11408,68,4,,0,97,,11409,68,4,,0,98,,11415,68,4,,0,98,,11416,68,4,,0,98,,11417,68,4,,0,199,,11418,68,4,,0,197,,11419,68,4,,0
1002001,'5544',936,,11420,68,4,,0,201,,11421,68,4,,0,203,,11422,68,4,,0,198,,11423,68,4,,0,200,,11424,68,4,,0,199,,11426,68,4,,0,198,,11425,68,4,,0
1002001,'5547',804,,11440,68,4,,0,132,,11427,68,4,,0,100,,11428,68,4,,0,100,,11429,68,4,,0,101,,11430,68,4,,0,101,,11439,68,4,,0,99,,11431,68,4,,0,100,,11432,68,4,,0,100,,11433,68,4,,0,99,,11434,68,4,,0,100,,11435,68,4,,0,99,,11436,68,4,,0,200,,11437,68,4,,0,197,,11438,68,4,,0
