2001,'4614',707,,10575,40,,,0,106,,10581,57,,,0,2,,10582,21,,,0,27,,10574,57,,,0,87,,10569,40,,,0,100,,10580,57,,,0,21,,10570,40,,,0,100,,10579,40,,,0,101,,10576,40,,,0,100,,10577,40,,,0,155,,10578,57,,,0,346,,10571,40,,,0,373,,10572,57,,,0,196,,10573,57,,,0
2001,'5289',1655,,10583,40,,,0
2001,'5299',1556,,10586,40,,,0,198,,10584,40,,,0,271,,10585,57,,,0
2001,'5544',812,,10592,40,,,0,202,,10587,40,,,0,201,,10589,40,,,0,200,,10588,40,,,0,201,,10590,40,,,0,198,,10591,40,,,0
2001,'5547',857,,10604,57,,,0,97,,10599,40,,,0,100,,10603,40,,,0,100,,10600,40,,,0,101,,10593,40,,,0,100,,10602,40,,,0,100,,10606,40,,,0,100,,10596,40,,,0,98,,10601,40,,,0,100,,10597,40,,,0,99,,10594,40,,,0,174,,10605,57,,,0,200,,10598,57,,,0,194,,10595,57,,,0
2001,'5567',1556,,10609,40,,,0,198,,10607,40,,,0,271,,10608,57,,,0
2001,'5568',1655,,10610,40,,,0
1002001,'4614',728,,11410,40,,,0,183,,11411,57,,,0,44,,11412,40,,,0,164,,11413,40,,,0,100,,11406,40,,,0,102,,11407,40,,,0,113,,11414,57,,,0,99,,11408,57,,,0,97,,11409,57,,,0,98,,11415,57,,,0,100,,11416,57,,,0,98,,11417,57,,,0,199,,11418,57,,,0,198,,11419,57,,,0
1002001,'5544',926,,11420,57,,,0,201,,11421,57,,,0,202,,11422,57,,,0,199,,11423,57,,,0,200,,11424,57,,,0,199,,11426,57,,,0,198,,11425,57,,,0
1002001,'5547',754,,11440,57,,,0,172,,11427,57,,,0,100,,11428,57,,,0,100,,11429,57,,,0,100,,11430,57,,,0,101,,11439,57,,,0,100,,11431,57,,,0,100,,11432,57,,,0,100,,11433,57,,,0,100,,11434,57,,,0,100,,11435,57,,,0,99,,11436,57,,,0,200,,11437,57,,,0,198,,11438,57,,,0
