2500,'4614',742,,10611,7,0,5,0,287,,10612,7,,,0,193,,10613,7,0,5,0,212,,10614,7,,,0,401,,10615,7,,,0
2500,'5544',741,,10616,7,0,5,0,289,,10617,7,,,0,397,,10618,7,,,0,201,,10620,7,,,0,202,,10619,7,,,0
2500,'5547',741,,10622,7,0,5,0,289,,10624,7,,,0,397,,10623,7,,,0,201,,10625,7,,,0,202,,10621,7,,,0
3000,'4614',634,,10665,22,,,0,70,,10667,22,,,0,15,,10671,22,,,0,16,,10663,22,,,0,14,,10672,22,,,0,56,,10666,22,,,0,29,,10670,22,,,0,71,,10664,22,,,0,30,,10642,22,,,0,70,,10643,22,,,0,30,,10644,22,,,0,71,,10645,22,,,0,31,,10646,22,,,0,70,,10647,22,,,0,30,,10648,22,,,0,70,,10650,22,,,0,30,,10651,22,,,0,70,,10652,22,,,0,33,,10649,22,,,0,70,,10653,22,,,0,31,,10668,22,,,0,71,,10654,22,,,0,29,,10669,22,,,0,69,,10655,22,,,0,30,,10656,22,,,0,69,,10657,22,,,0,99,,10658,22,,,0,99,,10659,22,,,0,99,,10660,22,,,0,100,,10661,22,,,0,99,,10662,22,,,0
3000,'5544',705,,10673,22,,,0,100,,10674,22,,,0,101,,10675,22,,,0,101,,10676,22,,,0,100,,10677,22,,,0,101,,10678,22,,,0,100,,10679,22,,,0,101,,10680,22,,,0,100,,10681,22,,,0,100,,10682,22,,,0,100,,10683,22,,,0,100,,10684,22,,,0,98,,10685,22,,,0
3000,'5547',633,,10686,22,,,0,100,,10687,22,,,0,100,,10688,22,,,0,71,,10689,22,,,0,30,,10690,22,,,0,71,,10691,22,,,0,30,,10692,22,,,0,71,,10693,22,,,0,30,,10694,22,,,0,70,,10695,22,,,0,30,,10696,22,,,0,70,,10697,22,,,0,31,,10698,22,,,0,70,,10699,22,,,0,29,,10700,22,,,0,72,,10701,22,,,0,29,,10702,22,,,0,71,,10703,22,,,0,30,,10704,22,,,0,70,,10705,22,,,0,29,,10706,22,,,0,69,,10707,22,,,0,102,,10708,22,,,0,99,,10709,22,,,0,99,,10710,22,,,0,100,,10711,22,,,0,99,,10712,22,,,0
3001,'4614',641,,10743,38,,,0,72,,10736,38,,,0,30,,10735,38,,,0,75,,10738,38,,,0,16,,10741,38,,,0,15,,10740,38,,,0,54,,10742,38,,,0,16,,10737,38,,,0,29,,10713,38,,,0,71,,10714,38,,,0,30,,10715,38,,,0,70,,10717,38,,,0,30,,10716,38,,,0,70,,10718,38,,,0,30,,10720,38,,,0,70,,10722,38,,,0,32,,10723,38,,,0,70,,10719,38,,,0,31,,10724,38,,,0,70,,10721,38,,,0,99,,10725,38,,,0,30,,10739,38,,,0,99,,10726,38,,,0,68,,10727,38,,,0,29,,10728,38,,,0,69,,10729,38,,,0,100,,10731,38,,,0,99,,10732,38,,,0,100,,10733,38,,,0,99,,10730,38,,,0,100,,10734,38,,,0
3001,'5289',1552,,10745,38,,,0,168,,10744,38,,,0
3001,'5544',815,,10746,38,,,0,101,,10747,38,,,0,101,,10748,38,,,0,100,,10749,38,,,0,102,,10750,38,,,0,100,,10751,38,,,0,100,,10752,38,,,0,100,,10753,38,,,0,99,,10754,38,,,0,100,,10755,38,,,0,99,,10756,38,,,0,98,,10757,38,,,0,100,,10758,38,,,0
3001,'5547',746,,10759,38,,,0,101,,10760,38,,,0,100,,10761,38,,,0,71,,10762,38,,,0,30,,10763,38,,,0,70,,10764,38,,,0,30,,10765,38,,,0,71,,10766,38,,,0,30,,10767,38,,,0,70,,10768,38,,,0,30,,10769,38,,,0,70,,10770,38,,,0,30,,10771,38,,,0,70,,10772,38,,,0,30,,10773,38,,,0,69,,10774,38,,,0,30,,10775,38,,,0,69,,10776,38,,,0,31,,10777,38,,,0,68,,10778,38,,,0,30,,10779,38,,,0,70,,10780,38,,,0,100,,10781,38,,,0,100,,10782,38,,,0,99,,10783,38,,,0,99,,10784,38,,,0,99,,10785,38,,,0
3001,'5568',1552,,10787,38,,,0,168,,10786,38,,,0
4000,'4614',614,,10854,25,,,0,30,,10855,25,,,0,15,,10881,25,,,0,55,,10856,25,,,0,15,,10880,25,,,0,8,,10882,25,0,6 7,0,7,,10857,25,,,0,9,,10883,25,0,6 7,0,4,,10886,25,0,6 7,0,45,,10879,25,,,0,7,,10884,25,0,6 7,0,7,,10858,25,,,0,8,,10885,25,0,6 7,0,7,,10878,25,,,0,15,,10832,25,,,0,55,,10859,25,,,0,15,,10833,25,,,0,15,,10860,25,,,0,15,,10834,25,,,0,54,,10861,25,,,0,15,,10835,25,,,0,15,,10862,25,,,0,15,,10836,25,,,0,55,,10863,25,,,0,15,,10837,25,,,0,15,,10864,25,,,0,15,,10838,25,,,0,55,,10865,25,,,0,15,,10839,25,,,0,15,,10866,25,,,0,15,,10840,25,,,0,55,,10867,25,,,0,15,,10841,25,,,0,15,,10868,25,,,0,15,,10842,25,,,0,57,,10869,25,,,0,16,,10844,25,,,0,15,,10870,25,,,0,15,,10843,25,,,0,55,,10871,25,,,0,15,,10845,25,,,0,16,,10872,25,,,0,14,,10846,25,,,0,55,,10873,25,,,0,15,,10847,25,,,0,15,,10874,25,,,0,15,,10848,25,,,0,55,,10875,25,,,0,14,,10849,25,,,0,29,,10850,25,,,0,55,,10876,25,,,0,15,,10851,25,,,0,29,,10852,25,,,0,70,,10853,25,,,0,30,,10828,25,,,0,70,,10829,25,,,0,30,,10827,25,,,0,70,,10830,25,,,0,29,,10826,25,,,0,70,,10831,25,,,0,30,,10825,25,,,0,69,,10877,25,,,0
4000,'4619',1732,,10887,25,,,0
4000,'4931',1732,,10888,25,,,0
4000,'5544',714,,10889,25,,,0,100,,10891,25,,,0,100,,10893,25,,,0,32,,10894,25,,,0,69,,10895,25,,,0,30,,10896,25,,,0,70,,10897,25,,,0,30,,10898,25,,,0,70,,10899,25,,,0,30,,10900,25,,,0,72,,10901,25,,,0,30,,10902,25,,,0,70,,10903,25,,,0,32,,10904,25,,,0,68,,10905,25,,,0,30,,10906,25,,,0,70,,10907,25,,,0,30,,10908,25,,,0,70,,10909,25,,,0,28,,10910,25,,,0,70,,10911,25,,,0,30,,10912,25,,,0,70,,10890,25,,,0,30,,10892,25,,,0
4000,'5547',644,,10938,25,,,0,100,,10939,25,,,0,70,,10940,25,,,0,30,,10941,25,,,0,70,,10942,25,,,0,31,,10925,25,,,0,70,,10922,25,,,0,30,,10920,25,,,0,71,,10930,25,,,0,30,,10937,25,,,0,71,,10915,25,,,0,30,,10921,25,,,0,70,,10916,25,,,0,31,,10933,25,,,0,71,,10919,25,,,0,30,,10914,25,,,0,70,,10931,25,,,0,30,,10926,25,,,0,69,,10913,25,,,0,30,,10923,25,,,0,68,,10924,25,,,0,30,,10929,25,,,0,70,,10927,25,,,0,30,,10932,25,,,0,70,,10935,25,,,0,29,,10918,25,,,0,70,,10928,25,,,0,100,,10934,25,,,0,100,,10917,25,,,0,99,,10936,25,,,0
