100,'4614',452,,9931,5,,,0,85,,9932,5,,,0,70,,9920,5,,,0,31,,9927,5,,,0,70,,9921,5,,,0,22,,9918,5,,,0,21,,9917,5,,,0,61,,9919,5,,,0,19,,9915,5,,,0,21,,9930,5,,,0,60,,9914,5,,,0,20,,9908,5,,,0,70,,9913,5,,,0,30,,9899,5,,,0,70,,9916,5,,,0,30,,9900,5,,,0,70,,9909,5,,,0,30,,9902,5,,,0,70,,9912,5,,,0,31,,9929,5,,,0,70,,9906,5,,,0,30,,9903,5,,,0,70,,9907,5,,,0,30,,9892,5,,,0,20,,9905,5,,,0,60,,9891,5,,,0,20,,9911,5,,,0,20,,9893,5,,,0,60,,9901,5,,,0,20,,9928,5,,,0,69,,9910,5,,,0,30,,9895,5,,,0,69,,9922,5,,,0,30,,9898,5,,,0,69,,9923,5,,,0,30,,9896,5,,,0,70,,9924,5,,,0,30,,9894,5,,,0,28,,9925,5,,,0,70,,9897,5,,,0,30,,9926,5,,,0,99,,9904,5,,,0
100,'5544',728,,9952,5,,,0,30,,9951,5,,,0,70,,9943,5,,,0,30,,9942,5,,,0,73,,9933,5,,,0,70,,9945,5,,,0,30,,9954,5,,,0,70,,9948,5,,,0,30,,9955,5,,,0,71,,9940,5,,,0,30,,9941,5,,,0,70,,9956,5,,,0,31,,9935,5,,,0,70,,9953,5,,,0,30,,9947,5,,,0,70,,9938,5,,,0,30,,9944,5,,,0,69,,9946,5,,,0,30,,9957,5,,,0,70,,9939,5,,,0,30,,9934,5,,,0,68,,9937,5,,,0,29,,9958,5,,,0,30,,9949,5,,,0,70,,9936,5,,,0,30,,9959,5,,,0,70,,9950,5,,,0,29,,9960,5,,,0
100,'5547',628,,9995,5,,,0,30,,9988,5,,,0,70,,9968,5,,,0,30,,9973,5,,,0,70,,9972,5,,,0,31,,9986,5,,,0,72,,9981,5,,,0,70,,9967,5,,,0,31,,9970,5,,,0,71,,9985,5,,,0,30,,9964,5,,,0,70,,9984,5,,,0,30,,9966,5,,,0,70,,9993,5,,,0,30,,9979,5,,,0,70,,9962,5,,,0,30,,9989,5,,,0,70,,9991,5,,,0,30,,9963,5,,,0,70,,9992,5,,,0,30,,9980,5,,,0,70,,9994,5,,,0,30,,9974,5,,,0,69,,9978,5,,,0,29,,9987,5,,,0,70,,9961,5,,,0,30,,9990,5,,,0,70,,9976,5,,,0,29,,9983,5,,,0,70,,9975,5,,,0,30,,9982,5,,,0,28,,9965,5,,,0,70,,9969,5,,,0,30,,9971,5,,,0,100,,9977,5,,,0
2500,'4614',739,,10611,4,0,5,0,288,,10612,4,,,0,193,,10613,4,0,5,0,211,,10614,4,,,0,402,,10615,4,,,0
2500,'5544',738,,10616,4,0,5,0,289,,10617,4,,,0,397,,10618,4,,,0,201,,10620,4,,,0,202,,10619,4,,,0
2500,'5547',738,,10622,4,0,5,0,289,,10624,4,,,0,397,,10623,4,,,0,201,,10625,4,,,0,202,,10621,4,,,0
3001,'4614',637,,10743,35,,,0,71,,10736,35,,,0,30,,10735,35,,,0,75,,10738,35,,,0,16,,10741,35,,,0,15,,10740,35,,,0,14,,10742,35,,,0,56,,10737,35,,,0,29,,10713,35,,,0,71,,10714,35,,,0,30,,10715,35,,,0,70,,10717,35,,,0,30,,10716,35,,,0,70,,10718,35,,,0,30,,10720,35,,,0,70,,10722,35,,,0,32,,10723,35,,,0,70,,10719,35,,,0,31,,10724,35,,,0,70,,10721,35,,,0,99,,10725,35,,,0,30,,10739,35,,,0,99,,10726,35,,,0,68,,10727,35,,,0,29,,10728,35,,,0,70,,10729,35,,,0,100,,10731,35,,,0,99,,10732,35,,,0,100,,10733,35,,,0,99,,10730,35,,,0,100,,10734,35,,,0
3001,'5289',1547,,10745,35,,,0,168,,10744,35,,,0
3001,'5544',811,,10746,35,,,0,101,,10747,35,,,0,101,,10748,35,,,0,100,,10749,35,,,0,101,,10750,35,,,0,100,,10751,35,,,0,100,,10752,35,,,0,100,,10753,35,,,0,100,,10754,35,,,0,100,,10755,35,,,0,99,,10756,35,,,0,98,,10757,35,,,0,100,,10758,35,,,0
3001,'5547',742,,10759,35,,,0,100,,10760,35,,,0,100,,10761,35,,,0,71,,10762,35,,,0,30,,10763,35,,,0,70,,10764,35,,,0,30,,10765,35,,,0,71,,10766,35,,,0,30,,10767,35,,,0,70,,10768,35,,,0,30,,10769,35,,,0,70,,10770,35,,,0,30,,10771,35,,,0,70,,10772,35,,,0,30,,10773,35,,,0,70,,10774,35,,,0,30,,10775,35,,,0,69,,10776,35,,,0,31,,10777,35,,,0,68,,10778,35,,,0,30,,10779,35,,,0,70,,10780,35,,,0,100,,10781,35,,,0,100,,10782,35,,,0,99,,10783,35,,,0,99,,10784,35,,,0,99,,10785,35,,,0
3001,'5568',1547,,10787,35,,,0,168,,10786,35,,,0
