2000,'4614',555,,10541,17,0,9 12 2 5,0,100,,10542,17,0,9 12 2 5,0,103,,10543,17,0,9 12 2 5,0,99,,10536,17,,,0,100,,10549,17,,,0,100,,10544,17,,,0,101,,10545,17,,,0,100,,10546,17,,,0,100,,10537,17,,,0,247,,10547,17,,,0,97,,10548,17,,,0,98,,10538,17,,,0,151,,10539,17,0,9 12 2 5,0,199,,10540,17,0,9 12 2 5,0
2000,'5544',857,,10550,17,0,9 12 2 5,0,201,,10553,17,0,9 12 2 5,0,201,,10552,17,0,9 12 2 5,0,242,,10554,17,0,9 12 2 5,0,200,,10551,17,0,9 12 2 5,0,254,,10555,17,0,9 12 2 5,0
2000,'5547',757,,10568,17,,,0,100,,10564,17,,,0,101,,10563,17,,,0,101,,10565,17,,,0,100,,10556,17,,,0,100,,10557,17,,,0,100,,10559,17,,,0,141,,10567,17,,,0,100,,10560,17,,,0,100,,10558,17,,,0,57,,10562,17,,,0,195,,10561,17,0,9 12 2 5,0,198,,10566,17,0,9 12 2 5,0
9200,'4619',1410,,11284,13,,,0,2,,11283,13,,,0
9200,'5289',1519,,11286,13,,,0,2,,11285,13,,,0
9200,'5299',1425,,11287,13,,,0,2,,11288,13,,,0
1002000,'4614',627,,11372,23,,,0,113,,11373,23,,,0,86,,11379,23,,,0,103,,11374,23,,,0,100,,11366,23,,,0,100,,11367,23,,,0,101,,11368,23,,,0,100,,11369,23,,,0,104,,11375,23,,,0,89,,11370,23,,,0,16,,11371,23,,,0,185,,11376,23,,,0,329,,11377,23,,,0,199,,11378,23,,,0
1002000,'5299',1627,,11380,23,,,0,229,,11381,23,,,0
1002000,'5544',659,,11382,23,,,0,100,,11388,23,,,0,200,,11383,23,,,0,241,,11384,23,,,0,200,,11385,23,,,0,202,,11386,23,,,0,199,,11387,23,,,0
1002000,'5547',622,,11391,23,,,0,100,,11403,23,,,0,100,,11390,23,,,0,100,,11392,23,,,0,100,,11393,23,,,0,101,,11394,23,,,0,100,,11395,23,,,0,100,,11396,23,,,0,101,,11397,23,,,0,100,,11402,23,,,0,100,,11398,23,,,0,98,,11399,23,,,0,135,,11400,23,,,0,196,,11401,23,,,0,199,,11389,23,,,0
1002000,'5567',1627,,11404,23,,,0,229,,11405,23,,,0
