2001,'4614',654,,10575,19,,,0,86,,10581,19,0,9 10 11,0,71,,10574,19,0,9 10 11,0,105,,10569,19,,,0,84,,10580,19,0,9 10 11,0,36,,10570,19,,,0,100,,10579,19,,,0,101,,10576,19,,,0,100,,10577,19,,,0,97,,10578,19,0,9 10 11,0,406,,10571,19,,,0,319,,10572,19,0,9 10 11,0,198,,10573,19,0,9 10 11,0
2001,'5289',1642,,10583,19,,,0
2001,'5299',1542,,10586,19,,,0,200,,10584,19,,,0,217,,10585,19,0,9 10 11,0
2001,'5544',759,,10592,19,,,0,242,,10587,19,,,0,201,,10589,19,,,0,200,,10588,19,,,0,201,,10590,19,,,0,199,,10591,19,,,0
2001,'5547',829,,10604,19,0,9 10 11,0,112,,10599,19,,,0,100,,10603,19,,,0,100,,10600,19,,,0,101,,10593,19,,,0,100,,10602,19,,,0,100,,10606,19,,,0,100,,10596,19,,,0,99,,10601,19,,,0,100,,10597,19,,,0,99,,10594,19,,,0,119,,10605,19,0,9 10 11,0,200,,10598,19,0,9 10 11,0,198,,10595,19,0,9 10 11,0
2001,'5567',1542,,10609,19,,,0,200,,10607,19,,,0,217,,10608,19,0,9 10 11,0
2001,'5568',1642,,10610,19,,,0
1002001,'4614',714,,11410,19,,,0,127,,11411,19,,,0,100,,11412,19,,,0,165,,11413,19,,,0,100,,11406,19,,,0,101,,11407,19,,,0,94,,11414,19,,,0,101,,11408,19,,,0,99,,11409,19,,,0,100,,11415,19,,,0,100,,11416,19,,,0,58,,11417,19,,,0,200,,11418,19,,,0,199,,11419,19,,,0
1002001,'5544',859,,11420,19,,,0,241,,11421,19,,,0,201,,11422,19,,,0,200,,11423,19,,,0,200,,11424,19,,,0,199,,11426,19,,,0,159,,11425,19,,,0
1002001,'5547',728,,11440,19,,,0,131,,11427,19,,,0,100,,11428,19,,,0,100,,11429,19,,,0,100,,11430,19,,,0,141,,11439,19,,,0,100,,11431,19,,,0,100,,11432,19,,,0,100,,11433,19,,,0,100,,11434,19,,,0,100,,11435,19,,,0,59,,11436,19,,,0,200,,11437,19,,,0,199,,11438,19,,,0
