2000,'4614',613,,10541,44,,,0,102,,10542,44,,,0,108,,10543,44,,,0,1187,,10539,44,,,0,198,,10540,44,,,0
2000,'5544',914,,10550,44,,,0,202,,10553,44,,,0,201,,10552,44,,,0,202,,10554,44,,,0,200,,10551,44,,,0,293,,10555,44,,,0
2000,'5547',2011,,10561,44,,,0,198,,10566,44,,,0
2001,'4614',755,,10581,36,,,0,72,,10574,36,,,0,188,,10580,36,,,0,435,,10578,36,,,0,763,,10572,36,,,0,196,,10573,36,,,0
2001,'5299',2013,,10585,36,,,0
2001,'5547',844,,10604,36,,,0,1170,,10605,36,,,0,200,,10598,36,,,0,196,,10595,36,,,0
2001,'5567',2013,,10608,36,,,0
1002000,'4614',848,,11379,50,,,0,402,,11368,50,,,0,207,,11375,50,,,0,143,,11371,50,,,0,144,,11376,50,,,0,367,,11377,50,,,0,199,,11378,50,,,0
1002000,'5299',1647,,11380,50,,,0,268,,11381,50,,,0
1002000,'5544',718,,11382,50,,,0,100,,11388,50,,,0
1002000,'5547',641,,11391,50,,,0,101,,11403,50,,,0,100,,11390,50,,,0,100,,11392,50,,,0,100,,11393,50,,,0,101,,11394,50,,,0,100,,11395,50,,,0,100,,11396,50,,,0,101,,11397,50,,,0,100,,11402,50,,,0,100,,11398,50,,,0,98,,11399,50,,,0,174,,11400,50,,,0,196,,11401,50,,,0,198,,11389,50,,,0
1002000,'5567',1647,,11404,50,,,0,268,,11405,50,,,0
1002001,'4614',856,,11411,36,,,0,561,,11414,36,,,0,101,,11408,36,,,0,98,,11409,36,,,0,100,,11415,36,,,0,100,,11416,36,,,0,98,,11417,36,,,0,199,,11418,36,,,0,198,,11419,36,,,0
1002001,'5544',914,,11420,36,,,0,201,,11421,36,,,0,201,,11422,36,,,0,200,,11423,36,,,0,200,,11424,36,,,0,199,,11426,36,,,0,198,,11425,36,,,0
1002001,'5547',742,,11440,36,,,0,172,,11427,36,,,0,100,,11428,36,,,0,100,,11429,36,,,0,100,,11430,36,,,0,101,,11439,36,,,0,100,,11431,36,,,0,100,,11432,36,,,0,100,,11433,36,,,0,100,,11434,36,,,0,100,,11435,36,,,0,99,,11436,36,,,0,200,,11437,36,,,0,198,,11438,36,,,0
