2000,'4614',618,,10541,50,,,0,102,,10542,50,,,0,108,,10543,50,,,0,81,,10536,33,,,0,100,,10549,33,,,0,100,,10544,33,,,0,102,,10545,33,,,0,100,,10546,33,,,0,100,,10537,33,,,0,206,,10547,33,,,0,97,,10548,33,,,0,98,,10538,33,,,0,203,,10539,50,,,0,198,,10540,50,,,0
2000,'5544',919,,10550,50,,,0,202,,10553,50,,,0,201,,10552,50,,,0,202,,10554,50,,,0,200,,10551,50,,,0,293,,10555,50,,,0
2000,'5547',809,,10568,33,,,0,100,,10564,33,,,0,101,,10563,33,,,0,101,,10565,33,,,0,100,,10556,33,,,0,100,,10557,33,,,0,100,,10559,33,,,0,101,,10567,33,,,0,100,,10560,33,,,0,100,,10558,33,,,0,97,,10562,33,,,0,207,,10561,50,,,0,198,,10566,50,,,0
2500,'4614',750,,10611,15,0,5,0,287,,10612,15,,,0,193,,10613,15,0,5,0,212,,10614,15,,,0,401,,10615,15,,,0
2500,'5544',749,,10616,15,0,5,0,289,,10617,15,,,0,399,,10618,15,,,0,200,,10620,15,,,0,201,,10619,15,,,0
2500,'5547',749,,10622,15,0,5,0,289,,10624,15,,,0,399,,10623,15,,,0,200,,10625,15,,,0,201,,10621,15,,,0
1002000,'4614',639,,11372,39,,,0,113,,11373,39,,,0,101,,11379,56,,,0,88,,11374,39,,,0,100,,11366,39,,,0,101,,11367,39,,,0,113,,11368,56,,,0,88,,11369,39,,,0,159,,11375,56,,,0,35,,11370,39,,,0,68,,11371,56,,,0,144,,11376,56,,,0,367,,11377,56,,,0,199,,11378,56,,,0
1002000,'5299',1652,,11380,56,,,0,268,,11381,56,,,0
1002000,'5544',722,,11382,56,,,0,100,,11388,56,,,0,189,,11383,39,,,0,201,,11384,39,,,0,200,,11385,39,,,0,202,,11386,39,,,0,199,,11387,39,,,0
1002000,'5547',646,,11391,56,,,0,101,,11403,56,,,0,100,,11390,56,,,0,100,,11392,56,,,0,100,,11393,56,,,0,101,,11394,56,,,0,100,,11395,56,,,0,100,,11396,56,,,0,101,,11397,56,,,0,100,,11402,56,,,0,100,,11398,56,,,0,98,,11399,56,,,0,174,,11400,56,,,0,196,,11401,56,,,0,198,,11389,56,,,0
1002000,'5567',1652,,11404,56,,,0,268,,11405,56,,,0
