2001,'4614',652,,10575,17,,,0,87,,10581,17,0,9 10 11,0,70,,10574,17,0,9 10 11,0,105,,10569,17,,,0,45,,10580,17,0,9 10 11,0,75,,10570,17,,,0,100,,10579,17,,,0,101,,10576,17,,,0,100,,10577,17,,,0,97,,10578,17,0,9 10 11,0,406,,10571,17,,,0,320,,10572,17,0,9 10 11,0,198,,10573,17,0,9 10 11,0
2001,'5289',1640,,10583,17,,,0
2001,'5299',1540,,10586,17,,,0,200,,10584,17,,,0,218,,10585,17,0,9 10 11,0
2001,'5544',757,,10592,17,,,0,202,,10587,17,,,0,241,,10589,17,,,0,200,,10588,17,,,0,201,,10590,17,,,0,199,,10591,17,,,0
2001,'5547',828,,10604,17,0,9 10 11,0,111,,10599,17,,,0,100,,10603,17,,,0,100,,10600,17,,,0,101,,10593,17,,,0,100,,10602,17,,,0,100,,10606,17,,,0,100,,10596,17,,,0,99,,10601,17,,,0,100,,10597,17,,,0,99,,10594,17,,,0,120,,10605,17,0,9 10 11,0,200,,10598,17,0,9 10 11,0,198,,10595,17,0,9 10 11,0
2001,'5567',1540,,10609,17,,,0,200,,10607,17,,,0,218,,10608,17,0,9 10 11,0
2001,'5568',1640,,10610,17,,,0
1002001,'4614',712,,11410,17,,,0,127,,11411,17,,,0,100,,11412,17,,,0,165,,11413,17,,,0,100,,11406,17,,,0,101,,11407,17,,,0,95,,11414,17,,,0,100,,11408,17,,,0,100,,11409,17,,,0,100,,11415,17,,,0,100,,11416,17,,,0,58,,11417,17,,,0,200,,11418,17,,,0,199,,11419,17,,,0
1002001,'5544',858,,11420,17,,,0,201,,11421,17,,,0,241,,11422,17,,,0,200,,11423,17,,,0,200,,11424,17,,,0,159,,11426,17,,,0,199,,11425,17,,,0
1002001,'5547',727,,11440,17,,,0,131,,11427,17,,,0,100,,11428,17,,,0,100,,11429,17,,,0,100,,11430,17,,,0,101,,11439,17,,,0,100,,11431,17,,,0,100,,11432,17,,,0,100,,11433,17,,,0,100,,11434,17,,,0,100,,11435,17,,,0,99,,11436,17,,,0,200,,11437,17,,,0,199,,11438,17,,,0
