2001,'4614',650,,10575,14,,,0,87,,10581,14,0,9 10 11,0,70,,10574,14,0,9 10 11,0,105,,10569,14,,,0,45,,10580,14,0,9 10 11,0,75,,10570,14,,,0,100,,10579,14,,,0,101,,10576,14,,,0,100,,10577,14,,,0,97,,10578,14,0,9 10 11,0,406,,10571,14,,,0,320,,10572,14,0,9 10 11,0,198,,10573,14,0,9 10 11,0
2001,'5289',1638,,10583,14,,,0
2001,'5299',1538,,10586,14,,,0,200,,10584,14,,,0,218,,10585,14,0,9 10 11,0
2001,'5544',755,,10592,14,,,0,202,,10587,14,,,0,200,,10589,14,,,0,201,,10588,14,,,0,201,,10590,14,,,0,199,,10591,14,,,0
2001,'5547',826,,10604,14,0,9 10 11,0,110,,10599,14,,,0,100,,10603,14,,,0,100,,10600,14,,,0,101,,10593,14,,,0,100,,10602,14,,,0,100,,10606,14,,,0,101,,10596,14,,,0,99,,10601,14,,,0,100,,10597,14,,,0,99,,10594,14,,,0,120,,10605,14,0,9 10 11,0,200,,10598,14,0,9 10 11,0,198,,10595,14,0,9 10 11,0
2001,'5567',1538,,10609,14,,,0,200,,10607,14,,,0,218,,10608,14,0,9 10 11,0
2001,'5568',1638,,10610,14,,,0
2501,'4614',830,,10626,14,,,0,301,,10627,15,,,0,179,,10628,14,,,0,223,,10629,15,,,0,398,,10630,15,,,0,90,,10631,14,,,0
2501,'5544',830,,10632,14,,,0,303,,10633,15,,,0,400,,10634,15,,,0,200,,10636,15,,,0,200,,10635,15,,,0
2501,'5547',830,,10638,14,,,0,303,,10640,15,,,0,400,,10639,15,,,0,200,,10641,15,,,0,200,,10637,15,,,0
1002001,'4614',710,,11410,14,,,0,127,,11411,14,,,0,100,,11412,14,,,0,165,,11413,14,,,0,100,,11406,14,,,0,101,,11407,14,,,0,55,,11414,14,,,0,100,,11408,14,,,0,100,,11409,14,,,0,100,,11415,14,,,0,100,,11416,14,,,0,98,,11417,14,,,0,200,,11418,14,,,0,199,,11419,14,,,0
1002001,'5544',856,,11420,14,,,0,201,,11421,14,,,0,201,,11422,14,,,0,200,,11423,14,,,0,200,,11424,14,,,0,199,,11426,14,,,0,199,,11425,14,,,0
1002001,'5547',725,,11440,14,,,0,131,,11427,14,,,0,100,,11428,14,,,0,100,,11429,14,,,0,100,,11430,14,,,0,101,,11439,14,,,0,100,,11431,14,,,0,100,,11432,14,,,0,100,,11433,14,,,0,100,,11434,14,,,0,100,,11435,14,,,0,99,,11436,14,,,0,200,,11437,14,,,0,199,,11438,14,,,0
