2000,'4614',632,,10541,63,4,,0,104,,10542,63,4,,0,108,,10543,63,4,,0,80,,10536,46,4,,0,100,,10549,46,4,,0,101,,10544,46,4,,0,102,,10545,46,4,,0,100,,10546,46,4,,0,101,,10537,46,4,,0,206,,10547,46,4,,0,97,,10548,46,4,,0,97,,10538,46,4,,0,202,,10539,63,4,,0,196,,10540,63,4,,0
2000,'5544',933,,10550,63,4,,0,203,,10553,63,4,,0,203,,10552,63,4,,0,201,,10554,63,4,,0,199,,10551,63,4,,0,291,,10555,63,4,,0
2000,'5547',822,,10568,46,4,,0,101,,10564,46,4,,0,103,,10563,46,4,,0,101,,10565,46,4,,0,100,,10556,46,4,,0,100,,10557,46,4,,0,100,,10559,46,4,,0,101,,10567,46,4,,0,99,,10560,46,4,,0,100,,10558,46,4,,0,96,,10562,46,4,,0,207,,10561,63,4,,0,197,,10566,63,4,,0
2001,'4614',640,,10575,1,,,0,85,,10581,1,0,9 10 11,0,30,,10574,1,0,9 10 11,0,145,,10569,1,,,0,45,,10580,1,0,9 10 11,0,75,,10570,1,,,0,100,,10579,1,,,0,100,,10576,1,,,0,100,,10577,1,,,0,97,,10578,1,0,9 10 11,0,408,,10571,1,,,0,320,,10572,1,0,9 10 11,0,200,,10573,1,0,9 10 11,0
2001,'5289',1625,,10583,1,,,0
2001,'5299',1525,,10586,1,,,0,200,,10584,1,,,0,220,,10585,1,0,9 10 11,0
2001,'5544',745,,10592,1,,,0,200,,10587,1,,,0,200,,10589,1,,,0,200,,10588,1,,,0,201,,10590,1,,,0,199,,10591,1,,,0
2001,'5547',815,,10604,1,0,9 10 11,0,110,,10599,1,,,0,100,,10603,1,,,0,100,,10600,1,,,0,100,,10593,1,,,0,100,,10602,1,,,0,100,,10606,1,,,0,100,,10596,1,,,0,100,,10601,1,,,0,100,,10597,1,,,0,100,,10594,1,,,0,120,,10605,1,0,9 10 11,0,200,,10598,1,0,9 10 11,0,200,,10595,1,0,9 10 11,0
2001,'5567',1525,,10609,1,,,0,200,,10607,1,,,0,220,,10608,1,0,9 10 11,0
2001,'5568',1625,,10610,1,,,0
1002000,'4614',653,,11372,52,4,,0,155,,11373,52,4,,0,100,,11379,69,4,,0,48,,11374,52,4,,0,101,,11366,52,4,,0,101,,11367,52,4,,0,153,,11368,69,4,,0,48,,11369,52,4,,0,160,,11375,69,4,,0,35,,11370,52,4,,0,68,,11371,69,4,,0,184,,11376,69,4,,0,323,,11377,69,4,,0,199,,11378,69,4,,0
1002000,'5299',1709,,11380,69,4,,0,226,,11381,69,4,,0
1002000,'5544',735,,11382,69,4,,0,100,,11388,69,4,,0,191,,11383,52,4,,0,201,,11384,52,4,,0,201,,11385,52,4,,0,201,,11386,52,4,,0,199,,11387,52,4,,0
1002000,'5547',659,,11391,69,4,,0,141,,11403,69,4,,0,100,,11390,69,4,,0,101,,11392,69,4,,0,102,,11393,69,4,,0,101,,11394,69,4,,0,100,,11395,69,4,,0,100,,11396,69,4,,0,101,,11397,69,4,,0,100,,11402,69,4,,0,99,,11398,69,4,,0,98,,11399,69,4,,0,133,,11400,69,4,,0,195,,11401,69,4,,0,198,,11389,69,4,,0
1002000,'5567',1709,,11404,69,4,,0,226,,11405,69,4,,0
1002001,'4614',700,,11410,1,,,0,125,,11411,1,,,0,100,,11412,1,,,0,125,,11413,1,,,0,100,,11406,1,,,0,100,,11407,1,,,0,95,,11414,1,,,0,100,,11408,1,,,0,100,,11409,1,,,0,100,,11415,1,,,0,100,,11416,1,,,0,100,,11417,1,,,0,200,,11418,1,,,0,200,,11419,1,,,0
1002001,'5544',845,,11420,1,,,0,200,,11421,1,,,0,200,,11422,1,,,0,200,,11423,1,,,0,200,,11424,1,,,0,200,,11426,1,,,0,200,,11425,1,,,0
1002001,'5547',715,,11440,1,,,0,130,,11427,1,,,0,100,,11428,1,,,0,100,,11429,1,,,0,100,,11430,1,,,0,100,,11439,1,,,0,100,,11431,1,,,0,100,,11432,1,,,0,100,,11433,1,,,0,100,,11434,1,,,0,100,,11435,1,,,0,100,,11436,1,,,0,200,,11437,1,,,0,200,,11438,1,,,0
