2000,'4614',601,,10541,28,0,9 12 2 5,0,101,,10542,28,0,9 12 2 5,0,105,,10543,28,0,9 12 2 5,0,1151,,10539,28,0,9 12 2 5,0,198,,10540,28,0,9 12 2 5,0
2000,'5544',903,,10550,28,0,9 12 2 5,0,202,,10553,28,0,9 12 2 5,0,201,,10552,28,0,9 12 2 5,0,202,,10554,28,0,9 12 2 5,0,200,,10551,28,0,9 12 2 5,0,294,,10555,28,0,9 12 2 5,0
2000,'5547',1959,,10561,28,0,9 12 2 5,0,198,,10566,28,0,9 12 2 5,0
2001,'4614',741,,10581,20,0,9 10 11,0,71,,10574,20,0,9 10 11,0,189,,10580,20,0,9 10 11,0,433,,10578,20,0,9 10 11,0,766,,10572,20,0,9 10 11,0,157,,10573,20,0,9 10 11,0
2001,'5299',2000,,10585,20,0,9 10 11,0
2001,'5547',830,,10604,20,0,9 10 11,0,1170,,10605,20,0,9 10 11,0,200,,10598,20,0,9 10 11,0,158,,10595,20,0,9 10 11,0
2001,'5567',2000,,10608,20,0,9 10 11,0
9200,'4619',1418,,11284,24,,,0,2,,11283,24,,,0
9200,'5289',1527,,11286,24,,,0,2,,11285,24,,,0
9200,'5299',1434,,11287,24,,,0,2,,11288,24,,,0
1002000,'4614',833,,11379,34,,,0,404,,11368,34,,,0,205,,11375,34,,,0,104,,11371,34,,,0,185,,11376,34,,,0,328,,11377,34,,,0,199,,11378,34,,,0
1002000,'5299',1634,,11380,34,,,0,269,,11381,34,,,0
1002000,'5544',705,,11382,34,,,0,100,,11388,34,,,0
1002000,'5547',629,,11391,34,,,0,100,,11403,34,,,0,100,,11390,34,,,0,100,,11392,34,,,0,100,,11393,34,,,0,101,,11394,34,,,0,100,,11395,34,,,0,100,,11396,34,,,0,101,,11397,34,,,0,100,,11402,34,,,0,100,,11398,34,,,0,98,,11399,34,,,0,175,,11400,34,,,0,196,,11401,34,,,0,158,,11389,34,,,0
1002000,'5567',1634,,11404,34,,,0,269,,11405,34,,,0
1002001,'4614',841,,11411,20,,,0,561,,11414,20,,,0,100,,11408,20,,,0,100,,11409,20,,,0,100,,11415,20,,,0,100,,11416,20,,,0,98,,11417,20,,,0,200,,11418,20,,,0,159,,11419,20,,,0
1002001,'5544',900,,11420,20,,,0,201,,11421,20,,,0,201,,11422,20,,,0,200,,11423,20,,,0,200,,11424,20,,,0,199,,11426,20,,,0,199,,11425,20,,,0
1002001,'5547',729,,11440,20,,,0,171,,11427,20,,,0,100,,11428,20,,,0,100,,11429,20,,,0,100,,11430,20,,,0,101,,11439,20,,,0,100,,11431,20,,,0,100,,11432,20,,,0,100,,11433,20,,,0,100,,11434,20,,,0,100,,11435,20,,,0,99,,11436,20,,,0,200,,11437,20,,,0,159,,11438,20,,,0
