100,'4614',452,,9931,6,,,0,85,,9932,6,,,0,70,,9920,6,,,0,31,,9927,6,,,0,70,,9921,6,,,0,22,,9918,6,,,0,21,,9917,6,,,0,61,,9919,6,,,0,19,,9915,6,,,0,21,,9930,6,,,0,60,,9914,6,,,0,20,,9908,6,,,0,70,,9913,6,,,0,30,,9899,6,,,0,70,,9916,6,,,0,30,,9900,6,,,0,70,,9909,6,,,0,30,,9902,6,,,0,70,,9912,6,,,0,31,,9929,6,,,0,70,,9906,6,,,0,30,,9903,6,,,0,70,,9907,6,,,0,30,,9892,6,,,0,20,,9905,6,,,0,60,,9891,6,,,0,20,,9911,6,,,0,20,,9893,6,,,0,60,,9901,6,,,0,20,,9928,6,,,0,69,,9910,6,,,0,30,,9895,6,,,0,69,,9922,6,,,0,30,,9898,6,,,0,69,,9923,6,,,0,30,,9896,6,,,0,70,,9924,6,,,0,30,,9894,6,,,0,28,,9925,6,,,0,70,,9897,6,,,0,30,,9926,6,,,0,99,,9904,6,,,0
100,'5544',728,,9952,6,,,0,30,,9951,6,,,0,70,,9943,6,,,0,30,,9942,6,,,0,73,,9933,6,,,0,70,,9945,6,,,0,30,,9954,6,,,0,70,,9948,6,,,0,30,,9955,6,,,0,71,,9940,6,,,0,30,,9941,6,,,0,70,,9956,6,,,0,31,,9935,6,,,0,70,,9953,6,,,0,30,,9947,6,,,0,70,,9938,6,,,0,30,,9944,6,,,0,69,,9946,6,,,0,30,,9957,6,,,0,70,,9939,6,,,0,30,,9934,6,,,0,68,,9937,6,,,0,29,,9958,6,,,0,30,,9949,6,,,0,70,,9936,6,,,0,30,,9959,6,,,0,70,,9950,6,,,0,29,,9960,6,,,0
100,'5547',628,,9995,6,,,0,30,,9988,6,,,0,70,,9968,6,,,0,30,,9973,6,,,0,70,,9972,6,,,0,31,,9986,6,,,0,72,,9981,6,,,0,70,,9967,6,,,0,31,,9970,6,,,0,71,,9985,6,,,0,30,,9964,6,,,0,70,,9984,6,,,0,30,,9966,6,,,0,70,,9993,6,,,0,30,,9979,6,,,0,70,,9962,6,,,0,30,,9989,6,,,0,70,,9991,6,,,0,30,,9963,6,,,0,70,,9992,6,,,0,30,,9980,6,,,0,70,,9994,6,,,0,30,,9974,6,,,0,69,,9978,6,,,0,29,,9987,6,,,0,70,,9961,6,,,0,30,,9990,6,,,0,70,,9976,6,,,0,29,,9983,6,,,0,70,,9975,6,,,0,30,,9982,6,,,0,28,,9965,6,,,0,70,,9969,6,,,0,30,,9971,6,,,0,100,,9977,6,,,0
2500,'4614',740,,10611,5,0,5,0,288,,10612,5,,,0,192,,10613,5,0,5,0,211,,10614,5,,,0,403,,10615,5,,,0
2500,'5544',739,,10616,5,0,5,0,289,,10617,5,,,0,396,,10618,5,,,0,201,,10620,5,,,0,203,,10619,5,,,0
2500,'5547',739,,10622,5,0,5,0,289,,10624,5,,,0,396,,10623,5,,,0,201,,10625,5,,,0,203,,10621,5,,,0
3000,'4614',630,,10665,20,,,0,70,,10667,20,,,0,15,,10671,20,,,0,16,,10663,20,,,0,14,,10672,20,,,0,56,,10666,20,,,0,29,,10670,20,,,0,71,,10664,20,,,0,30,,10642,20,,,0,70,,10643,20,,,0,30,,10644,20,,,0,71,,10645,20,,,0,31,,10646,20,,,0,70,,10647,20,,,0,30,,10648,20,,,0,70,,10650,20,,,0,30,,10651,20,,,0,70,,10652,20,,,0,33,,10649,20,,,0,70,,10653,20,,,0,31,,10668,20,,,0,71,,10654,20,,,0,29,,10669,20,,,0,69,,10655,20,,,0,30,,10656,20,,,0,69,,10657,20,,,0,99,,10658,20,,,0,99,,10659,20,,,0,100,,10660,20,,,0,100,,10661,20,,,0,99,,10662,20,,,0
3000,'5544',702,,10673,20,,,0,100,,10674,20,,,0,101,,10675,20,,,0,100,,10676,20,,,0,100,,10677,20,,,0,101,,10678,20,,,0,100,,10679,20,,,0,101,,10680,20,,,0,100,,10681,20,,,0,100,,10682,20,,,0,100,,10683,20,,,0,100,,10684,20,,,0,98,,10685,20,,,0
3000,'5547',630,,10686,20,,,0,100,,10687,20,,,0,100,,10688,20,,,0,71,,10689,20,,,0,30,,10690,20,,,0,70,,10691,20,,,0,30,,10692,20,,,0,71,,10693,20,,,0,30,,10694,20,,,0,70,,10695,20,,,0,30,,10696,20,,,0,70,,10697,20,,,0,31,,10698,20,,,0,70,,10699,20,,,0,29,,10700,20,,,0,72,,10701,20,,,0,29,,10702,20,,,0,71,,10703,20,,,0,30,,10704,20,,,0,70,,10705,20,,,0,29,,10706,20,,,0,69,,10707,20,,,0,102,,10708,20,,,0,100,,10709,20,,,0,99,,10710,20,,,0,100,,10711,20,,,0,99,,10712,20,,,0
3001,'4614',637,,10743,36,,,0,72,,10736,36,,,0,30,,10735,36,,,0,75,,10738,36,,,0,16,,10741,36,,,0,15,,10740,36,,,0,14,,10742,36,,,0,56,,10737,36,,,0,29,,10713,36,,,0,71,,10714,36,,,0,30,,10715,36,,,0,70,,10717,36,,,0,30,,10716,36,,,0,70,,10718,36,,,0,30,,10720,36,,,0,70,,10722,36,,,0,32,,10723,36,,,0,70,,10719,36,,,0,31,,10724,36,,,0,70,,10721,36,,,0,99,,10725,36,,,0,30,,10739,36,,,0,99,,10726,36,,,0,68,,10727,36,,,0,29,,10728,36,,,0,69,,10729,36,,,0,100,,10731,36,,,0,99,,10732,36,,,0,100,,10733,36,,,0,99,,10730,36,,,0,100,,10734,36,,,0
3001,'5289',1548,,10745,36,,,0,168,,10744,36,,,0
3001,'5544',811,,10746,36,,,0,101,,10747,36,,,0,101,,10748,36,,,0,100,,10749,36,,,0,102,,10750,36,,,0,100,,10751,36,,,0,100,,10752,36,,,0,100,,10753,36,,,0,99,,10754,36,,,0,100,,10755,36,,,0,99,,10756,36,,,0,98,,10757,36,,,0,100,,10758,36,,,0
3001,'5547',742,,10759,36,,,0,101,,10760,36,,,0,100,,10761,36,,,0,71,,10762,36,,,0,30,,10763,36,,,0,70,,10764,36,,,0,30,,10765,36,,,0,71,,10766,36,,,0,30,,10767,36,,,0,70,,10768,36,,,0,30,,10769,36,,,0,70,,10770,36,,,0,30,,10771,36,,,0,70,,10772,36,,,0,30,,10773,36,,,0,69,,10774,36,,,0,30,,10775,36,,,0,69,,10776,36,,,0,31,,10777,36,,,0,68,,10778,36,,,0,30,,10779,36,,,0,70,,10780,36,,,0,100,,10781,36,,,0,100,,10782,36,,,0,99,,10783,36,,,0,99,,10784,36,,,0,99,,10785,36,,,0
3001,'5568',1548,,10787,36,,,0,168,,10786,36,,,0
4001,'4614',648,,10973,30,,,0,72,,10974,30,,,0,33,,10976,30,,,0,55,,10978,30,,,0,17,,10975,30,,,0,17,,10979,30,,,0,13,,10953,30,,,0,55,,10980,30,,,0,15,,10955,30,,,0,16,,10981,30,,,0,14,,10954,30,,,0,56,,10982,30,,,0,15,,10956,30,,,0,15,,10983,30,,,0,15,,10957,30,,,0,55,,10984,30,,,0,16,,10958,30,,,0,15,,10985,30,,,0,15,,10959,30,,,0,55,,10986,30,,,0,15,,10960,30,,,0,15,,10987,30,,,0,15,,10961,30,,,0,55,,10988,30,,,0,15,,10962,30,,,0,15,,10989,30,,,0,15,,10963,30,,,0,56,,10990,30,,,0,15,,10964,30,,,0,11,,10991,30,,,0,10,,10992,30,,,0,51,,10965,30,,,0,10,,10993,30,,,0,19,,11004,20,0,19 20 7,0,1,,10966,30,,,0,20,,10995,30,,,0,50,,10968,30,,,0,10,,10994,30,,,0,10,,10996,30,,,0,10,,10967,30,,,0,20,,10997,30,,,0,50,,10969,30,,,0,14,,10998,30,,,0,15,,10977,30,,,0,15,,10999,30,,,0,14,,10971,30,,,0,54,,11000,30,,,0,14,,10970,30,,,0,15,,11001,30,,,0,15,,10972,30,,,0,55,,11002,30,,,0,14,,10952,30,,,0,29,,10951,30,,,0,71,,10950,30,,,0,29,,10946,30,,,0,69,,10949,30,,,0,29,,10945,30,,,0,69,,10948,30,,,0,29,,10944,30,,,0,69,,10947,30,,,0,30,,10943,30,,,0,70,,11003,30,,,0
4001,'4619',1540,,11005,30,,,0
4001,'5289',1520,,11006,30,,,0,20,,11007,30,,,0,100,,11008,30,,,0
4001,'5299',1540,,11009,30,,,0
4001,'5544',722,,11010,30,,,0,103,,11012,30,,,0,101,,11014,30,,,0,100,,11016,30,,,0,30,,11017,30,,,0,70,,11018,30,,,0,31,,11019,30,,,0,71,,11020,30,,,0,30,,11021,30,,,0,70,,11022,30,,,0,30,,11023,30,,,0,69,,11024,30,,,0,30,,11025,30,,,0,70,,11026,30,,,0,30,,11027,30,,,0,70,,11028,30,,,0,30,,11029,30,,,0,70,,11030,30,,,0,28,,11031,30,,,0,70,,11032,30,,,0,30,,11033,30,,,0,70,,11015,30,,,0,29,,11013,30,,,0,70,,11011,30,,,0
4001,'5547',723,,11034,30,,,0,102,,11035,30,,,0,31,,11036,30,,,0,71,,11037,30,,,0,30,,11038,30,,,0,70,,11039,30,,,0,30,,11040,30,,,0,71,,11041,30,,,0,30,,11042,30,,,0,69,,11043,30,,,0,30,,11044,30,,,0,70,,11045,30,,,0,30,,11046,30,,,0,70,,11047,30,,,0,30,,11048,30,,,0,71,,11049,30,,,0,30,,11050,30,,,0,71,,11051,30,,,0,30,,11052,30,,,0,69,,11053,30,,,0,30,,11054,30,,,0,69,,11055,30,,,0,29,,11056,30,,,0,70,,11057,30,,,0,29,,11058,30,,,0,70,,11059,30,,,0,29,,11060,30,,,0,70,,11061,30,,,0,98,,11062,30,,,0,99,,11063,30,,,0,100,,11064,30,,,0
4001,'5568',1412,,11067,20,0,19 20 7,0,108,,11065,30,,,0,120,,11066,30,,,0
