100,'4614',501,,9931,10,,,0,45,,9932,10,,,0,71,,9920,10,,,0,31,,9927,10,,,0,71,,9921,10,,,0,22,,9918,10,,,0,61,,9917,10,,,0,21,,9919,10,,,0,19,,9915,10,,,0,61,,9930,10,,,0,20,,9914,10,,,0,20,,9908,10,,,0,70,,9913,10,,,0,30,,9899,10,,,0,70,,9916,10,,,0,31,,9900,10,,,0,70,,9909,10,,,0,31,,9902,10,,,0,70,,9912,10,,,0,31,,9929,10,,,0,70,,9906,10,,,0,30,,9903,10,,,0,70,,9907,10,,,0,30,,9892,10,,,0,60,,9905,10,,,0,20,,9891,10,,,0,20,,9911,10,,,0,60,,9893,10,,,0,19,,9901,10,,,0,19,,9928,10,,,0,69,,9910,10,,,0,30,,9895,10,,,0,69,,9922,10,,,0,30,,9898,10,,,0,69,,9923,10,,,0,30,,9896,10,,,0,70,,9924,10,,,0,30,,9894,10,,,0,67,,9925,10,,,0,30,,9897,10,,,0,69,,9926,10,,,0,99,,9904,10,,,0
100,'5544',737,,9952,10,,,0,70,,9951,10,,,0,31,,9943,10,,,0,70,,9942,10,,,0,34,,9933,10,,,0,70,,9945,10,,,0,30,,9954,10,,,0,70,,9948,10,,,0,30,,9955,10,,,0,71,,9940,10,,,0,30,,9941,10,,,0,70,,9956,10,,,0,31,,9935,10,,,0,70,,9953,10,,,0,30,,9947,10,,,0,70,,9938,10,,,0,30,,9944,10,,,0,69,,9946,10,,,0,30,,9957,10,,,0,70,,9939,10,,,0,30,,9934,10,,,0,68,,9937,10,,,0,29,,9958,10,,,0,70,,9949,10,,,0,30,,9936,10,,,0,70,,9959,10,,,0,29,,9950,10,,,0,69,,9960,10,,,0
100,'5547',637,,9995,10,,,0,70,,9988,10,,,0,30,,9968,10,,,0,71,,9973,10,,,0,30,,9972,10,,,0,72,,9986,10,,,0,32,,9981,10,,,0,70,,9967,10,,,0,31,,9970,10,,,0,71,,9985,10,,,0,31,,9964,10,,,0,70,,9984,10,,,0,30,,9966,10,,,0,70,,9993,10,,,0,30,,9979,10,,,0,70,,9962,10,,,0,30,,9989,10,,,0,70,,9991,10,,,0,30,,9963,10,,,0,70,,9992,10,,,0,30,,9980,10,,,0,69,,9994,10,,,0,30,,9974,10,,,0,69,,9978,10,,,0,29,,9987,10,,,0,70,,9961,10,,,0,30,,9990,10,,,0,70,,9976,10,,,0,28,,9983,10,,,0,70,,9975,10,,,0,30,,9982,10,,,0,68,,9965,10,,,0,30,,9969,10,,,0,69,,9971,10,,,0,100,,9977,10,,,0
2000,'4614',627,,10541,60,,,0,104,,10542,60,,,0,108,,10543,60,,,0,80,,10536,43,,,0,100,,10549,43,,,0,101,,10544,43,,,0,102,,10545,43,,,0,100,,10546,43,,,0,100,,10537,43,,,0,206,,10547,43,,,0,97,,10548,43,,,0,98,,10538,43,,,0,202,,10539,60,,,0,197,,10540,60,,,0
2000,'5544',928,,10550,60,,,0,203,,10553,60,,,0,203,,10552,60,,,0,201,,10554,60,,,0,199,,10551,60,,,0,292,,10555,60,,,0
2000,'5547',818,,10568,43,,,0,100,,10564,43,,,0,103,,10563,43,,,0,101,,10565,43,,,0,100,,10556,43,,,0,100,,10557,43,,,0,100,,10559,43,,,0,101,,10567,43,,,0,99,,10560,43,,,0,100,,10558,43,,,0,96,,10562,43,,,0,207,,10561,60,,,0,198,,10566,60,,,0
3000,'4614',657,,10665,53,,,0,72,,10667,53,,,0,16,,10671,53,,,0,57,,10663,53,,,0,15,,10672,53,,,0,16,,10666,53,,,0,69,,10670,53,,,0,30,,10664,53,,,0,70,,10642,53,,,0,30,,10643,53,,,0,70,,10644,53,,,0,31,,10645,53,,,0,71,,10646,53,,,0,31,,10647,53,,,0,70,,10648,53,,,0,30,,10650,53,,,0,71,,10651,53,,,0,30,,10652,53,,,0,75,,10649,53,,,0,31,,10653,53,,,0,68,,10668,53,,,0,31,,10654,53,,,0,68,,10669,53,,,0,29,,10655,53,,,0,70,,10656,53,,,0,27,,10657,53,,,0,97,,10658,53,,,0,99,,10659,53,,,0,99,,10660,53,,,0,98,,10661,53,,,0,97,,10662,53,,,0
3000,'5544',727,,10673,53,,,0,100,,10674,53,,,0,101,,10675,53,,,0,103,,10676,53,,,0,100,,10677,53,,,0,102,,10678,53,,,0,101,,10679,53,,,0,101,,10680,53,,,0,99,,10681,53,,,0,100,,10682,53,,,0,100,,10683,53,,,0,100,,10684,53,,,0,97,,10685,53,,,0
3000,'5547',654,,10686,53,,,0,100,,10687,53,,,0,103,,10688,53,,,0,71,,10689,53,,,0,30,,10690,53,,,0,71,,10691,53,,,0,30,,10692,53,,,0,71,,10693,53,,,0,71,,10694,53,,,0,30,,10695,53,,,0,70,,10696,53,,,0,31,,10697,53,,,0,71,,10698,53,,,0,30,,10699,53,,,0,69,,10700,53,,,0,32,,10701,53,,,0,69,,10702,53,,,0,30,,10703,53,,,0,69,,10704,53,,,0,30,,10705,53,,,0,69,,10706,53,,,0,29,,10707,53,,,0,102,,10708,53,,,0,99,,10709,53,,,0,99,,10710,53,,,0,97,,10711,53,,,0,99,,10712,53,,,0
7200,'4614',654,,11112,27,,,0,71,,11113,27,,,0,31,,11114,27,,,0,71,,11115,27,,,0,31,,11116,27,,,0,69,,11117,27,,,0,30,,11118,27,,,0,70,,11119,27,,,0,30,,11120,27,,,0,70,,11121,27,,,0,30,,11122,27,,,0,70,,11123,27,,,0,30,,11124,27,,,0,70,,11125,27,,,0,30,,11126,27,,,0,72,,11127,27,,,0,72,,11128,27,,,0,31,,11129,27,,,0,69,,11130,27,,,0,30,,11131,27,,,0,70,,11132,27,,,0,28,,11133,27,,,0,30,,11134,27,,,0,69,,11135,27,,,0,29,,11136,27,,,0,96,,11137,27,,,0,100,,11138,27,,,0,99,,11139,27,,,0,100,,11140,27,,,0
7200,'5544',754,,11141,27,,,0,101,,11142,27,,,0,102,,11143,27,,,0,100,,11144,27,,,0,100,,11145,27,,,0,100,,11146,27,,,0,100,,11147,27,,,0,100,,11148,27,,,0,100,,11149,27,,,0,100,,11150,27,,,0,100,,11151,27,,,0,100,,11152,27,,,0,98,,11153,27,,,0
7200,'5547',654,,11156,27,,,0,101,,11158,27,,,0,100,,11160,27,,,0,72,,11161,27,,,0,30,,11162,27,,,0,70,,11163,27,,,0,30,,11164,27,,,0,70,,11165,27,,,0,30,,11166,27,,,0,70,,11167,27,,,0,30,,11168,27,,,0,70,,11169,27,,,0,30,,11170,27,,,0,70,,11171,27,,,0,30,,11172,27,,,0,70,,11173,27,,,0,30,,11174,27,,,0,70,,11175,27,,,0,30,,11176,27,,,0,70,,11177,27,,,0,30,,11178,27,,,0,70,,11179,27,,,0,28,,11180,27,,,0,98,,11181,27,,,0,100,,11155,27,,,0,100,,11159,27,,,0,100,,11154,27,,,0,99,,11157,27,,,0
1002000,'4614',648,,11372,49,,,0,155,,11373,49,,,0,100,,11379,66,,,0,48,,11374,49,,,0,101,,11366,49,,,0,101,,11367,49,,,0,153,,11368,66,,,0,48,,11369,49,,,0,159,,11375,66,,,0,35,,11370,49,,,0,68,,11371,66,,,0,184,,11376,66,,,0,325,,11377,66,,,0,199,,11378,66,,,0
1002000,'5299',1703,,11380,66,,,0,227,,11381,66,,,0
1002000,'5544',731,,11382,66,,,0,100,,11388,66,,,0,190,,11383,49,,,0,201,,11384,49,,,0,201,,11385,49,,,0,201,,11386,49,,,0,199,,11387,49,,,0
1002000,'5547',655,,11391,66,,,0,101,,11403,66,,,0,100,,11390,66,,,0,100,,11392,66,,,0,102,,11393,66,,,0,101,,11394,66,,,0,100,,11395,66,,,0,100,,11396,66,,,0,141,,11397,66,,,0,100,,11402,66,,,0,59,,11398,66,,,0,98,,11399,66,,,0,173,,11400,66,,,0,196,,11401,66,,,0,198,,11389,66,,,0
1002000,'5567',1703,,11404,66,,,0,227,,11405,66,,,0
