100,'4614',451,,9931,4,,,0,85,,9932,4,,,0,70,,9920,4,,,0,31,,9927,4,,,0,70,,9921,4,,,0,22,,9918,4,,,0,21,,9917,4,,,0,61,,9919,4,,,0,19,,9915,4,,,0,21,,9930,4,,,0,60,,9914,4,,,0,20,,9908,4,,,0,70,,9913,4,,,0,30,,9899,4,,,0,70,,9916,4,,,0,30,,9900,4,,,0,70,,9909,4,,,0,30,,9902,4,,,0,70,,9912,4,,,0,31,,9929,4,,,0,70,,9906,4,,,0,30,,9903,4,,,0,70,,9907,4,,,0,30,,9892,4,,,0,20,,9905,4,,,0,60,,9891,4,,,0,20,,9911,4,,,0,20,,9893,4,,,0,60,,9901,4,,,0,20,,9928,4,,,0,69,,9910,4,,,0,30,,9895,4,,,0,69,,9922,4,,,0,30,,9898,4,,,0,29,,9923,4,,,0,70,,9896,4,,,0,30,,9924,4,,,0,70,,9894,4,,,0,28,,9925,4,,,0,70,,9897,4,,,0,30,,9926,4,,,0,99,,9904,4,,,0
100,'5544',727,,9952,4,,,0,30,,9951,4,,,0,70,,9943,4,,,0,30,,9942,4,,,0,73,,9933,4,,,0,70,,9945,4,,,0,30,,9954,4,,,0,70,,9948,4,,,0,30,,9955,4,,,0,71,,9940,4,,,0,30,,9941,4,,,0,70,,9956,4,,,0,31,,9935,4,,,0,70,,9953,4,,,0,30,,9947,4,,,0,70,,9938,4,,,0,30,,9944,4,,,0,69,,9946,4,,,0,30,,9957,4,,,0,70,,9939,4,,,0,30,,9934,4,,,0,28,,9937,4,,,0,69,,9958,4,,,0,30,,9949,4,,,0,70,,9936,4,,,0,30,,9959,4,,,0,70,,9950,4,,,0,29,,9960,4,,,0
100,'5547',627,,9995,4,,,0,30,,9988,4,,,0,70,,9968,4,,,0,30,,9973,4,,,0,70,,9972,4,,,0,31,,9986,4,,,0,72,,9981,4,,,0,70,,9967,4,,,0,31,,9970,4,,,0,71,,9985,4,,,0,30,,9964,4,,,0,70,,9984,4,,,0,30,,9966,4,,,0,70,,9993,4,,,0,30,,9979,4,,,0,70,,9962,4,,,0,30,,9989,4,,,0,70,,9991,4,,,0,30,,9963,4,,,0,70,,9992,4,,,0,30,,9980,4,,,0,70,,9994,4,,,0,30,,9974,4,,,0,69,,9978,4,,,0,29,,9987,4,,,0,70,,9961,4,,,0,30,,9990,4,,,0,70,,9976,4,,,0,29,,9983,4,,,0,30,,9975,4,,,0,70,,9982,4,,,0,28,,9965,4,,,0,70,,9969,4,,,0,30,,9971,4,,,0,100,,9977,4,,,0
2500,'4614',738,,10611,3,0,5,0,288,,10612,3,,,0,193,,10613,3,0,5,0,211,,10614,3,,,0,402,,10615,3,,,0
2500,'5544',738,,10616,3,0,5,0,288,,10617,3,,,0,397,,10618,3,,,0,201,,10620,3,,,0,202,,10619,3,,,0
2500,'5547',738,,10622,3,0,5,0,288,,10624,3,,,0,397,,10623,3,,,0,201,,10625,3,,,0,202,,10621,3,,,0
3001,'4614',636,,10743,34,,,0,72,,10736,34,,,0,30,,10735,34,,,0,74,,10738,34,,,0,17,,10741,34,,,0,15,,10740,34,,,0,14,,10742,34,,,0,56,,10737,34,,,0,29,,10713,34,,,0,71,,10714,34,,,0,30,,10715,34,,,0,70,,10717,34,,,0,30,,10716,34,,,0,70,,10718,34,,,0,30,,10720,34,,,0,70,,10722,34,,,0,32,,10723,34,,,0,70,,10719,34,,,0,30,,10724,34,,,0,70,,10721,34,,,0,99,,10725,34,,,0,30,,10739,34,,,0,100,,10726,34,,,0,68,,10727,34,,,0,29,,10728,34,,,0,69,,10729,34,,,0,100,,10731,34,,,0,99,,10732,34,,,0,100,,10733,34,,,0,99,,10730,34,,,0,100,,10734,34,,,0
3001,'5289',1546,,10745,34,,,0,169,,10744,34,,,0
3001,'5544',810,,10746,34,,,0,101,,10747,34,,,0,101,,10748,34,,,0,100,,10749,34,,,0,102,,10750,34,,,0,100,,10751,34,,,0,100,,10752,34,,,0,100,,10753,34,,,0,99,,10754,34,,,0,100,,10755,34,,,0,99,,10756,34,,,0,98,,10757,34,,,0,100,,10758,34,,,0
3001,'5547',741,,10759,34,,,0,101,,10760,34,,,0,100,,10761,34,,,0,71,,10762,34,,,0,30,,10763,34,,,0,70,,10764,34,,,0,30,,10765,34,,,0,71,,10766,34,,,0,30,,10767,34,,,0,70,,10768,34,,,0,30,,10769,34,,,0,70,,10770,34,,,0,30,,10771,34,,,0,70,,10772,34,,,0,30,,10773,34,,,0,69,,10774,34,,,0,30,,10775,34,,,0,69,,10776,34,,,0,31,,10777,34,,,0,68,,10778,34,,,0,30,,10779,34,,,0,70,,10780,34,,,0,100,,10781,34,,,0,100,,10782,34,,,0,99,,10783,34,,,0,99,,10784,34,,,0,99,,10785,34,,,0
3001,'5568',1546,,10787,34,,,0,169,,10786,34,,,0
