2001,'4614',649,,10575,12,,,0,86,,10581,12,0,9 10 11,0,70,,10574,12,0,9 10 11,0,105,,10569,12,,,0,45,,10580,12,0,9 10 11,0,75,,10570,12,,,0,100,,10579,12,,,0,101,,10576,12,,,0,100,,10577,12,,,0,97,,10578,12,0,9 10 11,0,407,,10571,12,,,0,320,,10572,12,0,9 10 11,0,198,,10573,12,0,9 10 11,0
2001,'5289',1636,,10583,12,,,0
2001,'5299',1536,,10586,12,,,0,200,,10584,12,,,0,219,,10585,12,0,9 10 11,0
2001,'5544',754,,10592,12,,,0,202,,10587,12,,,0,200,,10589,12,,,0,200,,10588,12,,,0,201,,10590,12,,,0,199,,10591,12,,,0
2001,'5547',825,,10604,12,0,9 10 11,0,110,,10599,12,,,0,100,,10603,12,,,0,100,,10600,12,,,0,101,,10593,12,,,0,100,,10602,12,,,0,100,,10606,12,,,0,101,,10596,12,,,0,99,,10601,12,,,0,100,,10597,12,,,0,99,,10594,12,,,0,120,,10605,12,0,9 10 11,0,200,,10598,12,0,9 10 11,0,198,,10595,12,0,9 10 11,0
2001,'5567',1536,,10609,12,,,0,200,,10607,12,,,0,219,,10608,12,0,9 10 11,0
2001,'5568',1636,,10610,12,,,0
2501,'4614',828,,10626,12,,,0,302,,10627,13,,,0,179,,10628,12,,,0,222,,10629,13,,,0,399,,10630,13,,,0,90,,10631,12,,,0
2501,'5544',829,,10632,12,,,0,303,,10633,13,,,0,400,,10634,13,,,0,200,,10636,13,,,0,200,,10635,13,,,0
2501,'5547',829,,10638,12,,,0,303,,10640,13,,,0,400,,10639,13,,,0,200,,10641,13,,,0,200,,10637,13,,,0
1002001,'4614',709,,11410,12,,,0,126,,11411,12,,,0,100,,11412,12,,,0,165,,11413,12,,,0,100,,11406,12,,,0,101,,11407,12,,,0,55,,11414,12,,,0,100,,11408,12,,,0,100,,11409,12,,,0,100,,11415,12,,,0,100,,11416,12,,,0,99,,11417,12,,,0,200,,11418,12,,,0,199,,11419,12,,,0
1002001,'5544',855,,11420,12,,,0,201,,11421,12,,,0,200,,11422,12,,,0,200,,11423,12,,,0,200,,11424,12,,,0,199,,11426,12,,,0,200,,11425,12,,,0
1002001,'5547',724,,11440,12,,,0,131,,11427,12,,,0,100,,11428,12,,,0,100,,11429,12,,,0,100,,11430,12,,,0,101,,11439,12,,,0,100,,11431,12,,,0,100,,11432,12,,,0,100,,11433,12,,,0,100,,11434,12,,,0,100,,11435,12,,,0,99,,11436,12,,,0,200,,11437,12,,,0,199,,11438,12,,,0
