2001,'4614',652,,10575,16,,,0,87,,10581,16,0,9 10 11,0,70,,10574,16,0,9 10 11,0,105,,10569,16,,,0,45,,10580,16,0,9 10 11,0,75,,10570,16,,,0,100,,10579,16,,,0,101,,10576,16,,,0,100,,10577,16,,,0,97,,10578,16,0,9 10 11,0,406,,10571,16,,,0,320,,10572,16,0,9 10 11,0,198,,10573,16,0,9 10 11,0
2001,'5289',1640,,10583,16,,,0
2001,'5299',1540,,10586,16,,,0,200,,10584,16,,,0,218,,10585,16,0,9 10 11,0
2001,'5544',757,,10592,16,,,0,202,,10587,16,,,0,200,,10589,16,,,0,241,,10588,16,,,0,201,,10590,16,,,0,199,,10591,16,,,0
2001,'5547',828,,10604,16,0,9 10 11,0,110,,10599,16,,,0,100,,10603,16,,,0,100,,10600,16,,,0,101,,10593,16,,,0,100,,10602,16,,,0,100,,10606,16,,,0,101,,10596,16,,,0,99,,10601,16,,,0,100,,10597,16,,,0,99,,10594,16,,,0,120,,10605,16,0,9 10 11,0,200,,10598,16,0,9 10 11,0,198,,10595,16,0,9 10 11,0
2001,'5567',1540,,10609,16,,,0,200,,10607,16,,,0,218,,10608,16,0,9 10 11,0
2001,'5568',1640,,10610,16,,,0
1002001,'4614',712,,11410,16,,,0,127,,11411,16,,,0,100,,11412,16,,,0,165,,11413,16,,,0,100,,11406,16,,,0,101,,11407,16,,,0,95,,11414,16,,,0,100,,11408,16,,,0,100,,11409,16,,,0,100,,11415,16,,,0,100,,11416,16,,,0,58,,11417,16,,,0,200,,11418,16,,,0,199,,11419,16,,,0
1002001,'5544',858,,11420,16,,,0,201,,11421,16,,,0,241,,11422,16,,,0,200,,11423,16,,,0,200,,11424,16,,,0,159,,11426,16,,,0,199,,11425,16,,,0
1002001,'5547',727,,11440,16,,,0,131,,11427,16,,,0,100,,11428,16,,,0,100,,11429,16,,,0,100,,11430,16,,,0,101,,11439,16,,,0,100,,11431,16,,,0,100,,11432,16,,,0,100,,11433,16,,,0,100,,11434,16,,,0,100,,11435,16,,,0,99,,11436,16,,,0,200,,11437,16,,,0,199,,11438,16,,,0
