501,'4614',713,,10121,2,0,8,0,31,,10113,2,0,8,0,70,,10120,2,0,8,0,100,,10102,2,0,8,0,100,,10119,2,0,8,0,100,,10107,2,0,8,0,102,,10104,2,0,8,0,85,,10105,2,0,8,0,100,,10112,2,0,8,0,55,,10103,2,0,8,0,155,,10109,2,0,8,0,100,,10118,2,0,8,0,97,,10110,2,0,8,0,98,,10108,2,0,8,0,100,,10111,2,0,8,0,100,,10115,2,0,8,0,100,,10114,2,0,8,0,100,,10116,2,0,8,0
501,'5544',811,,10133,2,0,8,0,100,,10125,2,0,8,0,100,,10127,2,0,8,0,100,,10122,2,0,8,0,100,,10123,2,0,8,0,100,,10129,2,0,8,0,100,,10124,2,0,8,0,100,,10134,2,0,8,0,100,,10132,2,0,8,0,100,,10130,2,0,8,0,95,,10131,2,0,8,0,100,,10128,2,0,8,0,115,,10126,2,0,8,0
501,'5547',711,,10136,2,0,8,0,200,,10150,2,0,8,0,100,,10135,2,0,8,0,100,,10137,2,0,8,0,103,,10138,2,0,8,0,100,,10139,2,0,8,0,101,,10140,2,0,8,0,99,,10141,2,0,8,0,101,,10142,2,0,8,0,99,,10143,2,0,8,0,92,,10151,2,0,8,0,100,,10144,2,0,8,0,100,,10145,2,0,8,0,100,,10146,2,0,8,0,100,,10147,2,0,8,0,100,,10149,2,0,8,0
601,'4614',621,,10204,2,,,0,96,,10215,2,,,0,89,,10203,2,,,0,18,,10212,2,,,0,106,,10200,2,,,0,97,,10210,2,,,0,100,,10202,2,,,0,104,,10201,2,,,0,101,,10216,2,,,0,105,,10205,2,,,0,106,,10207,2,,,0,99,,10208,2,,,0,100,,10217,2,,,0,91,,10206,2,,,0,101,,10218,2,,,0,101,,10209,2,,,0,100,,10211,2,,,0,101,,10213,2,,,0,100,,10214,2,,,0
601,'5544',725,,10223,2,,,0,206,,10229,2,,,0,100,,10219,2,,,0,100,,10225,2,,,0,100,,10220,2,,,0,99,,10230,2,,,0,100,,10222,2,,,0,102,,10226,2,,,0,100,,10221,2,,,0,101,,10228,2,,,0,100,,10227,2,,,0,101,,10224,2,,,0
601,'5547',725,,10239,2,,,0,105,,10246,2,,,0,100,,10240,2,,,0,100,,10237,2,,,0,99,,10241,2,,,0,101,,10238,2,,,0,101,,10236,2,,,0,100,,10231,2,,,0,101,,10233,2,,,0,101,,10234,2,,,0,100,,10247,2,,,0,101,,10235,2,,,0,100,,10232,2,,,0,101,,10244,2,,,0,101,,10245,2,,,0,100,,10242,2,,,0,102,,10243,2,,,0
4001,'4614',621,,10973,2,,,0,30,,10974,2,,,0,70,,10976,2,,,0,15,,10978,2,,,0,16,,10975,2,,,0,55,,10979,2,,,0,15,,10953,2,,,0,17,,10980,2,,,0,15,,10955,2,,,0,56,,10981,2,,,0,15,,10954,2,,,0,15,,10982,2,,,0,15,,10956,2,,,0,55,,10983,2,,,0,15,,10957,2,,,0,15,,10984,2,,,0,15,,10958,2,,,0,55,,10985,2,,,0,15,,10959,2,,,0,15,,10986,2,,,0,15,,10960,2,,,0,55,,10987,2,,,0,15,,10961,2,,,0,15,,10988,2,,,0,15,,10962,2,,,0,55,,10989,2,,,0,15,,10963,2,,,0,15,,10990,2,,,0,15,,10964,2,,,0,51,,10991,2,,,0,10,,10992,2,,,0,10,,10965,2,,,0,10,,10993,2,,,0,20,,10966,2,,,0,60,,10995,2,,,0,11,,10968,2,,,0,10,,10994,2,,,0,10,,10996,2,,,0,10,,10967,2,,,0,60,,10997,2,,,0,10,,10969,2,,,0,14,,10998,2,,,0,15,,10977,2,,,0,55,,10999,2,,,0,15,,10971,2,,,0,15,,11000,2,,,0,15,,10970,2,,,0,55,,11001,2,,,0,15,,10972,2,,,0,15,,11002,2,,,0,15,,10952,2,,,0,70,,10951,2,,,0,31,,10950,2,,,0,69,,10946,2,,,0,30,,10949,2,,,0,70,,10945,2,,,0,30,,10948,2,,,0,70,,10944,2,,,0,30,,10947,2,,,0,70,,10943,2,,,0,30,,11003,2,,,0
4001,'4619',1506,,11005,2,,,0
4001,'5289',1446,,11006,2,,,0,60,,11007,2,,,0,101,,11008,2,,,0
4001,'5299',1506,,11009,2,,,0
4001,'5544',656,,11010,2,,,0,100,,11012,2,,,0,100,,11014,2,,,0,100,,11016,2,,,0,70,,11017,2,,,0,30,,11018,2,,,0,70,,11019,2,,,0,30,,11020,2,,,0,70,,11021,2,,,0,30,,11022,2,,,0,70,,11023,2,,,0,30,,11024,2,,,0,70,,11025,2,,,0,30,,11026,2,,,0,70,,11027,2,,,0,30,,11028,2,,,0,70,,11029,2,,,0,30,,11030,2,,,0,70,,11031,2,,,0,30,,11032,2,,,0,70,,11033,2,,,0,30,,11015,2,,,0,70,,11013,2,,,0,30,,11011,2,,,0
4001,'5547',656,,11034,2,,,0,100,,11035,2,,,0,70,,11036,2,,,0,30,,11037,2,,,0,70,,11038,2,,,0,30,,11039,2,,,0,70,,11040,2,,,0,29,,11041,2,,,0,70,,11042,2,,,0,29,,11043,2,,,0,70,,11044,2,,,0,30,,11045,2,,,0,70,,11046,2,,,0,30,,11047,2,,,0,70,,11048,2,,,0,31,,11049,2,,,0,70,,11050,2,,,0,31,,11051,2,,,0,70,,11052,2,,,0,30,,11053,2,,,0,70,,11054,2,,,0,30,,11055,2,,,0,70,,11056,2,,,0,30,,11057,2,,,0,70,,11058,2,,,0,30,,11059,2,,,0,70,,11060,2,,,0,30,,11061,2,,,0,100,,11062,2,,,0,100,,11063,2,,,0,100,,11064,2,,,0
4001,'5568',1446,,11065,2,,,0,161,,11066,2,,,0
