2000,'4614',559,,10541,24,0,9 12 2 5,0,141,,10542,24,0,9 12 2 5,0,104,,10543,24,0,9 12 2 5,0,98,,10536,24,,,0,100,,10549,24,,,0,100,,10544,24,,,0,101,,10545,24,,,0,100,,10546,24,,,0,100,,10537,24,,,0,207,,10547,24,,,0,97,,10548,24,,,0,98,,10538,24,,,0,151,,10539,24,0,9 12 2 5,0,198,,10540,24,0,9 12 2 5,0
2000,'5544',901,,10550,24,0,9 12 2 5,0,202,,10553,24,0,9 12 2 5,0,201,,10552,24,0,9 12 2 5,0,202,,10554,24,0,9 12 2 5,0,200,,10551,24,0,9 12 2 5,0,294,,10555,24,0,9 12 2 5,0
2000,'5547',802,,10568,24,,,0,100,,10564,24,,,0,101,,10563,24,,,0,101,,10565,24,,,0,100,,10556,24,,,0,100,,10557,24,,,0,100,,10559,24,,,0,101,,10567,24,,,0,100,,10560,24,,,0,100,,10558,24,,,0,97,,10562,24,,,0,155,,10561,24,0,9 12 2 5,0,198,,10566,24,0,9 12 2 5,0
9200,'4619',1415,,11284,20,,,0,2,,11283,20,,,0
9200,'5289',1524,,11286,20,,,0,2,,11285,20,,,0
9200,'5299',1431,,11287,20,,,0,2,,11288,20,,,0
1002000,'4614',632,,11372,30,,,0,113,,11373,30,,,0,86,,11379,30,,,0,103,,11374,30,,,0,100,,11366,30,,,0,100,,11367,30,,,0,101,,11368,30,,,0,100,,11369,30,,,0,104,,11375,30,,,0,89,,11370,30,,,0,16,,11371,30,,,0,185,,11376,30,,,0,328,,11377,30,,,0,199,,11378,30,,,0
1002000,'5299',1632,,11380,30,,,0,269,,11381,30,,,0
1002000,'5544',703,,11382,30,,,0,100,,11388,30,,,0,201,,11383,30,,,0,201,,11384,30,,,0,200,,11385,30,,,0,202,,11386,30,,,0,199,,11387,30,,,0
1002000,'5547',627,,11391,30,,,0,100,,11403,30,,,0,100,,11390,30,,,0,100,,11392,30,,,0,100,,11393,30,,,0,101,,11394,30,,,0,100,,11395,30,,,0,100,,11396,30,,,0,101,,11397,30,,,0,100,,11402,30,,,0,100,,11398,30,,,0,98,,11399,30,,,0,175,,11400,30,,,0,156,,11401,30,,,0,198,,11389,30,,,0
1002000,'5567',1632,,11404,30,,,0,269,,11405,30,,,0
