2000,'4614',625,,10541,58,,,0,104,,10542,58,,,0,108,,10543,58,,,0,80,,10536,41,,,0,100,,10549,41,,,0,101,,10544,41,,,0,102,,10545,41,,,0,100,,10546,41,,,0,100,,10537,41,,,0,206,,10547,41,,,0,97,,10548,41,,,0,98,,10538,41,,,0,202,,10539,58,,,0,197,,10540,58,,,0
2000,'5544',926,,10550,58,,,0,203,,10553,58,,,0,203,,10552,58,,,0,201,,10554,58,,,0,199,,10551,58,,,0,292,,10555,58,,,0
2000,'5547',816,,10568,41,,,0,100,,10564,41,,,0,103,,10563,41,,,0,101,,10565,41,,,0,100,,10556,41,,,0,100,,10557,41,,,0,100,,10559,41,,,0,101,,10567,41,,,0,99,,10560,41,,,0,100,,10558,41,,,0,96,,10562,41,,,0,207,,10561,58,,,0,198,,10566,58,,,0
2500,'4614',802,,10611,23,0,5,0,248,,10612,23,,,0,193,,10613,23,0,5,0,212,,10614,23,,,0,400,,10615,23,,,0
2500,'5544',802,,10616,23,0,5,0,248,,10617,23,,,0,400,,10618,23,,,0,200,,10620,23,,,0,200,,10619,23,,,0
2500,'5547',802,,10622,23,0,5,0,248,,10624,23,,,0,400,,10623,23,,,0,200,,10625,23,,,0,200,,10621,23,,,0
1002000,'4614',646,,11372,47,,,0,155,,11373,47,,,0,100,,11379,64,,,0,48,,11374,47,,,0,101,,11366,47,,,0,101,,11367,47,,,0,153,,11368,64,,,0,48,,11369,47,,,0,159,,11375,64,,,0,35,,11370,47,,,0,68,,11371,64,,,0,144,,11376,64,,,0,365,,11377,64,,,0,199,,11378,64,,,0
1002000,'5299',1701,,11380,64,,,0,227,,11381,64,,,0
1002000,'5544',729,,11382,64,,,0,100,,11388,64,,,0,190,,11383,47,,,0,201,,11384,47,,,0,201,,11385,47,,,0,201,,11386,47,,,0,199,,11387,47,,,0
1002000,'5547',653,,11391,64,,,0,101,,11403,64,,,0,100,,11390,64,,,0,100,,11392,64,,,0,102,,11393,64,,,0,101,,11394,64,,,0,100,,11395,64,,,0,100,,11396,64,,,0,101,,11397,64,,,0,100,,11402,64,,,0,99,,11398,64,,,0,98,,11399,64,,,0,173,,11400,64,,,0,196,,11401,64,,,0,198,,11389,64,,,0
1002000,'5567',1701,,11404,64,,,0,227,,11405,64,,,0
