2000,'4614',559,,10541,23,0,9 12 2 5,0,100,,10542,23,0,9 12 2 5,0,144,,10543,23,0,9 12 2 5,0,98,,10536,23,,,0,100,,10549,23,,,0,100,,10544,23,,,0,101,,10545,23,,,0,100,,10546,23,,,0,100,,10537,23,,,0,207,,10547,23,,,0,97,,10548,23,,,0,98,,10538,23,,,0,151,,10539,23,0,9 12 2 5,0,199,,10540,23,0,9 12 2 5,0
2000,'5544',901,,10550,23,0,9 12 2 5,0,201,,10553,23,0,9 12 2 5,0,201,,10552,23,0,9 12 2 5,0,202,,10554,23,0,9 12 2 5,0,200,,10551,23,0,9 12 2 5,0,254,,10555,23,0,9 12 2 5,0
2000,'5547',801,,10568,23,,,0,100,,10564,23,,,0,101,,10563,23,,,0,101,,10565,23,,,0,100,,10556,23,,,0,100,,10557,23,,,0,100,,10559,23,,,0,101,,10567,23,,,0,100,,10560,23,,,0,100,,10558,23,,,0,97,,10562,23,,,0,155,,10561,23,0,9 12 2 5,0,198,,10566,23,0,9 12 2 5,0
9200,'4619',1414,,11284,19,,,0,2,,11283,19,,,0
9200,'5289',1523,,11286,19,,,0,2,,11285,19,,,0
9200,'5299',1430,,11287,19,,,0,2,,11288,19,,,0
1002000,'4614',631,,11372,29,,,0,113,,11373,29,,,0,86,,11379,29,,,0,103,,11374,29,,,0,100,,11366,29,,,0,100,,11367,29,,,0,101,,11368,29,,,0,100,,11369,29,,,0,105,,11375,29,,,0,89,,11370,29,,,0,15,,11371,29,,,0,185,,11376,29,,,0,329,,11377,29,,,0,199,,11378,29,,,0
1002000,'5299',1631,,11380,29,,,0,269,,11381,29,,,0
1002000,'5544',703,,11382,29,,,0,100,,11388,29,,,0,200,,11383,29,,,0,201,,11384,29,,,0,200,,11385,29,,,0,202,,11386,29,,,0,199,,11387,29,,,0
1002000,'5547',626,,11391,29,,,0,100,,11403,29,,,0,100,,11390,29,,,0,100,,11392,29,,,0,100,,11393,29,,,0,101,,11394,29,,,0,100,,11395,29,,,0,100,,11396,29,,,0,101,,11397,29,,,0,100,,11402,29,,,0,100,,11398,29,,,0,98,,11399,29,,,0,175,,11400,29,,,0,156,,11401,29,,,0,199,,11389,29,,,0
1002000,'5567',1631,,11404,29,,,0,269,,11405,29,,,0
