2001,'4614',644,,10575,7,,,0,85,,10581,7,0,9 10 11,0,30,,10574,7,0,9 10 11,0,145,,10569,7,,,0,45,,10580,7,0,9 10 11,0,75,,10570,7,,,0,100,,10579,7,,,0,101,,10576,7,,,0,100,,10577,7,,,0,97,,10578,7,0,9 10 11,0,407,,10571,7,,,0,320,,10572,7,0,9 10 11,0,199,,10573,7,0,9 10 11,0
2001,'5289',1630,,10583,7,,,0
2001,'5299',1530,,10586,7,,,0,200,,10584,7,,,0,219,,10585,7,0,9 10 11,0
2001,'5544',749,,10592,7,,,0,201,,10587,7,,,0,200,,10589,7,,,0,200,,10588,7,,,0,201,,10590,7,,,0,199,,10591,7,,,0
2001,'5547',819,,10604,7,0,9 10 11,0,110,,10599,7,,,0,100,,10603,7,,,0,100,,10600,7,,,0,101,,10593,7,,,0,100,,10602,7,,,0,100,,10606,7,,,0,100,,10596,7,,,0,100,,10601,7,,,0,100,,10597,7,,,0,99,,10594,7,,,0,120,,10605,7,0,9 10 11,0,200,,10598,7,0,9 10 11,0,199,,10595,7,0,9 10 11,0
2001,'5567',1530,,10609,7,,,0,200,,10607,7,,,0,219,,10608,7,0,9 10 11,0
2001,'5568',1630,,10610,7,,,0
2501,'4614',817,,10626,7,,,0,302,,10627,8,,,0,139,,10628,7,,,0,262,,10629,8,,,0,399,,10630,8,,,0,90,,10631,7,,,0
2501,'5544',818,,10632,7,,,0,302,,10633,8,,,0,400,,10634,8,,,0,200,,10636,8,,,0,200,,10635,8,,,0
2501,'5547',818,,10638,7,,,0,302,,10640,8,,,0,400,,10639,8,,,0,200,,10641,8,,,0,200,,10637,8,,,0
1002001,'4614',704,,11410,7,,,0,125,,11411,7,,,0,100,,11412,7,,,0,125,,11413,7,,,0,100,,11406,7,,,0,101,,11407,7,,,0,95,,11414,7,,,0,100,,11408,7,,,0,100,,11409,7,,,0,100,,11415,7,,,0,100,,11416,7,,,0,99,,11417,7,,,0,200,,11418,7,,,0,200,,11419,7,,,0
1002001,'5544',849,,11420,7,,,0,201,,11421,7,,,0,200,,11422,7,,,0,200,,11423,7,,,0,200,,11424,7,,,0,199,,11426,7,,,0,200,,11425,7,,,0
1002001,'5547',719,,11440,7,,,0,130,,11427,7,,,0,100,,11428,7,,,0,100,,11429,7,,,0,100,,11430,7,,,0,101,,11439,7,,,0,100,,11431,7,,,0,100,,11432,7,,,0,100,,11433,7,,,0,100,,11434,7,,,0,100,,11435,7,,,0,99,,11436,7,,,0,200,,11437,7,,,0,200,,11438,7,,,0
