2000,'4614',605,,10541,34,0,9 12 2 5,0,102,,10542,34,0,9 12 2 5,0,106,,10543,34,0,9 12 2 5,0,1189,,10539,34,0,9 12 2 5,0,198,,10540,34,0,9 12 2 5,0
2000,'5544',908,,10550,34,0,9 12 2 5,0,202,,10553,34,0,9 12 2 5,0,201,,10552,34,0,9 12 2 5,0,202,,10554,34,0,9 12 2 5,0,200,,10551,34,0,9 12 2 5,0,293,,10555,34,0,9 12 2 5,0
2000,'5547',2003,,10561,34,0,9 12 2 5,0,198,,10566,34,0,9 12 2 5,0
2001,'4614',745,,10581,26,0,9 10 11,0,72,,10574,26,0,9 10 11,0,188,,10580,26,0,9 10 11,0,434,,10578,26,0,9 10 11,0,765,,10572,26,0,9 10 11,0,197,,10573,26,0,9 10 11,0
2001,'5299',2004,,10585,26,0,9 10 11,0
2001,'5547',834,,10604,26,0,9 10 11,0,1170,,10605,26,0,9 10 11,0,200,,10598,26,0,9 10 11,0,198,,10595,26,0,9 10 11,0
2001,'5567',2004,,10608,26,0,9 10 11,0
7201,'4614',724,,11182,29,,,0,30,,11183,29,,,0,70,,11184,29,,,0,33,,11185,29,,,0,70,,11186,29,,,0,30,,11187,29,,,0,70,,11188,29,,,0,30,,11189,29,,,0,70,,11190,29,,,0,29,,11191,29,,,0,70,,11192,29,,,0,30,,11193,29,,,0,70,,11194,29,,,0,30,,11195,29,,,0,70,,11196,29,,,0,30,,11197,29,,,0,70,,11198,29,,,0,30,,11199,29,,,0,70,,11200,29,,,0,30,,11201,29,,,0,70,,11202,29,,,0,30,,11203,29,,,0,70,,11204,29,,,0,31,,11205,29,,,0,70,,11206,29,,,0,100,,11207,29,,,0,100,,11208,29,,,0,100,,11209,29,,,0,130,,11210,29,,,0
7201,'5544',827,,11211,29,,,0,100,,11212,29,,,0,100,,11213,29,,,0,100,,11214,29,,,0,98,,11215,29,,,0,100,,11216,29,,,0,100,,11217,29,,,0,101,,11218,29,,,0,101,,11219,29,,,0,100,,11220,29,,,0,100,,11221,29,,,0,100,,11222,29,,,0,100,,11223,29,,,0
7201,'5547',727,,11230,29,,,0,100,,11231,29,,,0,100,,11232,29,,,0,30,,11233,29,,,0,70,,11234,29,,,0,30,,11235,29,,,0,70,,11236,29,,,0,29,,11237,29,,,0,70,,11238,29,,,0,30,,11239,29,,,0,70,,11240,29,,,0,30,,11241,29,,,0,70,,11242,29,,,0,31,,11243,29,,,0,70,,11244,29,,,0,30,,11245,29,,,0,70,,11246,29,,,0,30,,11247,29,,,0,70,,11248,29,,,0,30,,11249,29,,,0,70,,11250,29,,,0,30,,11251,29,,,0,70,,11224,29,,,0,100,,11225,29,,,0,100,,11226,29,,,0,100,,11227,29,,,0,100,,11228,29,,,0,100,,11229,29,,,0
1002000,'4614',839,,11379,40,,,0,403,,11368,40,,,0,206,,11375,40,,,0,103,,11371,40,,,0,184,,11376,40,,,0,368,,11377,40,,,0,199,,11378,40,,,0
1002000,'5299',1638,,11380,40,,,0,269,,11381,40,,,0
1002000,'5544',710,,11382,40,,,0,100,,11388,40,,,0
1002000,'5547',633,,11391,40,,,0,101,,11403,40,,,0,100,,11390,40,,,0,100,,11392,40,,,0,100,,11393,40,,,0,101,,11394,40,,,0,100,,11395,40,,,0,100,,11396,40,,,0,101,,11397,40,,,0,100,,11402,40,,,0,100,,11398,40,,,0,98,,11399,40,,,0,174,,11400,40,,,0,196,,11401,40,,,0,198,,11389,40,,,0
1002000,'5567',1638,,11404,40,,,0,269,,11405,40,,,0
1002001,'4614',846,,11411,26,,,0,560,,11414,26,,,0,101,,11408,26,,,0,99,,11409,26,,,0,100,,11415,26,,,0,100,,11416,26,,,0,98,,11417,26,,,0,200,,11418,26,,,0,199,,11419,26,,,0
1002001,'5544',904,,11420,26,,,0,201,,11421,26,,,0,201,,11422,26,,,0,200,,11423,26,,,0,200,,11424,26,,,0,199,,11426,26,,,0,199,,11425,26,,,0
1002001,'5547',733,,11440,26,,,0,171,,11427,26,,,0,100,,11428,26,,,0,100,,11429,26,,,0,100,,11430,26,,,0,101,,11439,26,,,0,100,,11431,26,,,0,100,,11432,26,,,0,100,,11433,26,,,0,100,,11434,26,,,0,100,,11435,26,,,0,99,,11436,26,,,0,200,,11437,26,,,0,199,,11438,26,,,0
