101,'4614',641,,10024,7,,,0,61,,10023,7,,,0,20,,10027,7,,,0,21,,10021,7,,,0,60,,10025,7,,,0,20,,10036,7,,,0,22,,10026,7,,,0,60,,10020,7,,,0,26,,10017,7,,,0,70,,10016,7,,,0,30,,10019,7,,,0,70,,10007,7,,,0,30,,10018,7,,,0,69,,10008,7,,,0,29,,10014,7,,,0,30,,10035,7,,,0,69,,10015,7,,,0,30,,10011,7,,,0,70,,10013,7,,,0,30,,10033,7,,,0,60,,10009,7,,,0,20,,9996,7,,,0,21,,10022,7,,,0,60,,9998,7,,,0,20,,10006,7,,,0,20,,9997,7,,,0,60,,10012,7,,,0,20,,10010,7,,,0,61,,10034,7,,,0,102,,10001,7,,,0,30,,10029,7,,,0,73,,10002,7,,,0,30,,10028,7,,,0,70,,10003,7,,,0,30,,10031,7,,,0,71,,10004,7,,,0,30,,10030,7,,,0,70,,10005,7,,,0,30,,10032,7,,,0,70,,10000,7,,,0,30,,9999,7,,,0
101,'4619',1831,,10037,7,,,0
101,'4931',1831,,10038,7,,,0
101,'5544',802,,10048,7,,,0,30,,10054,7,,,0,71,,10051,7,,,0,29,,10050,7,,,0,70,,10059,7,,,0,30,,10047,7,,,0,70,,10057,7,,,0,30,,10060,7,,,0,69,,10041,7,,,0,29,,10045,7,,,0,29,,10058,7,,,0,71,,10062,7,,,0,70,,10061,7,,,0,30,,10040,7,,,0,70,,10053,7,,,0,30,,10046,7,,,0,71,,10044,7,,,0,30,,10042,7,,,0,70,,10049,7,,,0,30,,10043,7,,,0,70,,10064,7,,,0,31,,10063,7,,,0,70,,10052,7,,,0,30,,10039,7,,,0,74,,10056,7,,,0,30,,10065,7,,,0,70,,10055,7,,,0,30,,10066,7,,,0
101,'5547',702,,10067,7,,,0,30,,10068,7,,,0,70,,10069,7,,,0,30,,10070,7,,,0,69,,10071,7,,,0,30,,10072,7,,,0,70,,10073,7,,,0,28,,10074,7,,,0,30,,10075,7,,,0,69,,10076,7,,,0,30,,10077,7,,,0,70,,10078,7,,,0,30,,10079,7,,,0,70,,10080,7,,,0,30,,10081,7,,,0,70,,10082,7,,,0,30,,10083,7,,,0,70,,10084,7,,,0,31,,10085,7,,,0,70,,10086,7,,,0,71,,10087,7,,,0,31,,10088,7,,,0,70,,10089,7,,,0,30,,10090,7,,,0,70,,10091,7,,,0,30,,10092,7,,,0,73,,10093,7,,,0,31,,10094,7,,,0,71,,10095,7,,,0,30,,10096,7,,,0,70,,10097,7,,,0,30,,10098,7,,,0,70,,10099,7,,,0,31,,10100,7,,,0,100,,10101,7,,,0
2501,'4614',840,,10626,23,,,0,301,,10627,24,,,0,179,,10628,23,,,0,224,,10629,24,,,0,396,,10630,24,,,0,89,,10631,23,,,0
2501,'5544',838,,10632,23,,,0,304,,10633,24,,,0,400,,10634,24,,,0,199,,10636,24,,,0,200,,10635,24,,,0
2501,'5547',838,,10638,23,,,0,304,,10640,24,,,0,400,,10639,24,,,0,199,,10641,24,,,0,200,,10637,24,,,0
9200,'4619',1426,,11284,30,4,,0,2,,11283,30,4,,0
9200,'5289',1535,,11286,30,4,,0,2,,11285,30,4,,0
9200,'5299',1442,,11287,30,4,,0,2,,11288,30,4,,0
