101,'4614',647,,10024,12,,,0,61,,10023,12,,,0,20,,10027,12,,,0,22,,10021,12,,,0,60,,10025,12,,,0,20,,10036,12,,,0,22,,10026,12,,,0,60,,10020,12,,,0,26,,10017,12,,,0,70,,10016,12,,,0,30,,10019,12,,,0,70,,10007,12,,,0,30,,10018,12,,,0,70,,10008,12,,,0,29,,10014,12,,,0,70,,10035,12,,,0,30,,10015,12,,,0,70,,10011,12,,,0,30,,10013,12,,,0,70,,10033,12,,,0,20,,10009,12,,,0,20,,9996,12,,,0,60,,10022,12,,,0,20,,9998,12,,,0,20,,10006,12,,,0,60,,9997,12,,,0,20,,10012,12,,,0,20,,10010,12,,,0,60,,10034,12,,,0,101,,10001,12,,,0,30,,10029,12,,,0,73,,10002,12,,,0,30,,10028,12,,,0,70,,10003,12,,,0,30,,10031,12,,,0,70,,10004,12,,,0,30,,10030,12,,,0,70,,10005,12,,,0,30,,10032,12,,,0,70,,10000,12,,,0,30,,9999,12,,,0
101,'4619',1838,,10037,12,,,0
101,'4931',1838,,10038,12,,,0
101,'5544',808,,10048,12,,,0,30,,10054,12,,,0,71,,10051,12,,,0,30,,10050,12,,,0,70,,10059,12,,,0,30,,10047,12,,,0,70,,10057,12,,,0,30,,10060,12,,,0,69,,10041,12,,,0,30,,10045,12,,,0,70,,10058,12,,,0,30,,10062,12,,,0,70,,10061,12,,,0,30,,10040,12,,,0,70,,10053,12,,,0,30,,10046,12,,,0,70,,10044,12,,,0,30,,10042,12,,,0,70,,10049,12,,,0,30,,10043,12,,,0,70,,10064,12,,,0,30,,10063,12,,,0,70,,10052,12,,,0,30,,10039,12,,,0,73,,10056,12,,,0,30,,10065,12,,,0,70,,10055,12,,,0,30,,10066,12,,,0
101,'5547',708,,10067,12,,,0,30,,10068,12,,,0,70,,10069,12,,,0,30,,10070,12,,,0,70,,10071,12,,,0,30,,10072,12,,,0,70,,10073,12,,,0,29,,10074,12,,,0,70,,10075,12,,,0,30,,10076,12,,,0,70,,10077,12,,,0,30,,10078,12,,,0,70,,10079,12,,,0,30,,10080,12,,,0,70,,10081,12,,,0,30,,10082,12,,,0,70,,10083,12,,,0,30,,10084,12,,,0,70,,10085,12,,,0,30,,10086,12,,,0,70,,10087,12,,,0,31,,10088,12,,,0,70,,10089,12,,,0,30,,10090,12,,,0,70,,10091,12,,,0,30,,10092,12,,,0,73,,10093,12,,,0,30,,10094,12,,,0,70,,10095,12,,,0,30,,10096,12,,,0,70,,10097,12,,,0,30,,10098,12,,,0,70,,10099,12,,,0,31,,10100,12,,,0,100,,10101,12,,,0
1501,'4614',849,,10499,15,,,0,63,,10500,15,,,0,30,,10501,15,,,0,69,,10498,15,,,0,27,,10502,15,,,0,70,,10503,15,,,0,30,,10504,15,,,0,70,,10505,15,,,0,104,,10507,15,,,0,31,,10506,15,,,0,570,,10509,15,,,0,98,,10508,15,,,0,100,,10510,15,,,0
1501,'5544',801,,10515,15,,,0,208,,10520,15,,,0,100,,10511,15,,,0,101,,10516,15,,,0,100,,10513,15,,,0,100,,10521,15,,,0,100,,10514,15,,,0,101,,10517,15,,,0,100,,10512,15,,,0,100,,10519,15,,,0,100,,10518,15,,,0
1501,'5547',800,,10530,15,,,0,108,,10534,15,,,0,102,,10531,15,,,0,101,,10528,15,,,0,99,,10532,15,,,0,101,,10529,15,,,0,101,,10527,15,,,0,100,,10522,15,,,0,100,,10524,15,,,0,101,,10525,15,,,0,98,,10535,15,,,0,100,,10526,15,,,0,100,,10523,15,,,0,100,,10533,15,,,0
3001,'4614',653,,10743,53,,,0,72,,10736,53,,,0,31,,10735,53,,,0,75,,10738,53,,,0,16,,10741,53,,,0,55,,10740,53,,,0,14,,10742,53,,,0,16,,10737,53,,,0,69,,10713,53,,,0,31,,10714,53,,,0,70,,10715,53,,,0,30,,10717,53,,,0,70,,10716,53,,,0,31,,10718,53,,,0,70,,10720,53,,,0,30,,10722,53,,,0,72,,10723,53,,,0,30,,10719,53,,,0,71,,10724,53,,,0,31,,10721,53,,,0,97,,10725,53,,,0,70,,10739,53,,,0,99,,10726,53,,,0,28,,10727,53,,,0,28,,10728,53,,,0,69,,10729,53,,,0,99,,10731,53,,,0,99,,10732,53,,,0,100,,10733,53,,,0,98,,10730,53,,,0,99,,10734,53,,,0
3001,'5289',1606,,10745,53,,,0,127,,10744,53,,,0
3001,'5544',828,,10746,53,,,0,101,,10747,53,,,0,101,,10748,53,,,0,100,,10749,53,,,0,102,,10750,53,,,0,100,,10751,53,,,0,100,,10752,53,,,0,100,,10753,53,,,0,99,,10754,53,,,0,99,,10755,53,,,0,98,,10756,53,,,0,98,,10757,53,,,0,100,,10758,53,,,0
3001,'5547',758,,10759,53,,,0,142,,10760,53,,,0,100,,10761,53,,,0,31,,10762,53,,,0,70,,10763,53,,,0,30,,10764,53,,,0,70,,10765,53,,,0,31,,10766,53,,,0,70,,10767,53,,,0,30,,10768,53,,,0,70,,10769,53,,,0,30,,10770,53,,,0,70,,10771,53,,,0,30,,10772,53,,,0,70,,10773,53,,,0,29,,10774,53,,,0,70,,10775,53,,,0,29,,10776,53,,,0,70,,10777,53,,,0,28,,10778,53,,,0,30,,10779,53,,,0,69,,10780,53,,,0,100,,10781,53,,,0,100,,10782,53,,,0,99,,10783,53,,,0,98,,10784,53,,,0,99,,10785,53,,,0
3001,'5568',1606,,10787,53,,,0,127,,10786,53,,,0
1001501,'4614',735,,11355,20,,,0,70,,11354,20,,,0,442,,11356,20,,,0,174,,11357,20,,,0,35,,11358,20,,,0,73,,11359,20,,,0,28,,11360,20,,,0,75,,11361,20,,,0,69,,11362,20,,,0,29,,11363,20,,,0,70,,11365,20,,,0,29,,11364,20,,,0
