100,'4614',503,,9931,12,,,0,45,,9932,12,,,0,71,,9920,12,,,0,31,,9927,12,,,0,72,,9921,12,,,0,22,,9918,12,,,0,61,,9917,12,,,0,21,,9919,12,,,0,19,,9915,12,,,0,60,,9930,12,,,0,20,,9914,12,,,0,20,,9908,12,,,0,71,,9913,12,,,0,30,,9899,12,,,0,70,,9916,12,,,0,31,,9900,12,,,0,70,,9909,12,,,0,31,,9902,12,,,0,70,,9912,12,,,0,31,,9929,12,,,0,70,,9906,12,,,0,30,,9903,12,,,0,70,,9907,12,,,0,30,,9892,12,,,0,60,,9905,12,,,0,20,,9891,12,,,0,20,,9911,12,,,0,60,,9893,12,,,0,19,,9901,12,,,0,19,,9928,12,,,0,69,,9910,12,,,0,30,,9895,12,,,0,68,,9922,12,,,0,30,,9898,12,,,0,69,,9923,12,,,0,30,,9896,12,,,0,70,,9924,12,,,0,30,,9894,12,,,0,67,,9925,12,,,0,30,,9897,12,,,0,69,,9926,12,,,0,99,,9904,12,,,0
100,'5544',739,,9952,12,,,0,70,,9951,12,,,0,31,,9943,12,,,0,70,,9942,12,,,0,34,,9933,12,,,0,70,,9945,12,,,0,30,,9954,12,,,0,71,,9948,12,,,0,30,,9955,12,,,0,71,,9940,12,,,0,30,,9941,12,,,0,70,,9956,12,,,0,31,,9935,12,,,0,70,,9953,12,,,0,30,,9947,12,,,0,70,,9938,12,,,0,30,,9944,12,,,0,69,,9946,12,,,0,30,,9957,12,,,0,70,,9939,12,,,0,30,,9934,12,,,0,68,,9937,12,,,0,28,,9958,12,,,0,70,,9949,12,,,0,30,,9936,12,,,0,70,,9959,12,,,0,29,,9950,12,,,0,69,,9960,12,,,0
100,'5547',639,,9995,12,,,0,70,,9988,12,,,0,30,,9968,12,,,0,71,,9973,12,,,0,30,,9972,12,,,0,72,,9986,12,,,0,32,,9981,12,,,0,70,,9967,12,,,0,31,,9970,12,,,0,72,,9985,12,,,0,31,,9964,12,,,0,70,,9984,12,,,0,30,,9966,12,,,0,70,,9993,12,,,0,30,,9979,12,,,0,70,,9962,12,,,0,30,,9989,12,,,0,70,,9991,12,,,0,30,,9963,12,,,0,70,,9992,12,,,0,30,,9980,12,,,0,69,,9994,12,,,0,30,,9974,12,,,0,69,,9978,12,,,0,29,,9987,12,,,0,70,,9961,12,,,0,29,,9990,12,,,0,70,,9976,12,,,0,28,,9983,12,,,0,70,,9975,12,,,0,30,,9982,12,,,0,68,,9965,12,,,0,30,,9969,12,,,0,69,,9971,12,,,0,100,,9977,12,,,0
501,'4614',643,,10106,36,,,0,111,,10121,48,,,0,77,,10113,48,,,0,69,,10120,48,,,0,57,,10102,48,,,0,100,,10119,48,,,0,100,,10107,48,,,0,143,,10104,48,,,0,46,,10105,48,,,0,101,,10112,48,,,0,95,,10103,48,,,0,115,,10109,48,,,0,97,,10118,48,,,0,96,,10110,48,,,0,98,,10108,48,,,0,98,,10111,48,,,0,99,,10115,48,,,0,99,,10114,48,,,0,99,,10116,48,,,0
501,'5544',850,,10133,48,,,0,101,,10125,48,,,0,100,,10127,48,,,0,101,,10122,48,,,0,101,,10123,48,,,0,100,,10129,48,,,0,100,,10124,48,,,0,100,,10134,48,,,0,100,,10132,48,,,0,100,,10130,48,,,0,94,,10131,48,,,0,98,,10128,48,,,0
501,'5547',751,,10136,48,,,0,201,,10150,48,,,0,100,,10135,48,,,0,102,,10137,48,,,0,103,,10138,48,,,0,100,,10139,48,,,0,101,,10140,48,,,0,100,,10141,48,,,0,101,,10142,48,,,0,99,,10143,48,,,0,91,,10151,48,,,0,96,,10144,48,,,0,100,,10145,48,,,0,99,,10146,48,,,0,100,,10147,48,,,0,99,,10149,48,,,0
600,'4614',701,,10163,27,,,0,103,,10153,27,,,0,110,,10156,27,,,0,97,,10168,27,,,0,100,,10161,27,,,0,101,,10152,27,,,0,104,,10162,27,,,0,103,,10154,27,,,0,108,,10155,27,,,0,96,,10158,27,,,0,99,,10167,27,,,0,95,,10159,27,,,0,98,,10157,27,,,0,99,,10160,27,,,0,98,,10164,27,,,0,100,,10165,27,,,0,100,,10166,27,,,0
600,'5544',707,,10170,27,,,0,95,,10178,27,,,0,107,,10177,27,,,0,100,,10175,27,,,0,100,,10182,27,,,0,100,,10172,27,,,0,101,,10179,27,,,0,103,,10169,27,,,0,101,,10176,27,,,0,100,,10174,27,,,0,102,,10181,27,,,0,100,,10180,27,,,0,98,,10173,27,,,0,100,,10171,27,,,0
600,'5547',659,,10188,27,,,0,144,,10191,27,,,0,106,,10198,27,,,0,100,,10185,27,,,0,101,,10195,27,,,0,100,,10186,27,,,0,104,,10189,27,,,0,100,,10190,27,,,0,101,,10192,27,,,0,101,,10194,27,,,0,100,,10183,27,,,0,99,,10187,27,,,0,100,,10199,27,,,0,99,,10184,27,,,0,100,,10196,27,,,0,98,,10197,27,,,0,100,,10193,27,,,0
2000,'4614',629,,10541,62,,,0,104,,10542,62,,,0,108,,10543,62,,,0,80,,10536,45,,,0,100,,10549,45,,,0,101,,10544,45,,,0,102,,10545,45,,,0,100,,10546,45,,,0,101,,10537,45,,,0,206,,10547,45,,,0,97,,10548,45,,,0,97,,10538,45,,,0,202,,10539,62,,,0,196,,10540,62,,,0
2000,'5544',930,,10550,62,,,0,203,,10553,62,,,0,203,,10552,62,,,0,201,,10554,62,,,0,199,,10551,62,,,0,291,,10555,62,,,0
2000,'5547',819,,10568,45,,,0,101,,10564,45,,,0,103,,10563,45,,,0,101,,10565,45,,,0,100,,10556,45,,,0,100,,10557,45,,,0,100,,10559,45,,,0,101,,10567,45,,,0,99,,10560,45,,,0,100,,10558,45,,,0,96,,10562,45,,,0,207,,10561,62,,,0,197,,10566,62,,,0
3000,'4614',659,,10665,55,,,0,72,,10667,55,,,0,16,,10671,55,,,0,58,,10663,55,,,0,15,,10672,55,,,0,16,,10666,55,,,0,69,,10670,55,,,0,30,,10664,55,,,0,70,,10642,55,,,0,30,,10643,55,,,0,70,,10644,55,,,0,31,,10645,55,,,0,71,,10646,55,,,0,31,,10647,55,,,0,70,,10648,55,,,0,30,,10650,55,,,0,71,,10651,55,,,0,30,,10652,55,,,0,76,,10649,55,,,0,31,,10653,55,,,0,68,,10668,55,,,0,30,,10654,55,,,0,68,,10669,55,,,0,29,,10655,55,,,0,70,,10656,55,,,0,27,,10657,55,,,0,97,,10658,55,,,0,99,,10659,55,,,0,99,,10660,55,,,0,97,,10661,55,,,0,98,,10662,55,,,0
3000,'5544',729,,10673,55,,,0,100,,10674,55,,,0,101,,10675,55,,,0,103,,10676,55,,,0,101,,10677,55,,,0,102,,10678,55,,,0,101,,10679,55,,,0,101,,10680,55,,,0,99,,10681,55,,,0,100,,10682,55,,,0,99,,10683,55,,,0,100,,10684,55,,,0,97,,10685,55,,,0
3000,'5547',657,,10686,55,,,0,100,,10687,55,,,0,102,,10688,55,,,0,71,,10689,55,,,0,70,,10690,55,,,0,31,,10691,55,,,0,71,,10692,55,,,0,31,,10693,55,,,0,71,,10694,55,,,0,30,,10695,55,,,0,70,,10696,55,,,0,31,,10697,55,,,0,71,,10698,55,,,0,30,,10699,55,,,0,69,,10700,55,,,0,32,,10701,55,,,0,69,,10702,55,,,0,30,,10703,55,,,0,69,,10704,55,,,0,30,,10705,55,,,0,68,,10706,55,,,0,29,,10707,55,,,0,102,,10708,55,,,0,99,,10709,55,,,0,99,,10710,55,,,0,98,,10711,55,,,0,99,,10712,55,,,0
7200,'4614',656,,11112,29,,,0,72,,11113,29,,,0,31,,11114,29,,,0,71,,11115,29,,,0,71,,11116,29,,,0,29,,11117,29,,,0,70,,11118,29,,,0,30,,11119,29,,,0,70,,11120,29,,,0,30,,11121,29,,,0,70,,11122,29,,,0,30,,11123,29,,,0,70,,11124,29,,,0,30,,11125,29,,,0,70,,11126,29,,,0,32,,11127,29,,,0,72,,11128,29,,,0,31,,11129,29,,,0,69,,11130,29,,,0,30,,11131,29,,,0,70,,11132,29,,,0,28,,11133,29,,,0,70,,11134,29,,,0,28,,11135,29,,,0,29,,11136,29,,,0,96,,11137,29,,,0,100,,11138,29,,,0,99,,11139,29,,,0,100,,11140,29,,,0
7200,'5544',756,,11141,29,,,0,101,,11142,29,,,0,102,,11143,29,,,0,100,,11144,29,,,0,141,,11145,29,,,0,100,,11146,29,,,0,100,,11147,29,,,0,100,,11148,29,,,0,59,,11149,29,,,0,100,,11150,29,,,0,100,,11151,29,,,0,100,,11152,29,,,0,98,,11153,29,,,0
7200,'5547',656,,11156,29,,,0,101,,11158,29,,,0,100,,11160,29,,,0,72,,11161,29,,,0,30,,11162,29,,,0,70,,11163,29,,,0,30,,11164,29,,,0,71,,11165,29,,,0,70,,11166,29,,,0,30,,11167,29,,,0,70,,11168,29,,,0,30,,11169,29,,,0,70,,11170,29,,,0,30,,11171,29,,,0,70,,11172,29,,,0,29,,11173,29,,,0,30,,11174,29,,,0,70,,11175,29,,,0,30,,11176,29,,,0,70,,11177,29,,,0,30,,11178,29,,,0,70,,11179,29,,,0,28,,11180,29,,,0,98,,11181,29,,,0,100,,11155,29,,,0,100,,11159,29,,,0,100,,11154,29,,,0,99,,11157,29,,,0
1002000,'4614',650,,11372,51,,,0,155,,11373,51,,,0,100,,11379,68,,,0,48,,11374,51,,,0,101,,11366,51,,,0,101,,11367,51,,,0,153,,11368,68,,,0,48,,11369,51,,,0,160,,11375,68,,,0,35,,11370,51,,,0,68,,11371,68,,,0,184,,11376,68,,,0,323,,11377,68,,,0,199,,11378,68,,,0
1002000,'5299',1706,,11380,68,,,0,226,,11381,68,,,0
1002000,'5544',732,,11382,68,,,0,100,,11388,68,,,0,191,,11383,51,,,0,201,,11384,51,,,0,201,,11385,51,,,0,201,,11386,51,,,0,199,,11387,51,,,0
1002000,'5547',656,,11391,68,,,0,101,,11403,68,,,0,100,,11390,68,,,0,101,,11392,68,,,0,142,,11393,68,,,0,101,,11394,68,,,0,100,,11395,68,,,0,100,,11396,68,,,0,101,,11397,68,,,0,100,,11402,68,,,0,99,,11398,68,,,0,58,,11399,68,,,0,173,,11400,68,,,0,195,,11401,68,,,0,198,,11389,68,,,0
1002000,'5567',1706,,11404,68,,,0,226,,11405,68,,,0
