2001,'4614',704,,10575,36,,,0,105,,10581,53,,,0,2,,10582,17,,,0,27,,10574,53,,,0,88,,10569,36,,,0,99,,10580,53,,,0,21,,10570,36,,,0,100,,10579,36,,,0,101,,10576,36,,,0,100,,10577,36,,,0,155,,10578,53,,,0,347,,10571,36,,,0,373,,10572,53,,,0,196,,10573,53,,,0
2001,'5289',1652,,10583,36,,,0
2001,'5299',1552,,10586,36,,,0,199,,10584,36,,,0,271,,10585,53,,,0
2001,'5544',808,,10592,36,,,0,202,,10587,36,,,0,201,,10589,36,,,0,200,,10588,36,,,0,201,,10590,36,,,0,199,,10591,36,,,0
2001,'5547',853,,10604,53,,,0,97,,10599,36,,,0,100,,10603,36,,,0,100,,10600,36,,,0,101,,10593,36,,,0,100,,10602,36,,,0,100,,10606,36,,,0,100,,10596,36,,,0,99,,10601,36,,,0,100,,10597,36,,,0,99,,10594,36,,,0,174,,10605,53,,,0,200,,10598,53,,,0,195,,10595,53,,,0
2001,'5567',1552,,10609,36,,,0,199,,10607,36,,,0,271,,10608,53,,,0
2001,'5568',1652,,10610,36,,,0
1002001,'4614',724,,11410,36,,,0,183,,11411,53,,,0,44,,11412,36,,,0,165,,11413,36,,,0,100,,11406,36,,,0,101,,11407,36,,,0,113,,11414,53,,,0,99,,11408,53,,,0,98,,11409,53,,,0,98,,11415,53,,,0,100,,11416,53,,,0,98,,11417,53,,,0,199,,11418,53,,,0,198,,11419,53,,,0
1002001,'5544',923,,11420,53,,,0,201,,11421,53,,,0,201,,11422,53,,,0,200,,11423,53,,,0,200,,11424,53,,,0,199,,11426,53,,,0,198,,11425,53,,,0
1002001,'5547',751,,11440,53,,,0,172,,11427,53,,,0,100,,11428,53,,,0,100,,11429,53,,,0,100,,11430,53,,,0,101,,11439,53,,,0,100,,11431,53,,,0,100,,11432,53,,,0,100,,11433,53,,,0,100,,11434,53,,,0,100,,11435,53,,,0,99,,11436,53,,,0,200,,11437,53,,,0,198,,11438,53,,,0
