2000,'4614',610,,10541,39,,,0,102,,10542,39,,,0,107,,10543,39,,,0,1188,,10539,39,,,0,198,,10540,39,,,0
2000,'5544',911,,10550,39,,,0,202,,10553,39,,,0,201,,10552,39,,,0,202,,10554,39,,,0,200,,10551,39,,,0,293,,10555,39,,,0
2000,'5547',2008,,10561,39,,,0,198,,10566,39,,,0
2001,'4614',751,,10581,31,,,0,72,,10574,31,,,0,188,,10580,31,,,0,434,,10578,31,,,0,764,,10572,31,,,0,197,,10573,31,,,0
2001,'5299',2009,,10585,31,,,0
2001,'5547',840,,10604,31,,,0,1170,,10605,31,,,0,200,,10598,31,,,0,197,,10595,31,,,0
2001,'5567',2009,,10608,31,,,0
4001,'4614',651,,10973,33,,,0,72,,10974,33,,,0,33,,10976,33,,,0,55,,10978,33,,,0,17,,10975,33,,,0,17,,10979,33,,,0,13,,10953,33,,,0,55,,10980,33,,,0,15,,10955,33,,,0,16,,10981,33,,,0,14,,10954,33,,,0,56,,10982,33,,,0,15,,10956,33,,,0,15,,10983,33,,,0,15,,10957,33,,,0,55,,10984,33,,,0,16,,10958,33,,,0,15,,10985,33,,,0,55,,10959,33,,,0,15,,10986,33,,,0,15,,10960,33,,,0,15,,10987,33,,,0,56,,10961,33,,,0,15,,10988,33,,,0,15,,10962,33,,,0,15,,10989,33,,,0,55,,10963,33,,,0,16,,10990,33,,,0,15,,10964,33,,,0,11,,10991,33,,,0,10,,10992,33,,,0,51,,10965,33,,,0,10,,10993,33,,,0,20,,10966,33,,,0,20,,10995,33,,,0,50,,10968,33,,,0,10,,10994,33,,,0,10,,10996,33,,,0,10,,10967,33,,,0,20,,10997,33,,,0,50,,10969,33,,,0,14,,10998,33,,,0,14,,10977,33,,,0,15,,10999,33,,,0,54,,10971,33,,,0,14,,11000,33,,,0,14,,10970,33,,,0,15,,11001,33,,,0,15,,10972,33,,,0,55,,11002,33,,,0,14,,10952,33,,,0,29,,10951,33,,,0,71,,10950,33,,,0,29,,10946,33,,,0,69,,10949,33,,,0,29,,10945,33,,,0,69,,10948,33,,,0,29,,10944,33,,,0,69,,10947,33,,,0,30,,10943,33,,,0,70,,11003,33,,,0
4001,'4619',1544,,11005,33,,,0
4001,'5289',1524,,11006,33,,,0,20,,11007,33,,,0,100,,11008,33,,,0
4001,'5299',1544,,11009,33,,,0
4001,'5544',725,,11010,33,,,0,103,,11012,33,,,0,101,,11014,33,,,0,100,,11016,33,,,0,30,,11017,33,,,0,70,,11018,33,,,0,71,,11019,33,,,0,31,,11020,33,,,0,70,,11021,33,,,0,30,,11022,33,,,0,71,,11023,33,,,0,28,,11024,33,,,0,70,,11025,33,,,0,30,,11026,33,,,0,70,,11027,33,,,0,30,,11028,33,,,0,70,,11029,33,,,0,30,,11030,33,,,0,28,,11031,33,,,0,70,,11032,33,,,0,30,,11033,33,,,0,70,,11015,33,,,0,29,,11013,33,,,0,70,,11011,33,,,0
4001,'5547',726,,11034,33,,,0,102,,11035,33,,,0,31,,11036,33,,,0,71,,11037,33,,,0,70,,11038,33,,,0,30,,11039,33,,,0,70,,11040,33,,,0,31,,11041,33,,,0,70,,11042,33,,,0,30,,11043,33,,,0,70,,11044,33,,,0,30,,11045,33,,,0,70,,11046,33,,,0,30,,11047,33,,,0,70,,11048,33,,,0,30,,11049,33,,,0,70,,11050,33,,,0,31,,11051,33,,,0,70,,11052,33,,,0,29,,11053,33,,,0,70,,11054,33,,,0,29,,11055,33,,,0,29,,11056,33,,,0,70,,11057,33,,,0,29,,11058,33,,,0,70,,11059,33,,,0,29,,11060,33,,,0,70,,11061,33,,,0,98,,11062,33,,,0,99,,11063,33,,,0,100,,11064,33,,,0
4001,'5568',1524,,11065,33,,,0,120,,11066,33,,,0
7200,'4614',636,,11112,3,,,0,70,,11113,3,,,0,30,,11114,3,,,0,70,,11115,3,,,0,32,,11116,3,,,0,70,,11117,3,,,0,30,,11118,3,,,0,70,,11119,3,,,0,30,,11120,3,,,0,70,,11121,3,,,0,30,,11122,3,,,0,70,,11123,3,,,0,30,,11124,3,,,0,70,,11125,3,,,0,30,,11126,3,,,0,70,,11127,3,,,0,32,,11128,3,,,0,70,,11129,3,,,0,31,,11130,3,,,0,70,,11131,3,,,0,30,,11132,3,,,0,69,,11133,3,,,0,30,,11134,3,,,0,69,,11135,3,,,0,29,,11136,3,,,0,98,,11137,3,,,0,100,,11138,3,,,0,100,,11139,3,,,0,100,,11140,3,,,0
7200,'5544',738,,11141,3,,,0,100,,11142,3,,,0,100,,11143,3,,,0,100,,11144,3,,,0,100,,11145,3,,,0,100,,11146,3,,,0,100,,11147,3,,,0,100,,11148,3,,,0,100,,11149,3,,,0,100,,11150,3,,,0,100,,11151,3,,,0,100,,11152,3,,,0,100,,11153,3,,,0
7200,'5547',638,,11156,3,,,0,100,,11158,3,,,0,100,,11160,3,,,0,70,,11161,3,,,0,30,,11162,3,,,0,70,,11163,3,,,0,30,,11164,3,,,0,70,,11165,3,,,0,30,,11166,3,,,0,70,,11167,3,,,0,30,,11168,3,,,0,70,,11169,3,,,0,30,,11170,3,,,0,70,,11171,3,,,0,30,,11172,3,,,0,70,,11173,3,,,0,30,,11174,3,,,0,70,,11175,3,,,0,30,,11176,3,,,0,70,,11177,3,,,0,30,,11178,3,,,0,70,,11179,3,,,0,28,,11180,3,,,0,100,,11181,3,,,0,100,,11155,3,,,0,100,,11159,3,,,0,100,,11154,3,,,0,100,,11157,3,,,0
1002000,'4614',844,,11379,45,,,0,403,,11368,45,,,0,206,,11375,45,,,0,103,,11371,45,,,0,184,,11376,45,,,0,368,,11377,45,,,0,199,,11378,45,,,0
1002000,'5299',1643,,11380,45,,,0,269,,11381,45,,,0
1002000,'5544',715,,11382,45,,,0,100,,11388,45,,,0
1002000,'5547',638,,11391,45,,,0,101,,11403,45,,,0,100,,11390,45,,,0,100,,11392,45,,,0,100,,11393,45,,,0,101,,11394,45,,,0,100,,11395,45,,,0,100,,11396,45,,,0,101,,11397,45,,,0,100,,11402,45,,,0,100,,11398,45,,,0,98,,11399,45,,,0,174,,11400,45,,,0,196,,11401,45,,,0,198,,11389,45,,,0
1002000,'5567',1643,,11404,45,,,0,269,,11405,45,,,0
1002001,'4614',852,,11411,31,,,0,560,,11414,31,,,0,101,,11408,31,,,0,99,,11409,31,,,0,100,,11415,31,,,0,100,,11416,31,,,0,98,,11417,31,,,0,199,,11418,31,,,0,199,,11419,31,,,0
1002001,'5544',910,,11420,31,,,0,201,,11421,31,,,0,201,,11422,31,,,0,200,,11423,31,,,0,200,,11424,31,,,0,199,,11426,31,,,0,199,,11425,31,,,0
1002001,'5547',739,,11440,31,,,0,171,,11427,31,,,0,100,,11428,31,,,0,100,,11429,31,,,0,100,,11430,31,,,0,101,,11439,31,,,0,100,,11431,31,,,0,100,,11432,31,,,0,100,,11433,31,,,0,100,,11434,31,,,0,100,,11435,31,,,0,99,,11436,31,,,0,200,,11437,31,,,0,198,,11438,31,,,0
