2001,'4614',657,,10575,24,,,0,143,,10581,41,,,0,2,,10582,5,,,0,29,,10574,41,,,0,88,,10569,24,,,0,99,,10580,41,,,0,21,,10570,24,,,0,100,,10579,24,,,0,101,,10576,24,,,0,100,,10577,24,,,0,114,,10578,41,,,0,389,,10571,24,,,0,373,,10572,41,,,0,196,,10573,41,,,0
2001,'5289',1645,,10583,24,,,0
2001,'5299',1545,,10586,24,,,0,200,,10584,24,,,0,271,,10585,41,,,0
2001,'5544',802,,10592,24,,,0,202,,10587,24,,,0,201,,10589,24,,,0,200,,10588,24,,,0,201,,10590,24,,,0,199,,10591,24,,,0
2001,'5547',847,,10604,41,,,0,97,,10599,24,,,0,100,,10603,24,,,0,100,,10600,24,,,0,101,,10593,24,,,0,100,,10602,24,,,0,100,,10606,24,,,0,100,,10596,24,,,0,99,,10601,24,,,0,100,,10597,24,,,0,99,,10594,24,,,0,174,,10605,41,,,0,200,,10598,41,,,0,195,,10595,41,,,0
2001,'5567',1545,,10609,24,,,0,200,,10607,24,,,0,271,,10608,41,,,0
2001,'5568',1645,,10610,24,,,0
1002001,'4614',717,,11410,24,,,0,183,,11411,41,,,0,44,,11412,24,,,0,165,,11413,24,,,0,100,,11406,24,,,0,101,,11407,24,,,0,111,,11414,41,,,0,101,,11408,41,,,0,98,,11409,41,,,0,99,,11415,41,,,0,100,,11416,41,,,0,98,,11417,41,,,0,199,,11418,41,,,0,198,,11419,41,,,0
1002001,'5544',917,,11420,41,,,0,201,,11421,41,,,0,201,,11422,41,,,0,200,,11423,41,,,0,200,,11424,41,,,0,199,,11426,41,,,0,198,,11425,41,,,0
1002001,'5547',745,,11440,41,,,0,172,,11427,41,,,0,100,,11428,41,,,0,100,,11429,41,,,0,100,,11430,41,,,0,101,,11439,41,,,0,100,,11431,41,,,0,100,,11432,41,,,0,100,,11433,41,,,0,100,,11434,41,,,0,100,,11435,41,,,0,99,,11436,41,,,0,200,,11437,41,,,0,198,,11438,41,,,0
