2001,'4614',705,,10575,37,,,0,105,,10581,54,,,0,2,,10582,18,,,0,27,,10574,54,,,0,88,,10569,37,,,0,99,,10580,54,,,0,21,,10570,37,,,0,100,,10579,37,,,0,101,,10576,37,,,0,100,,10577,37,,,0,155,,10578,54,,,0,346,,10571,37,,,0,373,,10572,54,,,0,196,,10573,54,,,0
2001,'5289',1653,,10583,37,,,0
2001,'5299',1553,,10586,37,,,0,198,,10584,37,,,0,271,,10585,54,,,0
2001,'5544',809,,10592,37,,,0,202,,10587,37,,,0,201,,10589,37,,,0,200,,10588,37,,,0,201,,10590,37,,,0,198,,10591,37,,,0
2001,'5547',854,,10604,54,,,0,97,,10599,37,,,0,100,,10603,37,,,0,100,,10600,37,,,0,101,,10593,37,,,0,100,,10602,37,,,0,100,,10606,37,,,0,100,,10596,37,,,0,99,,10601,37,,,0,99,,10597,37,,,0,99,,10594,37,,,0,174,,10605,54,,,0,200,,10598,54,,,0,195,,10595,54,,,0
2001,'5567',1553,,10609,37,,,0,198,,10607,37,,,0,271,,10608,54,,,0
2001,'5568',1653,,10610,37,,,0
1002001,'4614',725,,11410,37,,,0,183,,11411,54,,,0,44,,11412,37,,,0,165,,11413,37,,,0,100,,11406,37,,,0,101,,11407,37,,,0,112,,11414,54,,,0,100,,11408,54,,,0,98,,11409,54,,,0,98,,11415,54,,,0,99,,11416,54,,,0,98,,11417,54,,,0,199,,11418,54,,,0,198,,11419,54,,,0
1002001,'5544',924,,11420,54,,,0,201,,11421,54,,,0,201,,11422,54,,,0,200,,11423,54,,,0,200,,11424,54,,,0,199,,11426,54,,,0,198,,11425,54,,,0
1002001,'5547',752,,11440,54,,,0,172,,11427,54,,,0,100,,11428,54,,,0,100,,11429,54,,,0,100,,11430,54,,,0,101,,11439,54,,,0,100,,11431,54,,,0,100,,11432,54,,,0,100,,11433,54,,,0,99,,11434,54,,,0,100,,11435,54,,,0,99,,11436,54,,,0,200,,11437,54,,,0,198,,11438,54,,,0
