2000,'4614',603,,10541,30,0,9 12 2 5,0,101,,10542,30,0,9 12 2 5,0,106,,10543,30,0,9 12 2 5,0,1190,,10539,30,0,9 12 2 5,0,158,,10540,30,0,9 12 2 5,0
2000,'5544',905,,10550,30,0,9 12 2 5,0,202,,10553,30,0,9 12 2 5,0,201,,10552,30,0,9 12 2 5,0,202,,10554,30,0,9 12 2 5,0,200,,10551,30,0,9 12 2 5,0,294,,10555,30,0,9 12 2 5,0
2000,'5547',2001,,10561,30,0,9 12 2 5,0,158,,10566,30,0,9 12 2 5,0
2001,'4614',743,,10581,22,0,9 10 11,0,71,,10574,22,0,9 10 11,0,189,,10580,22,0,9 10 11,0,433,,10578,22,0,9 10 11,0,765,,10572,22,0,9 10 11,0,158,,10573,22,0,9 10 11,0
2001,'5299',2001,,10585,22,0,9 10 11,0
2001,'5547',832,,10604,22,0,9 10 11,0,1170,,10605,22,0,9 10 11,0,200,,10598,22,0,9 10 11,0,157,,10595,22,0,9 10 11,0
2001,'5567',2001,,10608,22,0,9 10 11,0
9200,'4619',1421,,11284,26,,,0,2,,11283,26,,,0
9200,'5289',1530,,11286,26,,,0,2,,11285,26,,,0
9200,'5299',1437,,11287,26,,,0,2,,11288,26,,,0
1002000,'4614',835,,11379,36,,,0,404,,11368,36,,,0,205,,11375,36,,,0,104,,11371,36,,,0,185,,11376,36,,,0,368,,11377,36,,,0,199,,11378,36,,,0
1002000,'5299',1636,,11380,36,,,0,269,,11381,36,,,0
1002000,'5544',707,,11382,36,,,0,100,,11388,36,,,0
1002000,'5547',631,,11391,36,,,0,100,,11403,36,,,0,100,,11390,36,,,0,100,,11392,36,,,0,100,,11393,36,,,0,101,,11394,36,,,0,100,,11395,36,,,0,100,,11396,36,,,0,101,,11397,36,,,0,100,,11402,36,,,0,100,,11398,36,,,0,98,,11399,36,,,0,175,,11400,36,,,0,196,,11401,36,,,0,198,,11389,36,,,0
1002000,'5567',1636,,11404,36,,,0,269,,11405,36,,,0
1002001,'4614',843,,11411,22,,,0,561,,11414,22,,,0,100,,11408,22,,,0,100,,11409,22,,,0,100,,11415,22,,,0,100,,11416,22,,,0,98,,11417,22,,,0,199,,11418,22,,,0,199,,11419,22,,,0
1002001,'5544',902,,11420,22,,,0,201,,11421,22,,,0,201,,11422,22,,,0,200,,11423,22,,,0,200,,11424,22,,,0,199,,11426,22,,,0,199,,11425,22,,,0
1002001,'5547',731,,11440,22,,,0,171,,11427,22,,,0,100,,11428,22,,,0,100,,11429,22,,,0,100,,11430,22,,,0,101,,11439,22,,,0,100,,11431,22,,,0,100,,11432,22,,,0,100,,11433,22,,,0,100,,11434,22,,,0,100,,11435,22,,,0,99,,11436,22,,,0,200,,11437,22,,,0,198,,11438,22,,,0
