101,'4614',712,,10025,3,,,0,20,,10019,3,,,0,80,,10034,3,,,0,22,,11456,3,,,0,20,,10018,3,,,0,96,,10014,3,,,0,69,,11455,3,,,0,30,,10005,3,,,0,70,,10016,3,,,0,29,,10006,3,,,0,69,,10012,3,,,0,30,,10033,3,,,0,69,,10013,3,,,0,30,,10009,3,,,0,178,,9994,3,,,0,22,,10020,3,,,0,60,,9996,3,,,0,20,,10004,3,,,0,20,,9995,3,,,0,81,,10008,3,,,0,22,,10032,3,,,0,174,,10027,3,,,0,203,,10029,3,,,0,101,,10028,3,,,0,30,,10003,3,,,0,70,,10030,3,,,0,101,,9997,3,,,0
101,'4616',822,,10068,3,,,0,28,,10069,3,,,0,70,,10070,3,,,0,127,,10073,3,,,0,69,,10074,3,,,0,100,,10076,3,,,0,30,,10077,3,,,0,70,,10078,3,,,0,200,,10082,3,,,0,31,,11449,3,,,0,70,,10084,3,,,0,32,,10085,3,,,0,71,,10086,3,,,0,100,,10088,3,,,0,30,,10089,3,,,0,175,,10092,3,,,0,101,,10094,3,,,0,101,,10096,3,,,0,30,,10097,3,,,0,71,,10098,3,,,0
101,'4619',1820,,11801,3,,,0
101,'4931',1820,,11802,3,,,0
101,'5289',752,,12386,3,,,0
101,'5454',752,,10046,3,,,0,100,,10049,3,,,0,168,,10045,3,,,0,30,,10055,3,,,0,99,,10039,3,,,0,69,,10043,3,,,0,29,,10056,3,,,0,271,,11452,3,,,0,101,,10040,3,,,0,30,,10047,3,,,0,71,,10041,3,,,0,30,,10062,3,,,0,72,,10061,3,,,0,30,,10050,3,,,0,104,,10054,3,,,0,70,,10063,3,,,0,100,,10064,3,,,0
101,'5658',822,,11809,3,,,0,99,,11807,3,,,0,29,,11811,3,,,0,170,,11812,3,,,0,198,,11814,3,,,0,30,,11813,3,,,0,70,,11805,3,,,0,30,,11808,3,,,0,101,,11806,3,,,0,373,,11804,3,,,0,134,,11810,3,,,0
101,'5659',632,,11798,3,,,0,20,,11797,3,,,0,100,,11815,3,,,0,168,,11796,3,,,0,496,,11795,3,,,0,29,,11800,3,,,0,59,,11793,3,,,0,203,,11794,3,,,0,145,,11789,3,,,0,104,,11790,3,,,0,70,,11799,3,,,0,30,,11791,3,,,0,101,,11792,3,,,0,201,,11788,3,,,0
101,'5660',632,,12397,3,,,0,20,,12396,3,,,0,268,,12395,3,,,0,496,,12394,3,,,0,29,,12399,3,,,0,59,,12392,3,,,0,203,,12393,3,,,0,145,,12388,3,,,0,104,,12389,3,,,0,70,,12398,3,,,0,30,,12390,3,,,0,101,,12391,3,,,0,201,,12387,3,,,0
101,'5661',822,,12405,3,,,0,99,,12403,3,,,0,29,,12407,3,,,0,170,,12408,3,,,0,198,,12410,3,,,0,30,,12409,3,,,0,70,,12401,3,,,0,30,,12404,3,,,0,101,,12402,3,,,0,373,,12400,3,,,0,134,,12406,3,,,0
101,'5662',752,,12411,3,,,0
101,'5663',652,,12412,3,,,0,70,,12413,3,,,0,30,,12414,3,,,0,198,,12415,3,,,0,67,,12416,3,,,0,129,,12417,3,,,0,200,,12418,3,,,0,70,,12419,3,,,0,30,,12420,3,,,0,304,,12421,3,,,0,171,,12422,3,,,0,33,,12423,3,,,0,102,,12424,3,,,0,100,,12425,3,,,0,272,,12426,3,,,0
2001,'4614',641,,10573,3,,,0,85,,10579,3,0,9 10 11,0,30,,10572,3,0,9 10 11,0,145,,10567,3,,,0,45,,10578,3,0,9 10 11,0,75,,10568,3,,,0,100,,11593,3,,,0,201,,10575,3,,,0,97,,10576,3,0,9 10 11,0,407,,10569,3,,,0,320,,10570,3,0,9 10 11,0,200,,10571,3,0,9 10 11,0
2001,'4616',926,,10597,3,,,0,100,,10601,3,,,0,100,,10598,3,,,0,101,,10591,3,,,0,100,,10600,3,,,0,100,,10604,3,,,0,100,,10594,3,,,0,100,,10599,3,,,0,100,,10595,3,,,0,99,,10592,3,,,0,120,,10603,3,0,9 10 11,0,200,,10596,3,0,9 10 11,0,200,,10593,3,0,9 10 11,0
2001,'5289',1627,,10581,3,,,0
2001,'5299',1527,,10584,3,,,0,200,,10582,3,,,0,219,,10583,3,0,9 10 11,0
2001,'5454',746,,11592,3,,,0,201,,10585,3,,,0,200,,10587,3,,,0,200,,10586,3,,,0,201,,10588,3,,,0,199,,10589,3,,,0
2001,'5567',1527,,10607,3,,,0,200,,10605,3,,,0,219,,10606,3,0,9 10 11,0
2001,'5568',1627,,10608,3,,,0
2001,'5659',1222,,11962,3,,,0
2001,'5660',1222,,12530,3,,,0
2001,'5663',816,,12531,3,0,9 10 11,0
2501,'4614',815,,10624,3,,,0,302,,11598,4,,,0,400,,11968,4,,,0,400,,10628,4,,,0,90,,11969,3,,,0
2501,'4616',1117,,10638,4,,,0,400,,10637,4,,,0,200,,10639,4,,,0,200,,10635,4,,,0
2501,'5454',815,,11597,3,,,0,302,,10631,4,,,0,400,,10632,4,,,0,200,,10634,4,,,0,200,,10633,4,,,0
2501,'5659',1256,,11967,3,,,0
2501,'5660',1256,,12534,3,,,0
2501,'5663',815,,12535,3,,,0
3001,'4614',612,,10741,3,,,0,30,,10734,3,,,0,100,,10736,3,,,0,17,,10739,3,,,0,57,,10738,3,,,0,31,,10735,3,,,0,169,,10713,3,,,0,30,,11604,3,,,0,70,,10714,3,,,0,30,,10716,3,,,0,70,,10718,3,,,0,30,,10720,3,,,0,100,,10717,3,,,0,70,,10722,3,,,0,30,,10719,3,,,0,100,,10723,3,,,0,201,,10725,3,,,0,70,,10726,3,,,0,30,,10727,3,,,0,200,,10730,3,,,0,100,,10731,3,,,0,100,,10728,3,,,0,100,,10732,3,,,0
3001,'4616',717,,10757,3,,,0,100,,10758,3,,,0,100,,10759,3,,,0,30,,10760,3,,,0,70,,10761,3,,,0,30,,10762,3,,,0,70,,10763,3,,,0,100,,10765,3,,,0,30,,10766,3,,,0,70,,10767,3,,,0,30,,10768,3,,,0,70,,10769,3,,,0,100,,10771,3,,,0,30,,10772,3,,,0,100,,10774,3,,,0,170,,10777,3,,,0,30,,10778,3,,,0,200,,10780,3,,,0,300,,10783,3,,,0
3001,'5289',1516,,10743,3,,,0,131,,10742,3,,,0
3001,'5454',947,,10746,3,,,0,100,,10747,3,,,0,200,,10749,3,,,0,100,,10750,3,,,0,200,,10752,3,,,0,100,,10753,3,,,0,200,,10755,3,,,0,100,,10756,3,,,0
3001,'5568',1516,,10785,3,,,0,131,,10784,3,,,0
3001,'5658',747,,12002,3,,,0,100,,12003,3,,,0,300,,12004,3,,,0,300,,12005,3,,,0,300,,12006,3,,,0
3001,'5659',712,,11999,3,,,0,119,,12001,3,,,0,85,,11994,3,,,0,30,,11995,3,,,0,370,,11996,3,,,0,300,,12000,3,,,0,101,,11997,3,,,0,230,,11998,3,,,0
3001,'5660',712,,12564,3,,,0,119,,12566,3,,,0,85,,12559,3,,,0,30,,12560,3,,,0,370,,12561,3,,,0,300,,12565,3,,,0,101,,12562,3,,,0,230,,12563,3,,,0
3001,'5661',747,,12567,3,,,0,100,,12568,3,,,0,300,,12569,3,,,0,300,,12570,3,,,0,300,,12571,3,,,0
3001,'5663',1147,,12572,3,,,0,300,,12573,3,,,0,170,,12574,3,,,0,101,,12575,3,,,0,29,,12576,3,,,0,200,,12577,3,,,0,200,,12578,3,,,0,100,,12579,3,,,0
7201,'4614',703,,11677,3,,,0,28,,11181,3,,,0,103,,11183,3,,,0,103,,11678,3,,,0,70,,11186,3,,,0,30,,11187,3,,,0,69,,11188,3,,,0,29,,11189,3,,,0,70,,11190,3,,,0,30,,11191,3,,,0,70,,11192,3,,,0,30,,11193,3,,,0,68,,11194,3,,,0,30,,11195,3,,,0,100,,11197,3,,,0,71,,11198,3,,,0,31,,11199,3,,,0,70,,11200,3,,,0,31,,11201,3,,,0,70,,11202,3,,,0,31,,11203,3,,,0,171,,11205,3,,,0,100,,11206,3,,,0,232,,11208,3,,,0
7201,'4616',709,,11228,3,,,0,98,,11229,3,,,0,100,,11230,3,,,0,99,,11232,3,,,0,730,,11247,3,,,0,101,,11249,3,,,0,372,,11225,3,,,0
7201,'5454',807,,11209,3,,,0,100,,11210,3,,,0,100,,11211,3,,,0,99,,11212,3,,,0,298,,11215,3,,,0,100,,11216,3,,,0,101,,11217,3,,,0,101,,11218,3,,,0
7201,'5658',1204,,12288,3,,,0,100,,12289,3,,,0,502,,12290,3,,,0,100,,12291,3,,,0,102,,12292,3,,,0
7201,'5659',759,,12283,3,,,0,147,,12284,3,,,0,597,,12285,3,,,0,405,,12286,3,,,0,300,,12287,3,,,0
7201,'5660',759,,12838,3,,,0,147,,12839,3,,,0,597,,12840,3,,,0,405,,12841,3,,,0,300,,12842,3,,,0
7201,'5661',1204,,12843,3,,,0,100,,12844,3,,,0,502,,12845,3,,,0,100,,12846,3,,,0,102,,12847,3,,,0
7201,'5663',937,,12853,3,,,0,99,,12854,3,,,0,70,,12855,3,,,0,29,,12856,3,,,0,70,,12857,3,,,0,30,,12858,3,,,0,70,,12859,3,,,0,30,,12860,3,,,0,70,,12861,3,,,0,30,,12862,3,,,0,70,,12863,3,,,0,30,,12864,3,,,0,70,,12865,3,,,0,31,,12866,3,,,0,70,,12867,3,,,0,100,,12868,3,,,0,101,,12848,3,,,0,101,,12849,3,,,0,101,,12850,3,,,0,201,,12851,3,,,0,101,,12852,3,,,0
1002001,'4614',701,,11408,3,,,0,125,,11409,3,,,0,100,,11742,3,,,0,225,,11404,3,,,0,101,,11405,3,,,0,195,,11406,3,,,0,100,,11407,3,,,0,100,,11413,3,,,0,100,,11414,3,,,0,99,,11415,3,,,0,200,,11416,3,,,0,200,,11417,3,,,0
1002001,'4616',716,,11438,3,,,0,230,,11426,3,,,0,200,,11428,3,,,0,101,,11437,3,,,0,100,,11429,3,,,0,100,,11430,3,,,0,100,,11431,3,,,0,100,,11432,3,,,0,100,,11433,3,,,0,99,,11434,3,,,0,200,,11435,3,,,0,200,,11436,3,,,0
1002001,'5289',1051,,12886,3,,,0
1002001,'5454',846,,11418,3,,,0,201,,11419,3,,,0,200,,11420,3,,,0,200,,11421,3,,,0,200,,11422,3,,,0,199,,11424,3,,,0,200,,11423,3,,,0
1002001,'5659',1051,,12339,3,,,0,296,,12337,3,,,0
1002001,'5660',1347,,12887,3,,,0
1002001,'5662',1051,,12888,3,,,0
1002001,'5663',846,,12889,3,,,0,200,,12890,3,,,0
