3001,'4614',614,,10741,5,,,0,30,,10734,5,,,0,100,,10736,5,,,0,57,,10739,5,,,0,17,,10738,5,,,0,31,,10735,5,,,0,169,,10713,5,,,0,30,,11604,5,,,0,70,,10714,5,,,0,30,,10716,5,,,0,70,,10718,5,,,0,30,,10720,5,,,0,101,,10717,5,,,0,70,,10722,5,,,0,30,,10719,5,,,0,100,,10723,5,,,0,200,,10725,5,,,0,70,,10726,5,,,0,30,,10727,5,,,0,199,,10730,5,,,0,100,,10731,5,,,0,100,,10728,5,,,0,100,,10732,5,,,0
3001,'4616',719,,10757,5,,,0,100,,10758,5,,,0,100,,10759,5,,,0,30,,10760,5,,,0,70,,10761,5,,,0,30,,10762,5,,,0,70,,10763,5,,,0,100,,10765,5,,,0,30,,10766,5,,,0,70,,10767,5,,,0,30,,10768,5,,,0,70,,10769,5,,,0,100,,10771,5,,,0,30,,10772,5,,,0,100,,10774,5,,,0,170,,10777,5,,,0,30,,10778,5,,,0,200,,10780,5,,,0,299,,10783,5,,,0
3001,'5289',1519,,10743,5,,,0,130,,10742,5,,,0
3001,'5454',949,,10746,5,,,0,100,,10747,5,,,0,200,,10749,5,,,0,100,,10750,5,,,0,200,,10752,5,,,0,100,,10753,5,,,0,200,,10755,5,,,0,100,,10756,5,,,0
3001,'5568',1519,,10785,5,,,0,130,,10784,5,,,0
3001,'5658',748,,12002,5,,,0,101,,12003,5,,,0,300,,12004,5,,,0,300,,12005,5,,,0,300,,12006,5,,,0
3001,'5659',714,,11999,5,,,0,119,,12001,5,,,0,85,,11994,5,,,0,30,,11995,5,,,0,371,,11996,5,,,0,300,,12000,5,,,0,100,,11997,5,,,0,230,,11998,5,,,0
3001,'5660',714,,12564,5,,,0,119,,12566,5,,,0,85,,12559,5,,,0,30,,12560,5,,,0,371,,12561,5,,,0,300,,12565,5,,,0,100,,12562,5,,,0,230,,12563,5,,,0
3001,'5661',748,,12567,5,,,0,101,,12568,5,,,0,300,,12569,5,,,0,300,,12570,5,,,0,300,,12571,5,,,0
3001,'5663',1149,,12572,5,,,0,300,,12573,5,,,0,170,,12574,5,,,0,101,,12575,5,,,0,29,,12576,5,,,0,200,,12577,5,,,0,200,,12578,5,,,0,99,,12579,5,,,0
