4000,'4614',649,,10853,31,,,0,55,,10879,31,,,0,39,,10880,31,0,6 7,0,8,,11643,31,,,0,53,,10884,31,0,6 7,0,27,,11648,31,0,6 7,0,91,,10831,31,,,0,15,,11644,31,,,0,99,,10860,31,,,0,201,,10864,31,,,0,218,,10841,31,,,0,566,,10827,31,,,0,30,,10825,31,,,0
4000,'4616',749,,10937,31,,,0,70,,10938,31,,,0,31,,10939,31,,,0,474,,10914,31,,,0,102,,10917,31,,,0,30,,11638,31,,,0,70,,10929,31,,,0,30,,10924,31,,,0,69,,10911,31,,,0
4000,'4619',1738,,12075,31,,,0
4000,'4931',1738,,12076,31,,,0
4000,'5454',952,,10892,31,,,0,99,,10894,31,,,0,503,,10904,31,,,0,69,,10905,31,,,0
4000,'5658',719,,12077,31,,,0,100,,12079,31,,,0,101,,12081,31,,,0,101,,12082,31,,,0,100,,12083,31,,,0,30,,12084,31,,,0,70,,12085,31,,,0,31,,12086,31,,,0,72,,12087,31,,,0,30,,12088,31,,,0,70,,12089,31,,,0,32,,12090,31,,,0,68,,12091,31,,,0,129,,12092,31,,,0,70,,12093,31,,,0,28,,12094,31,,,0,70,,12095,31,,,0,30,,12096,31,,,0,70,,12078,31,,,0,30,,12080,31,,,0
4000,'5659',619,,12051,31,,,0,101,,12052,31,,,0,15,,12072,31,,,0,65,,12073,31,0,6 7,0,9,,12071,31,,,0,7,,12074,31,0,6 7,0,7,,12053,31,,,0,15,,12070,31,,,0,15,,12031,31,,,0,54,,12054,31,,,0,45,,12032,31,,,0,54,,12055,31,,,0,15,,12033,31,,,0,30,,12034,31,,,0,56,,12056,31,,,0,15,,12035,31,,,0,15,,12057,31,,,0,15,,12036,31,,,0,55,,12058,31,,,0,15,,12037,31,,,0,30,,12038,31,,,0,55,,12059,31,,,0,15,,12039,31,,,0,15,,12060,31,,,0,15,,12040,31,,,0,57,,12061,31,,,0,16,,12041,31,,,0,15,,12062,31,,,0,70,,12063,31,,,0,15,,12042,31,,,0,16,,12064,31,,,0,14,,12043,31,,,0,55,,12065,31,,,0,15,,12044,31,,,0,15,,12066,31,,,0,15,,12045,31,,,0,55,,12067,31,,,0,14,,12046,31,,,0,28,,12047,31,,,0,55,,12068,31,,,0,15,,12048,31,,,0,29,,12049,31,,,0,70,,12050,31,,,0,30,,12028,31,,,0,169,,12029,31,,,0,29,,12027,31,,,0,69,,12030,31,,,0,30,,12026,31,,,0,69,,12069,31,,,0
4000,'5660',619,,12609,31,,,0,101,,12610,31,,,0,15,,12630,31,,,0,65,,12631,31,0,6 7,0,9,,12629,31,,,0,7,,12632,31,0,6 7,0,7,,12611,31,,,0,15,,12628,31,,,0,15,,12589,31,,,0,54,,12612,31,,,0,45,,12590,31,,,0,54,,12613,31,,,0,15,,12591,31,,,0,30,,12592,31,,,0,56,,12614,31,,,0,15,,12593,31,,,0,15,,12615,31,,,0,15,,12594,31,,,0,55,,12616,31,,,0,15,,12595,31,,,0,30,,12596,31,,,0,55,,12617,31,,,0,15,,12597,31,,,0,15,,12618,31,,,0,15,,12598,31,,,0,57,,12619,31,,,0,16,,12599,31,,,0,15,,12620,31,,,0,70,,12621,31,,,0,15,,12600,31,,,0,16,,12622,31,,,0,14,,12601,31,,,0,55,,12623,31,,,0,15,,12602,31,,,0,15,,12624,31,,,0,15,,12603,31,,,0,55,,12625,31,,,0,14,,12604,31,,,0,28,,12605,31,,,0,55,,12626,31,,,0,15,,12606,31,,,0,29,,12607,31,,,0,70,,12608,31,,,0,30,,12586,31,,,0,169,,12587,31,,,0,29,,12585,31,,,0,69,,12588,31,,,0,30,,12584,31,,,0,69,,12627,31,,,0
4000,'5661',719,,12633,31,,,0,100,,12635,31,,,0,101,,12637,31,,,0,101,,12638,31,,,0,100,,12639,31,,,0,30,,12640,31,,,0,70,,12641,31,,,0,31,,12642,31,,,0,72,,12643,31,,,0,30,,12644,31,,,0,70,,12645,31,,,0,32,,12646,31,,,0,68,,12647,31,,,0,129,,12648,31,,,0,70,,12649,31,,,0,28,,12650,31,,,0,70,,12651,31,,,0,30,,12652,31,,,0,70,,12634,31,,,0,30,,12636,31,,,0
4000,'5663',649,,12672,31,,,0,271,,12673,31,,,0,31,,12661,31,,,0,70,,12658,31,,,0,30,,12656,31,,,0,72,,12665,31,,,0,30,,12671,31,,,0,71,,12653,31,,,0,30,,12657,31,,,0,101,,12667,31,,,0,300,,12659,31,,,0,68,,12660,31,,,0,30,,12664,31,,,0,70,,12662,31,,,0,30,,12666,31,,,0,69,,12669,31,,,0,29,,12655,31,,,0,70,,12663,31,,,0,100,,12668,31,,,0,100,,12654,31,,,0,98,,12670,31,,,0
