701,'4614',708,,10262,15,0,17,0,37,,11476,15,0,17,0,267,,10259,15,0,17,0,100,,10265,15,0,17,0,96,,10247,15,0,17,0,103,,11474,15,0,17,0,101,,10255,15,0,17,0,100,,10249,15,0,17,0,201,,10263,15,0,17,0,28,,10266,15,0,17,0,70,,10258,15,0,17,0,199,,10257,15,0,17,0,100,,10260,15,0,17,0,100,,10261,15,0,17,0,100,,10246,15,0,17,0
701,'4616',707,,10287,15,0,17,0,102,,10297,15,0,17,0,102,,10288,15,0,17,0,100,,10292,15,0,17,0,197,,10289,15,0,17,0,102,,10290,15,0,17,0,202,,10285,15,0,17,0,100,,10286,15,0,17,0,200,,10293,15,0,17,0,199,,10294,15,0,17,0
701,'5289',1613,,10267,15,0,17,0
701,'5454',911,,10280,15,0,17,0,100,,11473,15,0,17,0,197,,10272,15,0,17,0,102,,10271,15,0,17,0,101,,11472,15,0,17,0,101,,10269,15,0,17,0,100,,10281,15,0,17,0,200,,10276,15,0,17,0,99,,10270,15,0,17,0,100,,10268,15,0,17,0
701,'5568',1613,,10299,15,0,17,0
701,'5658',707,,11877,15,0,17,0,102,,11880,15,0,17,0,302,,11878,15,0,17,0,601,,11879,15,0,17,0
701,'5659',609,,11873,2,0,17,0,205,,11871,15,0,17,0,98,,11872,15,0,17,0,731,,11875,15,0,17,0,198,,11876,15,0,17,0,69,,11874,15,0,17,0
701,'5660',609,,12467,2,0,17,0,205,,12465,15,0,17,0,98,,12466,15,0,17,0,731,,12469,15,0,17,0,198,,12470,15,0,17,0,69,,12468,15,0,17,0
701,'5661',707,,12471,15,0,17,0,102,,12474,15,0,17,0,302,,12472,15,0,17,0,601,,12473,15,0,17,0
701,'5663',1111,,12475,15,0,17,0,300,,12476,15,0,17,0,301,,12481,15,0,17,0,199,,12477,15,0,17,0,200,,12479,15,0,17,0,99,,12478,15,0,17,0,100,,12480,15,0,17,0
