701,'4614',711,,10262,19,,,0,37,,11476,19,,,0,267,,10259,19,,,0,100,,10265,19,,,0,96,,10247,19,,,0,103,,11474,19,,,0,101,,10255,19,,,0,100,,10249,19,,,0,201,,10263,19,,,0,28,,10266,19,,,0,70,,10258,19,,,0,199,,10257,19,,,0,100,,10260,19,,,0,100,,10261,19,,,0,100,,10246,19,,,0
701,'4616',710,,10287,19,,,0,102,,10297,19,,,0,102,,10288,19,,,0,100,,10292,19,,,0,197,,10289,19,,,0,102,,10290,19,,,0,202,,10285,19,,,0,100,,10286,19,,,0,200,,10293,19,,,0,199,,10294,19,,,0
701,'5289',1616,,10267,19,,,0
701,'5454',914,,10280,19,,,0,100,,11473,19,,,0,197,,10272,19,,,0,102,,10271,19,,,0,101,,11472,19,,,0,101,,10269,19,,,0,100,,10281,19,,,0,200,,10276,19,,,0,99,,10270,19,,,0,100,,10268,19,,,0
701,'5568',1616,,10299,19,,,0
701,'5658',710,,11877,19,,,0,102,,11880,19,,,0,302,,11878,19,,,0,601,,11879,19,,,0
701,'5659',612,,11873,6,,,0,205,,11871,19,,,0,98,,11872,19,,,0,731,,11875,19,,,0,198,,11876,19,,,0,69,,11874,19,,,0
701,'5660',612,,12467,6,,,0,205,,12465,19,,,0,98,,12466,19,,,0,731,,12469,19,,,0,198,,12470,19,,,0,69,,12468,19,,,0
701,'5661',710,,12471,19,,,0,102,,12474,19,,,0,302,,12472,19,,,0,601,,12473,19,,,0
701,'5663',1114,,12475,19,,,0,300,,12476,19,,,0,301,,12481,19,,,0,199,,12477,19,,,0,200,,12479,19,,,0,99,,12478,19,,,0,100,,12480,19,,,0
