4000,'4614',631,,10853,10,,,0,15,,10879,10,,,0,78,,10880,10,0,6 7,0,7,,11643,10,,,0,11,,10884,10,0,6 7,0,68,,11648,10,0,6 7,0,92,,10831,10,,,0,15,,11644,10,,,0,100,,10860,10,,,0,200,,10864,10,,,0,215,,10841,10,,,0,570,,10827,10,,,0,30,,10825,10,,,0
4000,'4616',731,,10937,10,,,0,70,,10938,10,,,0,30,,10939,10,,,0,472,,10914,10,,,0,100,,10917,10,,,0,30,,11638,10,,,0,70,,10929,10,,,0,30,,10924,10,,,0,70,,10911,10,,,0
4000,'4619',1717,,12075,10,,,0
4000,'4931',1717,,12076,10,,,0
4000,'5454',932,,10892,10,,,0,100,,10894,10,,,0,500,,10904,10,,,0,70,,10905,10,,,0
4000,'5658',701,,12077,10,,,0,100,,12079,10,,,0,100,,12081,10,,,0,101,,12082,10,,,0,100,,12083,10,,,0,30,,12084,10,,,0,70,,12085,10,,,0,30,,12086,10,,,0,71,,12087,10,,,0,30,,12088,10,,,0,70,,12089,10,,,0,31,,12090,10,,,0,68,,12091,10,,,0,130,,12092,10,,,0,70,,12093,10,,,0,29,,12094,10,,,0,71,,12095,10,,,0,30,,12096,10,,,0,70,,12078,10,,,0,30,,12080,10,,,0
4000,'5659',601,,12051,10,,,0,100,,12052,10,,,0,15,,12072,10,,,0,22,,12073,10,0,6 7,0,9,,12071,10,,,0,8,,12074,10,0,6 7,0,47,,12053,10,,,0,15,,12070,10,,,0,15,,12031,10,,,0,15,,12054,10,,,0,85,,12032,10,,,0,15,,12055,10,,,0,55,,12033,10,,,0,30,,12034,10,,,0,15,,12056,10,,,0,55,,12035,10,,,0,15,,12057,10,,,0,15,,12036,10,,,0,15,,12058,10,,,0,55,,12037,10,,,0,30,,12038,10,,,0,15,,12059,10,,,0,55,,12039,10,,,0,15,,12060,10,,,0,15,,12040,10,,,0,15,,12061,10,,,0,55,,12041,10,,,0,15,,12062,10,,,0,30,,12063,10,,,0,55,,12042,10,,,0,15,,12064,10,,,0,15,,12043,10,,,0,15,,12065,10,,,0,55,,12044,10,,,0,15,,12066,10,,,0,15,,12045,10,,,0,15,,12067,10,,,0,55,,12046,10,,,0,30,,12047,10,,,0,15,,12068,10,,,0,55,,12048,10,,,0,30,,12049,10,,,0,70,,12050,10,,,0,30,,12028,10,,,0,170,,12029,10,,,0,29,,12027,10,,,0,70,,12030,10,,,0,30,,12026,10,,,0,69,,12069,10,,,0
4000,'5660',601,,12609,10,,,0,100,,12610,10,,,0,15,,12630,10,,,0,22,,12631,10,0,6 7,0,9,,12629,10,,,0,8,,12632,10,0,6 7,0,47,,12611,10,,,0,15,,12628,10,,,0,15,,12589,10,,,0,15,,12612,10,,,0,85,,12590,10,,,0,15,,12613,10,,,0,55,,12591,10,,,0,30,,12592,10,,,0,15,,12614,10,,,0,55,,12593,10,,,0,15,,12615,10,,,0,15,,12594,10,,,0,15,,12616,10,,,0,55,,12595,10,,,0,30,,12596,10,,,0,15,,12617,10,,,0,55,,12597,10,,,0,15,,12618,10,,,0,15,,12598,10,,,0,15,,12619,10,,,0,55,,12599,10,,,0,15,,12620,10,,,0,30,,12621,10,,,0,55,,12600,10,,,0,15,,12622,10,,,0,15,,12601,10,,,0,15,,12623,10,,,0,55,,12602,10,,,0,15,,12624,10,,,0,15,,12603,10,,,0,15,,12625,10,,,0,55,,12604,10,,,0,30,,12605,10,,,0,15,,12626,10,,,0,55,,12606,10,,,0,30,,12607,10,,,0,70,,12608,10,,,0,30,,12586,10,,,0,170,,12587,10,,,0,29,,12585,10,,,0,70,,12588,10,,,0,30,,12584,10,,,0,69,,12627,10,,,0
4000,'5661',701,,12633,10,,,0,100,,12635,10,,,0,100,,12637,10,,,0,101,,12638,10,,,0,100,,12639,10,,,0,30,,12640,10,,,0,70,,12641,10,,,0,30,,12642,10,,,0,71,,12643,10,,,0,30,,12644,10,,,0,70,,12645,10,,,0,31,,12646,10,,,0,68,,12647,10,,,0,130,,12648,10,,,0,70,,12649,10,,,0,29,,12650,10,,,0,71,,12651,10,,,0,30,,12652,10,,,0,70,,12634,10,,,0,30,,12636,10,,,0
4000,'5663',631,,12672,10,,,0,270,,12673,10,,,0,31,,12661,10,,,0,70,,12658,10,,,0,30,,12656,10,,,0,70,,12665,10,,,0,30,,12671,10,,,0,71,,12653,10,,,0,30,,12657,10,,,0,100,,12667,10,,,0,300,,12659,10,,,0,69,,12660,10,,,0,30,,12664,10,,,0,70,,12662,10,,,0,30,,12666,10,,,0,70,,12669,10,,,0,30,,12655,10,,,0,70,,12663,10,,,0,100,,12668,10,,,0,100,,12654,10,,,0,99,,12670,10,,,0
