501,'4614',811,,10111,31,,,0,31,,10118,31,,,0,98,,10100,31,,,0,100,,10117,31,,,0,100,,10105,31,,,0,188,,10103,31,,,0,101,,10110,31,,,0,95,,10101,31,,,0,214,,10116,31,,,0,96,,10108,31,,,0,98,,10106,31,,,0,298,,10112,31,,,0
501,'4616',735,,10134,31,,,0,201,,10148,31,,,0,100,,10133,31,,,0,101,,10135,31,,,0,103,,10136,31,,,0,100,,10137,31,,,0,101,,10138,31,,,0,300,,10141,31,,,0,489,,10145,31,,,0,99,,10147,31,,,0
501,'5454',1137,,10120,31,,,0,100,,10121,31,,,0,100,,10127,31,,,0,100,,10122,31,,,0,100,,10132,31,,,0,295,,10129,31,,,0,99,,10126,31,,,0
501,'5658',835,,11842,31,,,0,101,,11838,31,,,0,100,,11839,31,,,0,601,,11841,31,,,0,100,,11840,31,,,0
501,'5659',627,,11832,19,,,0,110,,11837,31,,,0,505,,11831,31,,,0,397,,11833,31,,,0,392,,11834,31,,,0,100,,11835,31,,,0,198,,11836,31,,,0
501,'5660',627,,12428,19,,,0,110,,12433,31,,,0,505,,12427,31,,,0,397,,12429,31,,,0,392,,12430,31,,,0,100,,12431,31,,,0,198,,12432,31,,,0
501,'5661',835,,12438,31,,,0,101,,12434,31,,,0,100,,12435,31,,,0,601,,12437,31,,,0,100,,12436,31,,,0
501,'5663',1541,,12439,31,,,0,101,,12440,31,,,0,190,,12445,31,,,0,99,,12441,31,,,0,100,,12442,31,,,0,99,,12443,31,,,0
1500,'4614',914,,10456,12,,,0,94,,10457,12,,,0,30,,10461,12,,,0,72,,10459,12,,,0,31,,10460,12,,,0,71,,10458,12,,,0,103,,10465,12,,,0,28,,10464,12,,,0,74,,10463,12,,,0,24,,10462,12,,,0,403,,10466,12,,,0,100,,10467,12,,,0,99,,10468,12,,,0
1500,'4616',939,,10494,12,,,0,100,,10492,12,,,0,105,,10488,12,,,0,101,,10487,12,,,0,101,,10485,12,,,0,101,,10490,12,,,0,100,,10491,12,,,0,99,,10495,12,,,0,199,,10483,12,,,0,101,,10486,12,,,0,100,,11584,12,,,0
1500,'5454',739,,10477,12,,,0,199,,10481,12,,,0,101,,10474,12,,,0,206,,10478,12,,,0,100,,10470,12,,,0,102,,10473,12,,,0,100,,10469,12,,,0,100,,10479,12,,,0,100,,10480,12,,,0,99,,10475,12,,,0
1500,'5658',840,,11943,12,,,0,304,,11942,12,,,0,802,,11941,12,,,0
1500,'5659',938,,11940,12,,,0
1500,'5660',938,,12508,12,,,0
1500,'5661',840,,12511,12,,,0,304,,12510,12,,,0,802,,12509,12,,,0
1500,'5663',739,,12514,12,,,0,101,,12513,12,,,0,906,,12512,12,,,0
1001500,'4614',740,,11343,17,,,0,71,,11341,17,,,0,432,,11345,17,,,0,274,,11351,17,,,0,26,,11347,17,,,0,70,,11346,17,,,0,31,,11348,17,,,0,75,,11349,17,,,0,24,,11350,17,,,0
1001500,'5289',842,,12876,17,,,0
1001500,'5659',700,,12326,17,,,0,142,,12328,17,,,0
1001500,'5660',700,,12877,17,,,0
1001500,'5662',842,,12878,17,,,0
