2000,'4614',556,,10539,19,0,9 12 2 5,0,101,,10540,19,0,9 12 2 5,0,143,,10541,19,0,9 12 2 5,0,59,,10534,19,,,0,200,,10542,19,,,0,241,,10544,19,,,0,100,,10535,19,,,0,206,,10545,19,,,0,97,,10546,19,,,0,99,,10536,19,,,0,151,,10537,19,0,9 12 2 5,0,198,,10538,19,0,9 12 2 5,0
2000,'4616',859,,10562,19,,,0,242,,10563,19,,,0,200,,10555,19,,,0,100,,10557,19,,,0,101,,10565,19,,,0,100,,10558,19,,,0,100,,10556,19,,,0,57,,10560,19,,,0,195,,10559,19,0,9 12 2 5,0,198,,10564,19,0,9 12 2 5,0
2000,'5289',959,,11956,19,,,0,241,,11955,19,,,0
2000,'5454',858,,10548,19,0,9 12 2 5,0,242,,10551,19,0,9 12 2 5,0,201,,10550,19,0,9 12 2 5,0,201,,10552,19,0,9 12 2 5,0,200,,10549,19,0,9 12 2 5,0,255,,10553,19,0,9 12 2 5,0
2000,'5568',959,,11958,19,,,0,241,,11957,19,,,0
2000,'5640',759,,11961,19,,,0,241,,11960,19,,,0,201,,11959,19,,,0
9200,'4619',1411,,12319,15,,,0,2,,12318,15,,,0
9200,'5289',1520,,12320,15,,,0,2,,11283,15,,,0
9200,'5299',1427,,12321,15,,,0,2,,11286,15,,,0
1002000,'4614',629,,11370,25,,,0,112,,11371,25,,,0,87,,12333,25,,,0,103,,11372,25,,,0,100,,11738,25,,,0,100,,12331,25,,,0,101,,11739,25,,,0,100,,11367,25,,,0,103,,11373,25,,,0,89,,12332,25,,,0,16,,11369,25,,,0,185,,11374,25,,,0,329,,11375,25,,,0,199,,11376,25,,,0
1002000,'4616',624,,11389,25,,,0,200,,11388,25,,,0,200,,11391,25,,,0,101,,11392,25,,,0,100,,11393,25,,,0,201,,11395,25,,,0,100,,11400,25,,,0,100,,11396,25,,,0,98,,11397,25,,,0,135,,11398,25,,,0,196,,11399,25,,,0,198,,11387,25,,,0
1002000,'5299',1628,,11378,25,,,0,230,,11379,25,,,0
1002000,'5454',700,,11737,25,,,0,100,,11386,25,,,0,201,,11381,25,,,0,201,,11382,25,,,0,200,,11383,25,,,0,201,,11384,25,,,0,200,,11385,25,,,0
1002000,'5567',1628,,11402,25,,,0,230,,11403,25,,,0
1002000,'5640',724,,12336,25,,,0,200,,12334,25,,,0,401,,12335,25,,,0
