2000,'4614',600,,10539,26,0,9 12 2 5,0,101,,10540,26,0,9 12 2 5,0,105,,10541,26,0,9 12 2 5,0,97,,10534,26,,,0,200,,10542,26,,,0,201,,10544,26,,,0,100,,10535,26,,,0,207,,10545,26,,,0,97,,10546,26,,,0,98,,10536,26,,,0,151,,10537,26,0,9 12 2 5,0,198,,10538,26,0,9 12 2 5,0
2000,'4616',803,,11961,26,,,0,100,,10562,26,,,0,101,,11960,26,,,0,101,,10563,26,,,0,100,,11959,26,,,0,100,,10555,26,,,0,100,,10557,26,,,0,101,,10565,26,,,0,100,,10558,26,,,0,100,,10556,26,,,0,97,,10560,26,,,0,155,,10559,26,0,9 12 2 5,0,198,,10564,26,0,9 12 2 5,0
2000,'5289',1003,,11956,26,,,0,201,,11955,26,,,0
2000,'5454',902,,10548,26,0,9 12 2 5,0,202,,10551,26,0,9 12 2 5,0,201,,10550,26,0,9 12 2 5,0,202,,10552,26,0,9 12 2 5,0,200,,10549,26,0,9 12 2 5,0,294,,10553,26,0,9 12 2 5,0
2000,'5568',1003,,11958,26,,,0,201,,11957,26,,,0
9200,'4619',1416,,12319,22,,,0,2,,12318,22,,,0
9200,'5289',1525,,12320,22,,,0,2,,11283,22,,,0
9200,'5299',1432,,12321,22,,,0,2,,11286,22,,,0
1002000,'4614',633,,11370,32,,,0,113,,11371,32,,,0,86,,12333,32,,,0,103,,11372,32,,,0,100,,11738,32,,,0,100,,12331,32,,,0,101,,11739,32,,,0,100,,11367,32,,,0,105,,11373,32,,,0,89,,12332,32,,,0,15,,11369,32,,,0,185,,11374,32,,,0,328,,11375,32,,,0,199,,11376,32,,,0
1002000,'4616',628,,11389,32,,,0,100,,12336,32,,,0,100,,11388,32,,,0,100,,12334,32,,,0,100,,11391,32,,,0,101,,11392,32,,,0,100,,11393,32,,,0,100,,12335,32,,,0,101,,11395,32,,,0,100,,11400,32,,,0,100,,11396,32,,,0,98,,11397,32,,,0,175,,11398,32,,,0,156,,11399,32,,,0,198,,11387,32,,,0
1002000,'5299',1633,,11378,32,,,0,269,,11379,32,,,0
1002000,'5454',704,,11737,32,,,0,100,,11386,32,,,0,201,,11381,32,,,0,201,,11382,32,,,0,200,,11383,32,,,0,202,,11384,32,,,0,199,,11385,32,,,0
1002000,'5567',1633,,11402,32,,,0,269,,11403,32,,,0
