801,'4614',618,,11891,42,,,0,137,,10318,27,,,0,70,,10304,42,,,0,96,,11479,42,,,0,200,,10300,42,,,0,107,,10310,42,,,0,102,,10303,42,,,0,202,,10306,42,,,0,101,,10305,42,,,0,99,,10316,42,,,0,99,,10308,42,,,0,98,,10309,42,,,0,100,,10307,42,,,0,99,,10313,42,,,0,99,,10314,42,,,0,99,,10317,42,,,0
801,'4616',715,,10335,42,,,0,304,,10337,42,,,0,101,,10338,42,,,0,107,,10346,42,,,0,102,,10347,42,,,0,202,,10340,42,,,0,100,,10341,42,,,0,100,,10349,42,,,0,199,,10334,42,,,0,100,,10343,42,,,0,98,,11477,42,,,0,99,,10345,42,,,0
801,'5289',1552,,10319,42,0,24 25 26 7,0
801,'5454',817,,10325,42,,,0,202,,10323,42,,,0,101,,10327,42,,,0,209,,10328,42,,,0,202,,10322,42,,,0,100,,10333,42,,,0,100,,10320,42,,,0,100,,10321,42,,,0,99,,10331,42,,,0,100,,10330,42,,,0
801,'5568',1452,,10350,42,0,24 25 26 7,0
801,'5658',715,,11892,27,,,0,204,,11895,42,,,0,308,,11893,42,,,0,203,,11894,42,,,0
801,'5659',717,,11888,42,,,0,304,,11890,42,,,0,411,,11889,42,,,0
801,'5660',717,,12482,42,,,0,304,,12484,42,,,0,411,,12483,42,,,0
801,'5661',715,,12485,27,,,0,204,,12488,42,,,0,308,,12486,42,,,0,203,,12487,42,,,0
801,'5663',817,,12492,42,,,0,102,,12489,42,,,0,511,,12490,42,,,0,401,,12491,42,,,0
