2500,'4528',819,,9431,27,4,,0,207,,9432,27,,,0,226,,9433,27,4,,0,165,,8098,27,,,0,333,,9434,27,,,0
2500,'4532',1240,,8102,27,,,0,775,,8100,27,,,0
2500,'5221',1240,,8107,27,,,0,515,,8108,27,4,,0,260,,8109,27,,,0
2500,'5560',815,,8105,27,4,,0,210,,8106,27,,,0
2500,'5562',815,,9435,27,4,,0,210,,9436,27,,,0,730,,9437,27,4,,0
2500,'5563',815,,9438,27,4,,0,210,,9439,27,,,0
4000,'4528',644,,8346,52,,,0,70,,9609,52,,,0,31,,9610,52,,,0,72,,9611,52,,,0,30,,9612,52,,,0,70,,9592,52,,,0,30,,9593,52,,,0,70,,8327,52,,,0,30,,8328,52,,,0,70,,9594,52,,,0,31,,9595,52,,,0,70,,9596,52,,,0,30,,9597,52,,,0,100,,8333,52,,,0,70,,9598,52,,,0,30,,9600,52,,,0,70,,9599,52,,,0,30,,9601,52,,,0,70,,9602,52,,,0,30,,9603,52,,,0,70,,9604,52,,,0,30,,8341,52,,,0,70,,9605,52,,,0,37,,9606,52,,,0,70,,9607,52,,,0,30,,9608,52,,,0,70,,8321,52,,,0,30,,8322,52,,,0,72,,8320,52,,,0,29,,9590,52,,,0,70,,8319,52,,,0,29,,9591,52,,,0,71,,9589,52,,,0
4000,'4532',833,,8363,52,,,0,77,,8355,52,,,0,292,,8359,52,,,0,111,,8351,52,,,0,145,,8369,52,,,0,152,,8358,52,,,0,32,,8364,52,,,0,481,,8366,52,,,0,203,,8367,52,,,0
4000,'4623',1318,,9613,52,,,0
4000,'5221',909,,8394,52,,,0,142,,8397,52,,,0,157,,8379,52,,,0,28,,8398,52,,,0,110,,8393,52,,,0,110,,8385,52,,,0,150,,8382,52,,,0,35,,8390,52,,,0,185,,8380,52,,,0,109,,8386,52,,,0,75,,8395,52,,,0
4000,'5222',1318,,9614,52,,,0
4000,'5560',751,,8384,52,,,0,265,,8381,52,,,0,107,,8383,52,,,0,188,,8392,52,,,0,110,,8388,52,,,0,108,,8387,52,,,0,187,,8389,52,,,0,35,,8396,52,,,0,150,,8391,52,,,0
4000,'5562',726,,9625,52,,,0,32,,9630,52,,,0,185,,9626,52,,,0,74,,9615,52,,,0,37,,9624,52,,,0,73,,9616,52,,,0,110,,9622,52,,,0,111,,9618,52,,,0,75,,9620,52,,,0,110,,9629,52,,,0,184,,9628,52,,,0,39,,9627,52,,,0,71,,9621,52,,,0,76,,9623,52,,,0,34,,9631,52,,,0,75,,9617,52,,,0,36,,9632,52,,,0,179,,9619,52,,,0
4000,'5563',751,,9635,52,,,0,265,,9633,52,,,0,107,,9634,52,,,0,188,,9640,52,,,0,110,,9637,52,,,0,108,,9636,52,,,0,187,,9638,52,,,0,35,,9641,52,,,0,150,,9639,52,,,0
