1501,'4614',832,,10497,2,,,0,94,,10499,2,,,0,29,,10496,2,,,0,67,,10500,2,,,0,30,,11587,2,,,0,70,,10502,2,,,0,134,,10505,2,,,0,71,,10504,2,,,0,531,,10507,2,,,0,99,,10506,2,,,0,100,,10508,2,,,0
1501,'4616',746,,10528,2,,,0,106,,10532,2,,,0,102,,10529,2,,,0,100,,10526,2,,,0,99,,10530,2,,,0,101,,10527,2,,,0,101,,10525,2,,,0,100,,10520,2,,,0,202,,10523,2,,,0,100,,10533,2,,,0,100,,10524,2,,,0,100,,10521,2,,,0,100,,10531,2,,,0
1501,'5289',856,,12515,2,,,0
1501,'5454',953,,10518,2,,,0,201,,10514,2,,,0,100,,10511,2,,,0,100,,10519,2,,,0,100,,10512,2,,,0,202,,10510,2,,,0,101,,10517,2,,,0
1501,'5658',746,,11950,2,,,0,307,,11949,2,,,0,503,,11951,2,,,0,301,,11952,2,,,0
1501,'5659',856,,11953,2,,,0,296,,11947,2,,,0
1501,'5660',1152,,12516,2,,,0
1501,'5661',746,,12518,2,,,0,307,,12517,2,,,0,503,,12519,2,,,0,301,,12520,2,,,0
1501,'5662',856,,12521,2,,,0
1501,'5663',1556,,12522,2,,,0
1001501,'4614',742,,12329,2,,,0,482,,11354,2,,,0,133,,11355,2,,,0,75,,11356,2,,,0,70,,11357,2,,,0,30,,11358,2,,,0,76,,11359,2,,,0,29,,11360,2,,,0,70,,11361,2,,,0,30,,11363,2,,,0,70,,11362,2,,,0
1001501,'5659',712,,12330,2,,,0
1001501,'5660',712,,12879,2,,,0
