2000,'4528',630,,9400,59,,,0,111,,9401,59,,,0,108,,9402,59,,,0,65,,9395,42,,,0,110,,8034,42,,,0,110,,9396,42,,,0,117,,8036,59,,,0,103,,9397,42,,,0,78,,9398,42,,,0,111,,8039,42,,,0,74,,8040,59,,,0,221,,9399,42,,,0,187,,8042,59,,,0,201,,8043,59,,,0
2000,'4532',837,,9411,42,,,0,112,,8055,42,,,0,102,,9412,42,,,0,158,,9405,42,,,0,108,,9406,42,,,0,112,,8050,42,,,0,111,,9408,42,,,0,109,,9407,42,,,0,103,,9410,42,,,0,253,,9409,59,,,0,217,,9413,59,,,0,102,,8054,59,,,0
2000,'4623',1735,,9403,59,,,0
2000,'5221',844,,8060,42,,,0,259,,9415,42,,,0,219,,9414,42,,,0,221,,8064,42,,,0,265,,8061,42,,,0
2000,'5222',1735,,9404,59,,,0
2500,'4528',815,,9431,24,0,5,0,207,,9432,24,,,0,226,,9433,24,0,5,0,165,,8098,24,,,0,333,,9434,24,,,0
2500,'4532',811,,9435,24,0,5,0,210,,9436,24,,,0,215,,8102,24,,,0,515,,9437,24,0,5,0,260,,8100,24,,,0
2500,'5221',811,,9438,24,0,5,0,210,,9439,24,,,0,215,,8107,24,,,0,515,,8108,24,0,5,0,260,,8109,24,,,0
1002000,'4528',655,,9847,48,,,0,149,,9848,48,,,0,144,,9849,48,,,0,261,,8793,48,,,0,110,,9850,48,,,0,331,,9851,48,,,0,152,,9852,48,,,0,111,,9853,48,,,0,213,,9854,65,,,0,200,,8799,65,,,0
1002000,'4532',703,,8805,65,,,0,112,,9860,65,,,0,110,,9859,65,,,0,109,,9862,65,,,0,115,,9863,65,,,0,106,,9861,65,,,0,101,,8802,65,,,0,152,,9864,65,,,0,116,,8803,65,,,0,110,,9865,65,,,0,125,,8804,65,,,0,263,,8800,65,,,0
1002000,'4623',1059,,9855,48,,,0,454,,9856,65,,,0
1002000,'5221',739,,9867,65,,,0,219,,8815,65,,,0,250,,8814,65,,,0,233,,8819,65,,,0,217,,9866,65,,,0,277,,8817,65,,,0
1002000,'5222',1059,,9857,48,,,0,454,,9858,65,,,0
