501,'4614',800,,10111,18,0,8,0,31,,10118,18,0,8,0,99,,10100,18,0,8,0,100,,10117,18,0,8,0,100,,10105,18,0,8,0,188,,10103,18,0,8,0,101,,10110,18,0,8,0,95,,10101,18,0,8,0,214,,10116,18,0,8,0,96,,10108,18,0,8,0,98,,10106,18,0,8,0,299,,10112,18,0,8,0,137,,10115,6,0,8,0
501,'4616',726,,10134,18,0,8,0,200,,10148,18,0,8,0,100,,10133,18,0,8,0,101,,10135,18,0,8,0,103,,10136,18,0,8,0,100,,10137,18,0,8,0,101,,10138,18,0,8,0,300,,10141,18,0,8,0,490,,10145,18,0,8,0,99,,10147,18,0,8,0
501,'5454',1127,,10120,18,0,8,0,100,,10121,18,0,8,0,100,,10127,18,0,8,0,100,,10122,18,0,8,0,100,,10132,18,0,8,0,295,,10129,18,0,8,0,100,,10126,18,0,8,0,115,,10124,18,0,8,0
501,'5658',826,,11842,18,0,8,0,100,,11838,18,0,8,0,100,,11839,18,0,8,0,601,,11841,18,0,8,0,100,,11840,18,0,8,0
501,'5659',618,,11832,6,0,8,0,110,,11837,18,0,8,0,504,,11831,18,0,8,0,397,,11833,18,0,8,0,392,,11834,18,0,8,0,100,,11835,18,0,8,0,199,,11836,18,0,8,0
501,'5660',618,,12428,6,0,8,0,110,,12433,18,0,8,0,504,,12427,18,0,8,0,397,,12429,18,0,8,0,392,,12430,18,0,8,0,100,,12431,18,0,8,0,199,,12432,18,0,8,0
501,'5661',826,,12438,18,0,8,0,100,,12434,18,0,8,0,100,,12435,18,0,8,0,601,,12437,18,0,8,0,100,,12436,18,0,8,0
501,'5663',1531,,12439,18,0,8,0,101,,12440,18,0,8,0,190,,12445,18,0,8,0,100,,12441,18,0,8,0,100,,12442,18,0,8,0,99,,12443,18,0,8,0,238,,12444,6,0,8,0
1501,'4614',836,,10497,6,,,0,93,,10499,6,,,0,29,,10496,6,,,0,67,,10500,6,,,0,30,,11587,6,,,0,70,,10502,6,,,0,134,,10505,6,,,0,71,,10504,6,,,0,571,,10507,6,,,0,99,,10506,6,,,0,100,,10508,6,,,0
1501,'4616',749,,10528,6,,,0,106,,10532,6,,,0,102,,10529,6,,,0,100,,10526,6,,,0,99,,10530,6,,,0,101,,10527,6,,,0,101,,10525,6,,,0,100,,10520,6,,,0,242,,10523,6,,,0,100,,10533,6,,,0,100,,10524,6,,,0,100,,10521,6,,,0,100,,10531,6,,,0
1501,'5289',859,,12515,6,,,0
1501,'5454',956,,10518,6,,,0,201,,10514,6,,,0,100,,10511,6,,,0,100,,10519,6,,,0,100,,10512,6,,,0,202,,10510,6,,,0,141,,10517,6,,,0
1501,'5658',749,,11950,6,,,0,307,,11949,6,,,0,503,,11951,6,,,0,341,,11952,6,,,0
1501,'5659',859,,11953,6,,,0,296,,11947,6,,,0
1501,'5660',1155,,12516,6,,,0
1501,'5661',749,,12518,6,,,0,307,,12517,6,,,0,503,,12519,6,,,0,341,,12520,6,,,0
1501,'5662',859,,12521,6,,,0
1501,'5663',1559,,12522,6,,,0
1001501,'4614',745,,12329,6,,,0,482,,11354,6,,,0,174,,11355,6,,,0,35,,11356,6,,,0,71,,11357,6,,,0,28,,11358,6,,,0,76,,11359,6,,,0,29,,11360,6,,,0,70,,11361,6,,,0,30,,11363,6,,,0,70,,11362,6,,,0
1001501,'5659',715,,12330,6,,,0
1001501,'5660',715,,12879,6,,,0
