2001,'4614',646,,10573,10,,,0,86,,10579,10,0,9 10 11,0,70,,10572,10,0,9 10 11,0,105,,10567,10,,,0,45,,10578,10,0,9 10 11,0,75,,10568,10,,,0,100,,10577,10,,,0,100,,10574,10,,,0,100,,10575,10,,,0,97,,10576,10,0,9 10 11,0,408,,10569,10,,,0,320,,10570,10,0,9 10 11,0,198,,10571,10,0,9 10 11,0
2001,'5289',1632,,10581,10,,,0
2001,'5299',1532,,10584,10,,,0,200,,10582,10,,,0,220,,10583,10,0,9 10 11,0
2001,'5544',751,,10590,10,,,0,201,,10585,10,,,0,200,,10587,10,,,0,200,,10586,10,,,0,201,,10588,10,,,0,199,,10589,10,,,0
2001,'5547',822,,10602,10,0,9 10 11,0,110,,10597,10,,,0,100,,10601,10,,,0,100,,10598,10,,,0,100,,10591,10,,,0,100,,10600,10,,,0,100,,10604,10,,,0,101,,10594,10,,,0,99,,10599,10,,,0,100,,10595,10,,,0,100,,10592,10,,,0,120,,10603,10,0,9 10 11,0,200,,10596,10,0,9 10 11,0,198,,10593,10,0,9 10 11,0
2001,'5567',1532,,10607,10,,,0,200,,10605,10,,,0,220,,10606,10,0,9 10 11,0
2001,'5568',1632,,10608,10,,,0
2501,'4614',820,,10624,10,,,0,302,,10625,11,,,0,179,,10626,10,,,0,222,,10627,11,,,0,399,,10628,11,,,0,90,,10629,10,,,0
2501,'5544',821,,10630,10,,,0,302,,10631,11,,,0,400,,10632,11,,,0,200,,10634,11,,,0,200,,10633,11,,,0
2501,'5547',821,,10636,10,,,0,302,,10638,11,,,0,400,,10637,11,,,0,200,,10639,11,,,0,200,,10635,11,,,0
1002001,'4614',706,,11408,10,,,0,126,,11409,10,,,0,100,,11410,10,,,0,125,,11411,10,,,0,100,,11404,10,,,0,100,,11405,10,,,0,95,,11412,10,,,0,100,,11406,10,,,0,100,,11407,10,,,0,100,,11413,10,,,0,100,,11414,10,,,0,100,,11415,10,,,0,200,,11416,10,,,0,199,,11417,10,,,0
1002001,'5544',852,,11418,10,,,0,200,,11419,10,,,0,200,,11420,10,,,0,200,,11421,10,,,0,200,,11422,10,,,0,200,,11424,10,,,0,200,,11423,10,,,0
1002001,'5547',721,,11438,10,,,0,131,,11425,10,,,0,100,,11426,10,,,0,100,,11427,10,,,0,100,,11428,10,,,0,100,,11437,10,,,0,100,,11429,10,,,0,100,,11430,10,,,0,100,,11431,10,,,0,100,,11432,10,,,0,100,,11433,10,,,0,100,,11434,10,,,0,200,,11435,10,,,0,199,,11436,10,,,0
