501,'4614',746,,10111,4,0,8,0,70,,10118,4,0,8,0,100,,10100,4,0,8,0,100,,10117,4,0,8,0,100,,10105,4,0,8,0,187,,10103,4,0,8,0,100,,10110,4,0,8,0,55,,10101,4,0,8,0,255,,10116,4,0,8,0,97,,10108,4,0,8,0,98,,10106,4,0,8,0,300,,10112,4,0,8,0
501,'4616',713,,10134,4,0,8,0,200,,10148,4,0,8,0,100,,10133,4,0,8,0,100,,10135,4,0,8,0,103,,10136,4,0,8,0,100,,10137,4,0,8,0,101,,10138,4,0,8,0,299,,10141,4,0,8,0,492,,10145,4,0,8,0,99,,10147,4,0,8,0
501,'5454',1113,,10120,4,0,8,0,100,,10121,4,0,8,0,100,,10127,4,0,8,0,100,,10122,4,0,8,0,100,,10132,4,0,8,0,295,,10129,4,0,8,0,100,,10126,4,0,8,0,115,,10124,4,0,8,0
501,'5658',813,,11842,4,0,8,0,100,,11838,4,0,8,0,100,,11839,4,0,8,0,600,,11841,4,0,8,0,100,,11840,4,0,8,0
501,'5659',715,,11837,4,0,8,0,503,,11831,4,0,8,0,395,,11833,4,0,8,0,395,,11834,4,0,8,0,100,,11835,4,0,8,0,199,,11836,4,0,8,0
501,'5660',715,,12433,4,0,8,0,503,,12427,4,0,8,0,395,,12429,4,0,8,0,395,,12430,4,0,8,0,100,,12431,4,0,8,0,199,,12432,4,0,8,0
501,'5661',813,,12438,4,0,8,0,100,,12434,4,0,8,0,100,,12435,4,0,8,0,600,,12437,4,0,8,0,100,,12436,4,0,8,0
501,'5663',1516,,12439,4,0,8,0,101,,12440,4,0,8,0,191,,12445,4,0,8,0,100,,12441,4,0,8,0,100,,12442,4,0,8,0,100,,12443,4,0,8,0
601,'4614',719,,11864,4,,,0,88,,11467,4,,,0,19,,11469,4,,,0,106,,10198,4,,,0,97,,11468,4,,,0,204,,10199,4,,,0,101,,10214,4,,,0,105,,10203,4,,,0,105,,10205,4,,,0,99,,10206,4,,,0,100,,10215,4,,,0,92,,10204,4,,,0,101,,10216,4,,,0,101,,10207,4,,,0,100,,10209,4,,,0,101,,10211,4,,,0,100,,10212,4,,,0
601,'4616',727,,10237,4,,,0,105,,10244,4,,,0,100,,10238,4,,,0,100,,10235,4,,,0,99,,10239,4,,,0,101,,10236,4,,,0,100,,10234,4,,,0,100,,10229,4,,,0,202,,10232,4,,,0,101,,10245,4,,,0,101,,10233,4,,,0,100,,10230,4,,,0,101,,10242,4,,,0,101,,10243,4,,,0,100,,11465,4,,,0
601,'5454',933,,10227,4,,,0,200,,10223,4,,,0,100,,10218,4,,,0,99,,10228,4,,,0,99,,10220,4,,,0,202,,10219,4,,,0,102,,10226,4,,,0,201,,10222,4,,,0
601,'5658',727,,11866,4,,,0,306,,11865,4,,,0,500,,11867,4,,,0,302,,11868,4,,,0
601,'5659',623,,11863,4,,,0,506,,11862,4,,,0
601,'5660',623,,12458,4,,,0,506,,12457,4,,,0
601,'5661',727,,12460,4,,,0,306,,12459,4,,,0,500,,12461,4,,,0,302,,12462,4,,,0
601,'5663',1533,,12463,4,,,0,807,,12464,4,,,0
