2001,'4614',658,,10573,27,,,0,144,,10579,44,,,0,2,,10580,8,,,0,28,,10572,44,,,0,88,,10567,27,,,0,99,,10578,44,,,0,21,,10568,27,,,0,201,,10574,27,,,0,100,,10575,27,,,0,115,,10576,44,,,0,388,,10569,27,,,0,373,,10570,44,,,0,196,,10571,44,,,0
2001,'4616',848,,10602,44,,,0,97,,10597,27,,,0,100,,10601,27,,,0,100,,10598,27,,,0,101,,10591,27,,,0,100,,10600,27,,,0,100,,10604,27,,,0,100,,10594,27,,,0,99,,10599,27,,,0,100,,10595,27,,,0,99,,10592,27,,,0,174,,10603,44,,,0,200,,10596,44,,,0,195,,10593,44,,,0
2001,'5289',1646,,10581,27,,,0
2001,'5299',1546,,10584,27,,,0,200,,10582,27,,,0,271,,10583,44,,,0
2001,'5454',803,,11592,27,,,0,202,,10585,27,,,0,201,,10587,27,,,0,200,,10586,27,,,0,201,,10588,27,,,0,199,,10589,27,,,0
2001,'5567',1546,,10607,27,,,0,200,,10605,27,,,0,271,,10606,44,,,0
2001,'5568',1646,,10608,27,,,0
2001,'5608',1140,,10577,27,,,0
2001,'5611',1140,,11593,27,,,0
1002001,'4614',718,,11408,27,,,0,183,,11409,44,,,0,309,,11404,27,,,0,101,,11405,27,,,0,112,,11412,44,,,0,100,,11406,44,,,0,98,,11407,44,,,0,99,,11413,44,,,0,100,,11414,44,,,0,98,,11415,44,,,0,199,,11416,44,,,0,198,,11417,44,,,0
1002001,'4616',746,,11438,44,,,0,172,,11425,44,,,0,100,,11426,44,,,0,100,,11427,44,,,0,100,,11428,44,,,0,101,,11437,44,,,0,100,,11429,44,,,0,100,,11430,44,,,0,100,,11431,44,,,0,100,,11432,44,,,0,100,,11433,44,,,0,99,,11434,44,,,0,200,,11435,44,,,0,198,,11436,44,,,0
1002001,'5454',918,,11418,44,,,0,201,,11419,44,,,0,201,,11420,44,,,0,200,,11421,44,,,0,200,,11422,44,,,0,199,,11424,44,,,0,198,,11423,44,,,0
1002001,'5568',1110,,11740,27,,,0
1002001,'5602',1110,,11741,27,,,0
1002001,'5608',945,,11410,27,,,0
1002001,'5611',945,,11742,27,,,0
