3001,'4614',628,,10741,21,,,0,30,,10734,21,,,0,143,,10736,21,,,0,17,,10739,21,,,0,16,,10738,21,,,0,71,,10735,21,,,0,129,,10713,21,,,0,70,,11604,21,,,0,30,,10714,21,,,0,70,,10716,21,,,0,30,,10718,21,,,0,70,,10720,21,,,0,102,,10717,21,,,0,30,,10722,21,,,0,70,,10719,21,,,0,99,,10723,21,,,0,199,,10725,21,,,0,29,,10726,21,,,0,70,,10727,21,,,0,199,,10730,21,,,0,100,,10731,21,,,0,99,,10728,21,,,0,100,,10732,21,,,0
3001,'4616',733,,10757,21,,,0,100,,10758,21,,,0,100,,10759,21,,,0,71,,10760,21,,,0,30,,10761,21,,,0,70,,10762,21,,,0,30,,10763,21,,,0,101,,10765,21,,,0,70,,10766,21,,,0,30,,10767,21,,,0,70,,10768,21,,,0,30,,10769,21,,,0,100,,10771,21,,,0,70,,10772,21,,,0,99,,10774,21,,,0,129,,10777,21,,,0,70,,10778,21,,,0,200,,10780,21,,,0,298,,10783,21,,,0
3001,'5289',1536,,10743,21,,,0,169,,10742,21,,,0
3001,'5454',1004,,10746,21,,,0,100,,10747,21,,,0,201,,10749,21,,,0,100,,10750,21,,,0,200,,10752,21,,,0,100,,10753,21,,,0,197,,10755,21,,,0,100,,10756,21,,,0
3001,'5568',1536,,10785,21,,,0,169,,10784,21,,,0
3001,'5658',802,,12002,21,,,0,101,,12003,21,,,0,302,,12004,21,,,0,300,,12005,21,,,0,299,,12006,21,,,0
3001,'5659',728,,11999,21,,,0,121,,12001,21,,,0,85,,11994,21,,,0,70,,11995,21,,,0,332,,11996,21,,,0,299,,12000,21,,,0,100,,11997,21,,,0,268,,11998,21,,,0
3001,'5660',728,,12564,21,,,0,121,,12566,21,,,0,85,,12559,21,,,0,70,,12560,21,,,0,332,,12561,21,,,0,299,,12565,21,,,0,100,,12562,21,,,0,268,,12563,21,,,0
3001,'5661',802,,12567,21,,,0,101,,12568,21,,,0,302,,12569,21,,,0,300,,12570,21,,,0,299,,12571,21,,,0
3001,'5663',1205,,12572,21,,,0,300,,12573,21,,,0,130,,12574,21,,,0,100,,12575,21,,,0,68,,12576,21,,,0,200,,12577,21,,,0,199,,12578,21,,,0,99,,12579,21,,,0
