3001,'4614',625,,10741,18,,,0,30,,10734,18,,,0,103,,10736,18,,,0,57,,10739,18,,,0,16,,10738,18,,,0,71,,10735,18,,,0,129,,10713,18,,,0,70,,11604,18,,,0,30,,10714,18,,,0,70,,10716,18,,,0,30,,10718,18,,,0,70,,10720,18,,,0,102,,10717,18,,,0,30,,10722,18,,,0,70,,10719,18,,,0,99,,10723,18,,,0,199,,10725,18,,,0,29,,10726,18,,,0,70,,10727,18,,,0,159,,10730,18,,,0,100,,10731,18,,,0,99,,10728,18,,,0,100,,10732,18,,,0
3001,'4616',730,,10757,18,,,0,100,,10758,18,,,0,100,,10759,18,,,0,71,,10760,18,,,0,30,,10761,18,,,0,70,,10762,18,,,0,30,,10763,18,,,0,101,,10765,18,,,0,70,,10766,18,,,0,30,,10767,18,,,0,70,,10768,18,,,0,30,,10769,18,,,0,100,,10771,18,,,0,70,,10772,18,,,0,99,,10774,18,,,0,129,,10777,18,,,0,70,,10778,18,,,0,200,,10780,18,,,0,258,,10783,18,,,0
3001,'5289',1533,,10743,18,,,0,169,,10742,18,,,0
3001,'5454',1001,,10746,18,,,0,100,,10747,18,,,0,201,,10749,18,,,0,100,,10750,18,,,0,200,,10752,18,,,0,100,,10753,18,,,0,157,,10755,18,,,0,100,,10756,18,,,0
3001,'5568',1533,,10785,18,,,0,169,,10784,18,,,0
3001,'5658',759,,12002,18,,,0,141,,12003,18,,,0,302,,12004,18,,,0,300,,12005,18,,,0,299,,12006,18,,,0
3001,'5659',725,,11999,18,,,0,121,,12001,18,,,0,85,,11994,18,,,0,70,,11995,18,,,0,332,,11996,18,,,0,299,,12000,18,,,0,100,,11997,18,,,0,268,,11998,18,,,0
3001,'5660',725,,12564,18,,,0,121,,12566,18,,,0,85,,12559,18,,,0,70,,12560,18,,,0,332,,12561,18,,,0,299,,12565,18,,,0,100,,12562,18,,,0,268,,12563,18,,,0
3001,'5661',759,,12567,18,,,0,141,,12568,18,,,0,302,,12569,18,,,0,300,,12570,18,,,0,299,,12571,18,,,0
3001,'5663',1202,,12572,18,,,0,300,,12573,18,,,0,130,,12574,18,,,0,100,,12575,18,,,0,68,,12576,18,,,0,200,,12577,18,,,0,159,,12578,18,,,0,99,,12579,18,,,0
