801,'4614',614,,11891,39,,,0,137,,10318,24,,,0,70,,10304,39,,,0,96,,11479,39,,,0,200,,10300,39,,,0,107,,10310,39,,,0,102,,10303,39,,,0,202,,10306,39,,,0,101,,10305,39,,,0,99,,10316,39,,,0,99,,10308,39,,,0,99,,10309,39,,,0,100,,10307,39,,,0,99,,10313,39,,,0,99,,10314,39,,,0,99,,10317,39,,,0
801,'4616',712,,10335,39,,,0,304,,10337,39,,,0,101,,10338,39,,,0,107,,10346,39,,,0,102,,10347,39,,,0,202,,10340,39,,,0,100,,10341,39,,,0,100,,10349,39,,,0,199,,10334,39,,,0,100,,10343,39,,,0,98,,11477,39,,,0,99,,10345,39,,,0
801,'5289',1548,,10319,39,0,24 25 26 7,0
801,'5454',814,,10325,39,,,0,202,,10323,39,,,0,101,,10327,39,,,0,209,,10328,39,,,0,202,,10322,39,,,0,100,,10333,39,,,0,100,,10320,39,,,0,100,,10321,39,,,0,99,,10331,39,,,0,100,,10330,39,,,0
801,'5568',1448,,10350,39,0,24 25 26 7,0
801,'5658',712,,11892,24,,,0,204,,11895,39,,,0,308,,11893,39,,,0,203,,11894,39,,,0
801,'5659',713,,11888,39,,,0,304,,11890,39,,,0,411,,11889,39,,,0
801,'5660',713,,12482,39,,,0,304,,12484,39,,,0,411,,12483,39,,,0
801,'5661',712,,12485,24,,,0,204,,12488,39,,,0,308,,12486,39,,,0,203,,12487,39,,,0
801,'5663',814,,12492,39,,,0,102,,12489,39,,,0,511,,12490,39,,,0,401,,12491,39,,,0
