501,'4614',743,,10111,1,0,8,0,70,,10118,1,0,8,0,20,,10111,49,4,,0,69,,10118,49,4,,0,11,,10100,1,0,8,0,46,,10100,49,4,,0,54,,10117,1,0,8,0,46,,10117,49,4,,0,54,,10105,1,0,8,0,46,,10105,49,4,,0,141,,10103,1,0,8,0,48,,10103,49,4,,0,52,,10110,1,0,8,0,49,,10110,49,4,,0,6,,10101,1,0,8,0,89,,10101,49,4,,0,166,,10116,1,0,8,0,46,,10116,49,4,,0,51,,10108,1,0,8,0,45,,10108,49,4,,0,53,,10106,1,0,8,0,45,,10106,49,4,,0,255,,10112,1,0,8,0,41,,10112,49,4,,0
501,'4616',710,,10134,1,0,8,0,43,,10134,49,4,,0,157,,10148,1,0,8,0,44,,10148,49,4,,0,56,,10133,1,0,8,0,44,,10133,49,4,,0,56,,10135,1,0,8,0,46,,10135,49,4,,0,57,,10136,1,0,8,0,46,,10136,49,4,,0,54,,10137,1,0,8,0,46,,10137,49,4,,0,55,,10138,1,0,8,0,86,,10138,49,4,,0,213,,10141,1,0,8,0,87,,10141,49,4,,0,405,,10145,1,0,8,0,41,,10145,49,4,,0,59,,10147,1,0,8,0,40,,10147,49,4,,0
501,'5454',1110,,10120,1,0,8,0,44,,10120,49,4,,0,56,,10121,1,0,8,0,45,,10121,49,4,,0,55,,10127,1,0,8,0,45,,10127,49,4,,0,55,,10122,1,0,8,0,45,,10122,49,4,,0,55,,10132,1,0,8,0,45,,10132,49,4,,0,250,,10129,1,0,8,0,44,,10129,49,4,,0,56,,10126,1,0,8,0,42,,10126,49,4,,0,73,,10124,1,0,8,0
501,'5658',810,,11842,1,0,8,0,42,,11842,49,4,,0,58,,11838,1,0,8,0,43,,11838,49,4,,0,57,,11839,1,0,8,0,43,,11839,49,4,,0,557,,11841,1,0,8,0,45,,11841,49,4,,0,55,,11840,1,0,8,0,45,,11840,49,4,,0
501,'5659',645,,11832,37,4,,0,67,,11837,1,0,8,0,44,,11837,49,4,,0,459,,11831,1,0,8,0,87,,11831,49,4,,0,308,,11833,1,0,8,0,49,,11833,49,4,,0,346,,11834,1,0,8,0,43,,11834,49,4,,0,57,,11835,1,0,8,0,42,,11835,49,4,,0,158,,11836,1,0,8,0,40,,11836,49,4,,0
501,'5660',645,,12428,37,4,,0,67,,12433,1,0,8,0,44,,12433,49,4,,0,459,,12427,1,0,8,0,87,,12427,49,4,,0,308,,12429,1,0,8,0,49,,12429,49,4,,0,346,,12430,1,0,8,0,43,,12430,49,4,,0,57,,12431,1,0,8,0,42,,12431,49,4,,0,158,,12432,1,0,8,0,40,,12432,49,4,,0
501,'5661',810,,12438,1,0,8,0,42,,12438,49,4,,0,58,,12434,1,0,8,0,43,,12434,49,4,,0,57,,12435,1,0,8,0,43,,12435,49,4,,0,557,,12437,1,0,8,0,45,,12437,49,4,,0,55,,12436,1,0,8,0,45,,12436,49,4,,0
501,'5663',1513,,12439,1,0,8,0,87,,12439,49,4,,0,14,,12440,1,0,8,0,87,,12440,49,4,,0,104,,12445,1,0,8,0,46,,12445,49,4,,0,54,,12441,1,0,8,0,42,,12441,49,4,,0,58,,12442,1,0,8,0,42,,12442,49,4,,0,58,,12443,1,0,8,0,41,,12443,49,4,,0
7000,'4614',828,,11066,10,4,,0,192,,11069,10,4,,0,327,,11067,10,4,,0,292,,11072,10,4,,0,317,,11071,10,4,,0
7000,'4616',1016,,11083,10,4,,0,321,,11081,10,4,,0,309,,11082,10,4,,0,171,,11080,10,4,,0,185,,11084,10,4,,0,207,,11086,10,4,,0
7000,'4619',2102,,11074,10,4,,0,106,,11073,10,4,,0
7000,'5454',1016,,11079,10,4,,0,190,,11075,10,4,,0,131,,11663,10,4,,0,665,,11078,10,4,,0
7000,'5658',1646,,12245,10,4,,0
7000,'5659',718,,12243,10,4,,0,1113,,12244,10,4,,0
7000,'5660',718,,12798,10,4,,0,1113,,12799,10,4,,0
7000,'5661',1646,,12800,10,4,,0
7000,'5663',912,,12802,10,4,,0,294,,12801,10,4,,0
7001,'4614',615,,11088,1,,,0,136,,11090,1,,,0,378,,11092,1,,,0,290,,11094,1,,,0,321,,11093,1,,,0
7001,'4616',757,,11105,1,,,0,343,,11103,1,,,0,315,,11104,1,,,0,138,,11102,1,,,0,202,,11106,1,,,0,245,,11108,1,,,0
7001,'4619',1848,,11095,1,,,0,152,,11096,1,,,0
7001,'5454',757,,11101,1,,,0,187,,11098,1,,,0,156,,11664,1,,,0,655,,11100,1,,,0
7001,'5658',1415,,12250,1,,,0
7001,'5659',510,,12248,1,,,0,1098,,12249,1,,,0
7001,'5660',510,,12803,1,,,0,1098,,12804,1,,,0
7001,'5661',1415,,12805,1,,,0
7001,'5663',700,,12807,1,,,0,244,,12806,1,,,0
