701,'4614',716,,10262,27,,,0,37,,11476,27,,,0,267,,10259,27,,,0,100,,10265,27,,,0,96,,10247,27,,,0,103,,11474,27,,,0,101,,10255,27,,,0,100,,10249,27,,,0,201,,10263,27,,,0,28,,10266,27,,,0,70,,10258,27,,,0,198,,10257,27,,,0,100,,10260,27,,,0,100,,10261,27,,,0,100,,10246,27,,,0
701,'4616',714,,10287,27,,,0,102,,10297,27,,,0,102,,10288,27,,,0,100,,10292,27,,,0,198,,10289,27,,,0,102,,10290,27,,,0,202,,10285,27,,,0,100,,10286,27,,,0,200,,10293,27,,,0,198,,10294,27,,,0
701,'5289',1621,,10267,27,,,0
701,'5454',918,,10280,27,,,0,100,,11473,27,,,0,198,,10272,27,,,0,102,,10271,27,,,0,101,,11472,27,,,0,101,,10269,27,,,0,100,,10281,27,,,0,200,,10276,27,,,0,98,,10270,27,,,0,100,,10268,27,,,0
701,'5568',1621,,10299,27,,,0
701,'5658',714,,11877,27,,,0,102,,11880,27,,,0,303,,11878,27,,,0,601,,11879,27,,,0
701,'5659',617,,11873,14,,,0,206,,11871,27,,,0,97,,11872,27,,,0,731,,11875,27,,,0,197,,11876,27,,,0,69,,11874,27,,,0
701,'5660',617,,12467,14,,,0,206,,12465,27,,,0,97,,12466,27,,,0,731,,12469,27,,,0,197,,12470,27,,,0,69,,12468,27,,,0
701,'5661',714,,12471,27,,,0,102,,12474,27,,,0,303,,12472,27,,,0,601,,12473,27,,,0
701,'5663',1119,,12475,27,,,0,300,,12476,27,,,0,301,,12481,27,,,0,198,,12477,27,,,0,200,,12479,27,,,0,99,,12478,27,,,0,100,,12480,27,,,0
