1500,'4614',906,,10456,10,,,0,94,,10457,10,,,0,30,,10461,10,,,0,72,,10459,10,,,0,31,,10460,10,,,0,71,,10458,10,,,0,103,,10465,10,,,0,28,,10464,10,,,0,74,,10463,10,,,0,24,,10462,10,,,0,403,,10466,10,,,0,100,,10467,10,,,0,99,,10468,10,,,0
1500,'4616',931,,10494,10,,,0,100,,10492,10,,,0,105,,10488,10,,,0,101,,10487,10,,,0,101,,10485,10,,,0,101,,10490,10,,,0,100,,10491,10,,,0,99,,10495,10,,,0,199,,10483,10,,,0,101,,10486,10,,,0,100,,11584,10,,,0
1500,'5454',731,,10477,10,,,0,199,,10481,10,,,0,101,,10474,10,,,0,206,,10478,10,,,0,100,,10470,10,,,0,102,,10473,10,,,0,100,,10469,10,,,0,100,,10479,10,,,0,100,,10480,10,,,0,99,,10475,10,,,0
1500,'5658',832,,11943,10,,,0,304,,11942,10,,,0,802,,11941,10,,,0
1500,'5659',930,,11940,10,,,0
1500,'5660',930,,12508,10,,,0
1500,'5661',832,,12511,10,,,0,304,,12510,10,,,0,802,,12509,10,,,0
1500,'5663',731,,12514,10,,,0,101,,12513,10,,,0,906,,12512,10,,,0
3000,'4614',651,,10665,11,,,0,55,,10669,11,,,0,16,,10661,11,,,0,99,,10668,11,,,0,31,,10662,11,,,0,70,,10640,11,,,0,30,,10641,11,,,0,171,,10644,11,,,0,30,,11602,11,,,0,70,,10646,11,,,0,30,,10648,11,,,0,70,,10649,11,,,0,103,,10647,11,,,0,30,,10651,11,,,0,71,,10666,11,,,0,31,,10652,11,,,0,69,,10667,11,,,0,29,,10653,11,,,0,199,,10656,11,,,0,99,,10657,11,,,0,200,,10659,11,,,0,99,,10660,11,,,0
3000,'4616',621,,10684,11,,,0,100,,10685,11,,,0,100,,10686,11,,,0,101,,10688,11,,,0,30,,10689,11,,,0,70,,10690,11,,,0,31,,10691,11,,,0,70,,10692,11,,,0,30,,10693,11,,,0,70,,10694,11,,,0,101,,10696,11,,,0,30,,10697,11,,,0,100,,10699,11,,,0,170,,10702,11,,,0,30,,10703,11,,,0,99,,10705,11,,,0,401,,10709,11,,,0,99,,10710,11,,,0
3000,'5454',753,,10672,11,,,0,301,,10675,11,,,0,101,,10676,11,,,0,200,,10678,11,,,0,100,,10679,11,,,0,200,,10681,11,,,0,100,,10682,11,,,0,99,,10683,11,,,0
3000,'5658',653,,11980,11,,,0,201,,11981,11,,,0,100,,11982,11,,,0,301,,11983,11,,,0,300,,11984,11,,,0
3000,'5659',621,,11977,11,,,0,115,,11979,11,,,0,15,,11978,11,,,0,271,,11971,11,,,0,30,,11972,11,,,0,301,,11973,11,,,0,373,,11974,11,,,0,30,,11975,11,,,0,298,,11976,11,,,0
3000,'5660',621,,12542,11,,,0,115,,12544,11,,,0,15,,12543,11,,,0,271,,12536,11,,,0,30,,12537,11,,,0,301,,12538,11,,,0,373,,12539,11,,,0,30,,12540,11,,,0,298,,12541,11,,,0
3000,'5661',653,,12545,11,,,0,201,,12546,11,,,0,100,,12547,11,,,0,301,,12548,11,,,0,300,,12549,11,,,0
3000,'5663',852,,12550,11,,,0,401,,12551,11,,,0,170,,12552,11,,,0,100,,12553,11,,,0,31,,12554,11,,,0,170,,12555,11,,,0,131,,12556,11,,,0,100,,12557,11,,,0,99,,12558,11,,,0
1001500,'4614',727,,11343,10,,,0,30,,11341,10,,,0,473,,11345,10,,,0,274,,11351,10,,,0,26,,11347,10,,,0,70,,11346,10,,,0,31,,11348,10,,,0,75,,11349,10,,,0,24,,11350,10,,,0
1001500,'5289',829,,12876,10,,,0
1001500,'5659',647,,12326,10,,,0,182,,12328,10,,,0
1001500,'5660',647,,12877,10,,,0
1001500,'5662',829,,12878,10,,,0
