1501,'4614',847,,10497,12,,,0,93,,10499,12,,,0,69,,10496,12,,,0,27,,10500,12,,,0,70,,11587,12,,,0,30,,10502,12,,,0,174,,10505,12,,,0,31,,10504,12,,,0,569,,10507,12,,,0,99,,10506,12,,,0,100,,10508,12,,,0
1501,'4616',758,,10528,12,,,0,147,,10532,12,,,0,103,,10529,12,,,0,101,,10526,12,,,0,99,,10530,12,,,0,101,,10527,12,,,0,101,,10525,12,,,0,99,,10520,12,,,0,201,,10523,12,,,0,99,,10533,12,,,0,100,,10524,12,,,0,100,,10521,12,,,0,100,,10531,12,,,0
1501,'5289',910,,12515,12,,,0
1501,'5454',1006,,10518,12,,,0,202,,10514,12,,,0,100,,10511,12,,,0,100,,10519,12,,,0,100,,10512,12,,,0,200,,10510,12,,,0,101,,10517,12,,,0
1501,'5658',758,,11950,12,,,0,349,,11949,12,,,0,501,,11951,12,,,0,301,,11952,12,,,0
1501,'5659',910,,11953,12,,,0,296,,11947,12,,,0
1501,'5660',1206,,12516,12,,,0
1501,'5661',758,,12518,12,,,0,349,,12517,12,,,0,501,,12519,12,,,0,301,,12520,12,,,0
1501,'5662',910,,12521,12,,,0
1501,'5663',1609,,12522,12,,,0
3001,'4614',651,,10741,50,,,0,72,,10734,50,,,0,106,,10736,50,,,0,16,,10739,50,,,0,55,,10738,50,,,0,30,,10735,50,,,0,170,,10713,50,,,0,30,,11604,50,,,0,70,,10714,50,,,0,31,,10716,50,,,0,70,,10718,50,,,0,30,,10720,50,,,0,102,,10717,50,,,0,71,,10722,50,,,0,31,,10719,50,,,0,97,,10723,50,,,0,197,,10725,50,,,0,28,,10726,50,,,0,69,,10727,50,,,0,198,,10730,50,,,0,100,,10731,50,,,0,99,,10728,50,,,0,99,,10732,50,,,0
3001,'4616',756,,10757,50,,,0,102,,10758,50,,,0,100,,10759,50,,,0,71,,10760,50,,,0,30,,10761,50,,,0,70,,10762,50,,,0,30,,10763,50,,,0,141,,10765,50,,,0,30,,10766,50,,,0,70,,10767,50,,,0,30,,10768,50,,,0,70,,10769,50,,,0,100,,10771,50,,,0,29,,10772,50,,,0,99,,10774,50,,,0,128,,10777,50,,,0,69,,10778,50,,,0,200,,10780,50,,,0,297,,10783,50,,,0
3001,'5289',1604,,10743,50,,,0,127,,10742,50,,,0
3001,'5454',1028,,10746,50,,,0,100,,10747,50,,,0,202,,10749,50,,,0,100,,10750,50,,,0,199,,10752,50,,,0,99,,10753,50,,,0,196,,10755,50,,,0,100,,10756,50,,,0
3001,'5568',1604,,10785,50,,,0,127,,10784,50,,,0
3001,'5658',826,,12002,50,,,0,101,,12003,50,,,0,303,,12004,50,,,0,300,,12005,50,,,0,296,,12006,50,,,0
3001,'5659',754,,11999,50,,,0,160,,12001,50,,,0,45,,11994,50,,,0,71,,11995,50,,,0,373,,11996,50,,,0,299,,12000,50,,,0,99,,11997,50,,,0,224,,11998,50,,,0
3001,'5660',754,,12564,50,,,0,160,,12566,50,,,0,45,,12559,50,,,0,71,,12560,50,,,0,373,,12561,50,,,0,299,,12565,50,,,0,99,,12562,50,,,0,224,,12563,50,,,0
3001,'5661',826,,12567,50,,,0,101,,12568,50,,,0,303,,12569,50,,,0,300,,12570,50,,,0,296,,12571,50,,,0
3001,'5663',1230,,12572,50,,,0,300,,12573,50,,,0,129,,12574,50,,,0,99,,12575,50,,,0,68,,12576,50,,,0,199,,12577,50,,,0,199,,12578,50,,,0,99,,12579,50,,,0
1001501,'4614',803,,12329,17,,,0,442,,11354,17,,,0,174,,11355,17,,,0,35,,11356,17,,,0,73,,11357,17,,,0,28,,11358,17,,,0,75,,11359,17,,,0,29,,11360,17,,,0,68,,11361,17,,,0,30,,11363,17,,,0,69,,11362,17,,,0
1001501,'5659',733,,12330,17,,,0
1001501,'5660',733,,12879,17,,,0
