2500,'4614',1905,,10613,28,4,,0
2500,'4616',1100,,10622,28,4,,0,400,,10621,28,4,,0,200,,10623,28,4,,0,200,,10619,28,4,,0
2500,'5454',1100,,10615,28,4,,0,400,,10616,28,4,,0,200,,10618,28,4,,0,200,,10617,28,4,,0
2500,'5608',1100,,10610,28,4,,0,405,,10612,28,4,,0
2500,'5611',1100,,11595,28,4,,0,405,,11596,28,4,,0
2501,'4614',1910,,10628,1,,,0
2501,'4616',1110,,10638,1,,,0,400,,10637,1,,,0,200,,10639,1,,,0,200,,10635,1,,,0
2501,'5454',1110,,10631,1,,,0,400,,10632,1,,,0,200,,10634,1,,,0,200,,10633,1,,,0
2501,'5608',1110,,10625,1,,,0,400,,10627,1,,,0
2501,'5611',1110,,11598,1,,,0,400,,11599,1,,,0
