501,'4614',817,,10111,36,,,0,30,,10118,36,,,0,97,,10100,36,,,0,100,,10117,36,,,0,100,,10105,36,,,0,188,,10103,36,,,0,101,,10110,36,,,0,95,,10101,36,,,0,214,,10116,36,,,0,96,,10108,36,,,0,98,,10106,36,,,0,298,,10112,36,,,0
501,'4616',739,,10134,36,,,0,201,,10148,36,,,0,100,,10133,36,,,0,101,,10135,36,,,0,103,,10136,36,,,0,100,,10137,36,,,0,101,,10138,36,,,0,300,,10141,36,,,0,489,,10145,36,,,0,99,,10147,36,,,0
501,'5454',1141,,10120,36,,,0,100,,10121,36,,,0,100,,10127,36,,,0,100,,10122,36,,,0,100,,10132,36,,,0,295,,10129,36,,,0,99,,10126,36,,,0
501,'5658',839,,11842,36,,,0,101,,11838,36,,,0,100,,11839,36,,,0,601,,11841,36,,,0,100,,11840,36,,,0
501,'5659',631,,11832,24,,,0,110,,11837,36,,,0,505,,11831,36,,,0,397,,11833,36,,,0,392,,11834,36,,,0,100,,11835,36,,,0,198,,11836,36,,,0
501,'5660',631,,12428,24,,,0,110,,12433,36,,,0,505,,12427,36,,,0,397,,12429,36,,,0,392,,12430,36,,,0,100,,12431,36,,,0,198,,12432,36,,,0
501,'5661',839,,12438,36,,,0,101,,12434,36,,,0,100,,12435,36,,,0,601,,12437,36,,,0,100,,12436,36,,,0
501,'5663',1545,,12439,36,,,0,101,,12440,36,,,0,190,,12445,36,,,0,99,,12441,36,,,0,100,,12442,36,,,0,99,,12443,36,,,0
1500,'4614',918,,10456,17,,,0,94,,10457,17,,,0,30,,10461,17,,,0,72,,10459,17,,,0,31,,10460,17,,,0,71,,10458,17,,,0,103,,10465,17,,,0,29,,10464,17,,,0,74,,10463,17,,,0,25,,10462,17,,,0,401,,10466,17,,,0,100,,10467,17,,,0,99,,10468,17,,,0
1500,'4616',942,,10494,17,,,0,101,,10492,17,,,0,105,,10488,17,,,0,101,,10487,17,,,0,101,,10485,17,,,0,101,,10490,17,,,0,100,,10491,17,,,0,99,,10495,17,,,0,199,,10483,17,,,0,101,,10486,17,,,0,100,,11584,17,,,0
1500,'5454',742,,10477,17,,,0,200,,10481,17,,,0,101,,10474,17,,,0,206,,10478,17,,,0,100,,10470,17,,,0,102,,10473,17,,,0,100,,10469,17,,,0,100,,10479,17,,,0,100,,10480,17,,,0,99,,10475,17,,,0
1500,'5658',843,,11943,17,,,0,305,,11942,17,,,0,802,,11941,17,,,0
1500,'5659',942,,11940,17,,,0
1500,'5660',942,,12508,17,,,0
1500,'5661',843,,12511,17,,,0,305,,12510,17,,,0,802,,12509,17,,,0
1500,'5663',742,,12514,17,,,0,101,,12513,17,,,0,907,,12512,17,,,0
4000,'4614',656,,10853,39,,,0,56,,10879,39,,,0,40,,10880,39,0,6 7,0,48,,11643,39,,,0,14,,10884,39,0,6 7,0,26,,11648,39,0,6 7,0,91,,10831,39,,,0,15,,11644,39,,,0,99,,10860,39,,,0,201,,10864,39,,,0,259,,10841,39,,,0,524,,10827,39,,,0,30,,10825,39,,,0
4000,'4616',756,,10937,39,,,0,70,,10938,39,,,0,31,,10939,39,,,0,476,,10914,39,,,0,102,,10917,39,,,0,70,,11638,39,,,0,30,,10929,39,,,0,70,,10924,39,,,0,29,,10911,39,,,0
4000,'4619',1747,,12075,39,,,0
4000,'4931',1747,,12076,39,,,0
4000,'5454',1000,,10892,39,,,0,58,,10894,39,,,0,545,,10904,39,,,0,29,,10905,39,,,0
4000,'5658',726,,12077,39,,,0,100,,12079,39,,,0,101,,12081,39,,,0,101,,12082,39,,,0,101,,12083,39,,,0,71,,12084,39,,,0,30,,12085,39,,,0,71,,12086,39,,,0,32,,12087,39,,,0,70,,12088,39,,,0,30,,12089,39,,,0,72,,12090,39,,,0,28,,12091,39,,,0,169,,12092,39,,,0,30,,12093,39,,,0,68,,12094,39,,,0,30,,12095,39,,,0,70,,12096,39,,,0,29,,12078,39,,,0,29,,12080,39,,,0
4000,'5659',626,,12051,39,,,0,102,,12052,39,,,0,16,,12072,39,,,0,65,,12073,39,0,6 7,0,10,,12071,39,,,0,7,,12074,39,0,6 7,0,7,,12053,39,,,0,14,,12070,39,,,0,55,,12031,39,,,0,14,,12054,39,,,0,85,,12032,39,,,0,14,,12055,39,,,0,15,,12033,39,,,0,70,,12034,39,,,0,16,,12056,39,,,0,15,,12035,39,,,0,15,,12057,39,,,0,55,,12036,39,,,0,15,,12058,39,,,0,15,,12037,39,,,0,70,,12038,39,,,0,15,,12059,39,,,0,15,,12039,39,,,0,15,,12060,39,,,0,55,,12040,39,,,0,17,,12061,39,,,0,17,,12041,39,,,0,15,,12062,39,,,0,70,,12063,39,,,0,15,,12042,39,,,0,16,,12064,39,,,0,53,,12043,39,,,0,15,,12065,39,,,0,15,,12044,39,,,0,15,,12066,39,,,0,55,,12045,39,,,0,15,,12067,39,,,0,14,,12046,39,,,0,68,,12047,39,,,0,15,,12068,39,,,0,15,,12048,39,,,0,28,,12049,39,,,0,70,,12050,39,,,0,30,,12028,39,,,0,169,,12029,39,,,0,28,,12027,39,,,0,69,,12030,39,,,0,30,,12026,39,,,0,69,,12069,39,,,0
4000,'5660',626,,12609,39,,,0,102,,12610,39,,,0,16,,12630,39,,,0,65,,12631,39,0,6 7,0,10,,12629,39,,,0,7,,12632,39,0,6 7,0,7,,12611,39,,,0,14,,12628,39,,,0,55,,12589,39,,,0,14,,12612,39,,,0,85,,12590,39,,,0,14,,12613,39,,,0,15,,12591,39,,,0,70,,12592,39,,,0,16,,12614,39,,,0,15,,12593,39,,,0,15,,12615,39,,,0,55,,12594,39,,,0,15,,12616,39,,,0,15,,12595,39,,,0,70,,12596,39,,,0,15,,12617,39,,,0,15,,12597,39,,,0,15,,12618,39,,,0,55,,12598,39,,,0,17,,12619,39,,,0,17,,12599,39,,,0,15,,12620,39,,,0,70,,12621,39,,,0,15,,12600,39,,,0,16,,12622,39,,,0,53,,12601,39,,,0,15,,12623,39,,,0,15,,12602,39,,,0,15,,12624,39,,,0,55,,12603,39,,,0,15,,12625,39,,,0,14,,12604,39,,,0,68,,12605,39,,,0,15,,12626,39,,,0,15,,12606,39,,,0,28,,12607,39,,,0,70,,12608,39,,,0,30,,12586,39,,,0,169,,12587,39,,,0,28,,12585,39,,,0,69,,12588,39,,,0,30,,12584,39,,,0,69,,12627,39,,,0
4000,'5661',726,,12633,39,,,0,100,,12635,39,,,0,101,,12637,39,,,0,101,,12638,39,,,0,101,,12639,39,,,0,71,,12640,39,,,0,30,,12641,39,,,0,71,,12642,39,,,0,32,,12643,39,,,0,70,,12644,39,,,0,30,,12645,39,,,0,72,,12646,39,,,0,28,,12647,39,,,0,169,,12648,39,,,0,30,,12649,39,,,0,68,,12650,39,,,0,30,,12651,39,,,0,70,,12652,39,,,0,29,,12634,39,,,0,29,,12636,39,,,0
4000,'5663',656,,12672,39,,,0,271,,12673,39,,,0,32,,12661,39,,,0,71,,12658,39,,,0,70,,12656,39,,,0,32,,12665,39,,,0,70,,12671,39,,,0,31,,12653,39,,,0,70,,12657,39,,,0,101,,12667,39,,,0,300,,12659,39,,,0,28,,12660,39,,,0,70,,12664,39,,,0,30,,12662,39,,,0,70,,12666,39,,,0,29,,12669,39,,,0,69,,12655,39,,,0,29,,12663,39,,,0,100,,12668,39,,,0,100,,12654,39,,,0,97,,12670,39,,,0
1001500,'4614',745,,11343,22,,,0,74,,11341,22,,,0,429,,11345,22,,,0,274,,11351,22,,,0,26,,11347,22,,,0,70,,11346,22,,,0,31,,11348,22,,,0,75,,11349,22,,,0,24,,11350,22,,,0
1001500,'5289',847,,12876,22,,,0
1001500,'5659',704,,12326,22,,,0,143,,12328,22,,,0
1001500,'5660',704,,12877,22,,,0
1001500,'5662',847,,12878,22,,,0
