701,'4614',715,,10262,26,,,0,37,,11476,26,,,0,267,,10259,26,,,0,100,,10265,26,,,0,96,,10247,26,,,0,103,,11474,26,,,0,101,,10255,26,,,0,100,,10249,26,,,0,201,,10263,26,,,0,28,,10266,26,,,0,70,,10258,26,,,0,199,,10257,26,,,0,100,,10260,26,,,0,100,,10261,26,,,0,100,,10246,26,,,0
701,'4616',714,,10287,26,,,0,102,,10297,26,,,0,102,,10288,26,,,0,100,,10292,26,,,0,197,,10289,26,,,0,102,,10290,26,,,0,202,,10285,26,,,0,100,,10286,26,,,0,200,,10293,26,,,0,199,,10294,26,,,0
701,'5289',1620,,10267,26,,,0
701,'5454',918,,10280,26,,,0,100,,11473,26,,,0,197,,10272,26,,,0,102,,10271,26,,,0,101,,11472,26,,,0,101,,10269,26,,,0,100,,10281,26,,,0,200,,10276,26,,,0,99,,10270,26,,,0,100,,10268,26,,,0
701,'5568',1620,,10299,26,,,0
701,'5658',714,,11877,26,,,0,102,,11880,26,,,0,302,,11878,26,,,0,601,,11879,26,,,0
701,'5659',616,,11873,13,,,0,206,,11871,26,,,0,97,,11872,26,,,0,731,,11875,26,,,0,198,,11876,26,,,0,69,,11874,26,,,0
701,'5660',616,,12467,13,,,0,206,,12465,26,,,0,97,,12466,26,,,0,731,,12469,26,,,0,198,,12470,26,,,0,69,,12468,26,,,0
701,'5661',714,,12471,26,,,0,102,,12474,26,,,0,302,,12472,26,,,0,601,,12473,26,,,0
701,'5663',1118,,12475,26,,,0,300,,12476,26,,,0,301,,12481,26,,,0,199,,12477,26,,,0,200,,12479,26,,,0,99,,12478,26,,,0,100,,12480,26,,,0
