801,'4614',607,,11891,29,0,18,0,137,,10318,14,0,18,0,70,,10304,29,0,18,0,96,,11479,29,0,18,0,200,,10300,29,0,18,0,107,,10310,29,0,18,0,102,,10303,29,0,18,0,202,,10306,29,0,18,0,101,,10305,29,0,18,0,99,,10316,29,0,18,0,99,,10308,29,0,18,0,99,,10309,29,0,18,0,100,,10307,29,0,18,0,100,,10313,29,0,18,0,99,,10314,29,0,18,0,100,,10317,29,0,18,0
801,'4616',706,,10335,29,0,18,0,303,,10337,29,0,18,0,101,,10338,29,0,18,0,107,,10346,29,0,18,0,102,,10347,29,0,18,0,202,,10340,29,0,18,0,100,,10341,29,0,18,0,100,,10349,29,0,18,0,199,,10334,29,0,18,0,100,,10343,29,0,18,0,99,,11477,29,0,18,0,99,,10345,29,0,18,0
801,'5289',1541,,10319,29,0,18,0
801,'5454',808,,10325,29,0,18,0,201,,10323,29,0,18,0,101,,10327,29,0,18,0,209,,10328,29,0,18,0,202,,10322,29,0,18,0,100,,10333,29,0,18,0,100,,10320,29,0,18,0,100,,10321,29,0,18,0,99,,10331,29,0,18,0,100,,10330,29,0,18,0
801,'5568',1441,,10350,29,0,18,0
801,'5658',706,,11892,14,0,18,0,203,,11895,29,0,18,0,308,,11893,29,0,18,0,203,,11894,29,0,18,0
801,'5659',706,,11888,29,0,18,0,304,,11890,29,0,18,0,411,,11889,29,0,18,0
801,'5660',706,,12482,29,0,18,0,304,,12484,29,0,18,0,411,,12483,29,0,18,0
801,'5661',706,,12485,14,0,18,0,203,,12488,29,0,18,0,308,,12486,29,0,18,0,203,,12487,29,0,18,0
801,'5663',808,,12492,29,0,18,0,101,,12489,29,0,18,0,511,,12490,29,0,18,0,401,,12491,29,0,18,0
