3000,'4614',705,,10665,23,,,0,15,,10669,23,,,0,16,,10661,23,,,0,100,,10668,23,,,0,71,,10662,23,,,0,30,,10640,23,,,0,70,,10641,23,,,0,132,,10644,23,,,0,70,,11602,23,,,0,30,,10646,23,,,0,70,,10648,23,,,0,30,,10649,23,,,0,103,,10647,23,,,0,70,,10651,23,,,0,31,,10666,23,,,0,71,,10652,23,,,0,29,,10667,23,,,0,69,,10653,23,,,0,197,,10656,23,,,0,99,,10657,23,,,0,199,,10659,23,,,0,99,,10660,23,,,0
3000,'4616',634,,10684,23,,,0,100,,10685,23,,,0,100,,10686,23,,,0,101,,10688,23,,,0,71,,10689,23,,,0,30,,10690,23,,,0,71,,10691,23,,,0,31,,10692,23,,,0,70,,10693,23,,,0,30,,10694,23,,,0,101,,10696,23,,,0,70,,10697,23,,,0,101,,10699,23,,,0,129,,10702,23,,,0,70,,10703,23,,,0,98,,10705,23,,,0,400,,10709,23,,,0,99,,10710,23,,,0
3000,'5454',806,,10672,23,,,0,302,,10675,23,,,0,102,,10676,23,,,0,201,,10678,23,,,0,99,,10679,23,,,0,200,,10681,23,,,0,100,,10682,23,,,0,98,,10683,23,,,0
3000,'5658',706,,11980,23,,,0,201,,11981,23,,,0,101,,11982,23,,,0,302,,11983,23,,,0,300,,11984,23,,,0
3000,'5659',635,,11977,23,,,0,115,,11979,23,,,0,57,,11978,23,,,0,230,,11971,23,,,0,71,,11972,23,,,0,301,,11973,23,,,0,333,,11974,23,,,0,68,,11975,23,,,0,297,,11976,23,,,0
3000,'5660',635,,12542,23,,,0,115,,12544,23,,,0,57,,12543,23,,,0,230,,12536,23,,,0,71,,12537,23,,,0,301,,12538,23,,,0,333,,12539,23,,,0,68,,12540,23,,,0,297,,12541,23,,,0
3000,'5661',706,,12545,23,,,0,201,,12546,23,,,0,101,,12547,23,,,0,302,,12548,23,,,0,300,,12549,23,,,0
3000,'5663',905,,12550,23,,,0,403,,12551,23,,,0,130,,12552,23,,,0,101,,12553,23,,,0,71,,12554,23,,,0,128,,12555,23,,,0,171,,12556,23,,,0,99,,12557,23,,,0,99,,12558,23,,,0
3001,'4614',642,,10741,39,,,0,72,,10734,39,,,0,105,,10736,39,,,0,16,,10739,39,,,0,15,,10738,39,,,0,70,,10735,39,,,0,130,,10713,39,,,0,70,,11604,39,,,0,30,,10714,39,,,0,71,,10716,39,,,0,30,,10718,39,,,0,70,,10720,39,,,0,102,,10717,39,,,0,31,,10722,39,,,0,70,,10719,39,,,0,98,,10723,39,,,0,197,,10725,39,,,0,29,,10726,39,,,0,69,,10727,39,,,0,199,,10730,39,,,0,100,,10731,39,,,0,99,,10728,39,,,0,100,,10732,39,,,0
3001,'4616',747,,10757,39,,,0,101,,10758,39,,,0,100,,10759,39,,,0,71,,10760,39,,,0,30,,10761,39,,,0,70,,10762,39,,,0,30,,10763,39,,,0,101,,10765,39,,,0,70,,10766,39,,,0,30,,10767,39,,,0,70,,10768,39,,,0,30,,10769,39,,,0,100,,10771,39,,,0,69,,10772,39,,,0,99,,10774,39,,,0,129,,10777,39,,,0,70,,10778,39,,,0,200,,10780,39,,,0,297,,10783,39,,,0
3001,'5289',1554,,10743,39,,,0,167,,10742,39,,,0
3001,'5454',1018,,10746,39,,,0,100,,10747,39,,,0,202,,10749,39,,,0,100,,10750,39,,,0,199,,10752,39,,,0,100,,10753,39,,,0,197,,10755,39,,,0,100,,10756,39,,,0
3001,'5568',1554,,10785,39,,,0,167,,10784,39,,,0
3001,'5658',816,,12002,39,,,0,101,,12003,39,,,0,303,,12004,39,,,0,300,,12005,39,,,0,298,,12006,39,,,0
3001,'5659',744,,11999,39,,,0,160,,12001,39,,,0,45,,11994,39,,,0,71,,11995,39,,,0,333,,11996,39,,,0,299,,12000,39,,,0,99,,11997,39,,,0,266,,11998,39,,,0
3001,'5660',744,,12564,39,,,0,160,,12566,39,,,0,45,,12559,39,,,0,71,,12560,39,,,0,333,,12561,39,,,0,299,,12565,39,,,0,99,,12562,39,,,0,266,,12563,39,,,0
3001,'5661',816,,12567,39,,,0,101,,12568,39,,,0,303,,12569,39,,,0,300,,12570,39,,,0,298,,12571,39,,,0
3001,'5663',1220,,12572,39,,,0,300,,12573,39,,,0,129,,12574,39,,,0,100,,12575,39,,,0,68,,12576,39,,,0,200,,12577,39,,,0,199,,12578,39,,,0,99,,12579,39,,,0
