701,'4614',732,,10262,42,,,0,78,,11476,42,,,0,226,,10259,42,,,0,100,,10265,42,,,0,94,,10247,42,,,0,103,,11474,42,,,0,102,,10255,42,,,0,100,,10249,42,,,0,201,,10263,42,,,0,67,,10266,42,,,0,30,,10258,42,,,0,197,,10257,42,,,0,100,,10260,42,,,0,100,,10261,42,,,0,100,,10246,42,,,0
701,'4616',730,,10287,42,,,0,102,,10297,42,,,0,102,,10288,42,,,0,100,,10292,42,,,0,196,,10289,42,,,0,102,,10290,42,,,0,202,,10285,42,,,0,100,,10286,42,,,0,200,,10293,42,,,0,198,,10294,42,,,0
701,'5289',1636,,10267,42,,,0
701,'5454',934,,10280,42,,,0,100,,11473,42,,,0,196,,10272,42,,,0,102,,10271,42,,,0,101,,11472,42,,,0,101,,10269,42,,,0,100,,10281,42,,,0,200,,10276,42,,,0,98,,10270,42,,,0,100,,10268,42,,,0
701,'5568',1636,,10299,42,,,0
701,'5658',730,,11877,42,,,0,102,,11880,42,,,0,303,,11878,42,,,0,599,,11879,42,,,0
701,'5659',633,,11873,29,,,0,207,,11871,42,,,0,96,,11872,42,,,0,770,,11875,42,,,0,196,,11876,42,,,0,29,,11874,42,,,0
701,'5660',633,,12467,29,,,0,207,,12465,42,,,0,96,,12466,42,,,0,770,,12469,42,,,0,196,,12470,42,,,0,29,,12468,42,,,0
701,'5661',730,,12471,42,,,0,102,,12474,42,,,0,303,,12472,42,,,0,599,,12473,42,,,0
701,'5663',1135,,12475,42,,,0,298,,12476,42,,,0,301,,12481,42,,,0,198,,12477,42,,,0,200,,12479,42,,,0,99,,12478,42,,,0,99,,12480,42,,,0
