601,'4614',635,,12458,21,,,0,96,,11864,21,,,0,92,,11467,21,,,0,16,,11469,21,,,0,106,,10198,21,,,0,97,,11468,21,,,0,100,,12457,21,,,0,104,,10199,21,,,0,101,,10214,21,,,0,105,,10203,21,,,0,106,,10205,21,,,0,99,,10206,21,,,0,100,,10215,21,,,0,91,,10204,21,,,0,100,,10216,21,,,0,100,,10207,21,,,0,100,,10209,21,,,0,100,,10211,21,,,0,100,,10212,21,,,0
601,'4616',738,,10237,21,,,0,106,,10244,21,,,0,101,,10238,21,,,0,100,,10235,21,,,0,99,,10239,21,,,0,101,,10236,21,,,0,101,,10234,21,,,0,100,,10229,21,,,0,101,,12463,21,,,0,101,,10232,21,,,0,100,,10245,21,,,0,101,,10233,21,,,0,100,,10230,21,,,0,100,,10242,21,,,0,100,,10243,21,,,0,99,,11465,21,,,0,102,,12464,21,,,0
601,'5454',738,,12460,21,,,0,207,,10227,21,,,0,100,,12459,21,,,0,101,,10223,21,,,0,100,,10218,21,,,0,99,,10228,21,,,0,100,,10220,21,,,0,102,,12461,21,,,0,100,,10219,21,,,0,101,,10226,21,,,0,100,,12462,21,,,0,100,,10222,21,,,0
4001,'4614',626,,12708,8,,,0,31,,12709,8,,,0,71,,12711,8,,,0,15,,12713,8,,,0,16,,12710,8,,,0,56,,12714,8,,,0,14,,12688,8,,,0,17,,12715,8,,,0,55,,12690,8,,,0,16,,12716,8,,,0,15,,12689,8,,,0,15,,12717,8,,,0,55,,12691,8,,,0,15,,12718,8,,,0,15,,12692,8,,,0,15,,12719,8,,,0,55,,12693,8,,,0,15,,12720,8,,,0,15,,12694,8,,,0,15,,12721,8,,,0,55,,12695,8,,,0,15,,12722,8,,,0,15,,12696,8,,,0,15,,12723,8,,,0,55,,12697,8,,,0,15,,12724,8,,,0,15,,12698,8,,,0,15,,12725,8,,,0,55,,12699,8,,,0,11,,12726,8,,,0,10,,12727,8,,,0,10,,12700,8,,,0,10,,12728,8,,,0,60,,12701,8,,,0,20,,12730,8,,,0,11,,12703,8,,,0,10,,12729,8,,,0,10,,12731,8,,,0,50,,12702,8,,,0,20,,12732,8,,,0,10,,12704,8,,,0,14,,12733,8,,,0,55,,12712,8,,,0,15,,12734,8,,,0,15,,12706,8,,,0,15,,12735,8,,,0,55,,12705,8,,,0,15,,12736,8,,,0,15,,12707,8,,,0,15,,12737,8,,,0,54,,12687,8,,,0,30,,12686,8,,,0,71,,12685,8,,,0,29,,12681,8,,,0,70,,12684,8,,,0,30,,12680,8,,,0,69,,12683,8,,,0,30,,12679,8,,,0,70,,12682,8,,,0,30,,12678,8,,,0,70,,12738,8,,,0
4001,'4616',701,,12766,8,,,0,101,,12767,8,,,0,30,,12768,8,,,0,70,,12769,8,,,0,30,,12770,8,,,0,70,,12771,8,,,0,30,,12772,8,,,0,70,,12773,8,,,0,30,,12774,8,,,0,69,,12775,8,,,0,30,,12776,8,,,0,70,,12777,8,,,0,30,,12778,8,,,0,70,,12779,8,,,0,30,,12780,8,,,0,71,,12781,8,,,0,30,,12782,8,,,0,71,,12783,8,,,0,30,,12784,8,,,0,70,,12785,8,,,0,30,,12786,8,,,0,70,,12787,8,,,0,30,,12788,8,,,0,70,,12789,8,,,0,30,,12790,8,,,0,70,,12791,8,,,0,29,,12792,8,,,0,70,,12793,8,,,0,100,,12794,8,,,0,100,,12795,8,,,0,100,,12796,8,,,0
4001,'4619',1513,,12674,8,,,0
4001,'5289',1453,,12675,8,,,0,60,,12676,8,,,0,101,,12677,8,,,0
4001,'5299',1513,,12797,8,,,0
4001,'5454',701,,12739,8,,,0,101,,12741,8,,,0,100,,12743,8,,,0,100,,12745,8,,,0,30,,12746,8,,,0,70,,12747,8,,,0,31,,12748,8,,,0,70,,12749,8,,,0,30,,12750,8,,,0,70,,12751,8,,,0,30,,12752,8,,,0,70,,12753,8,,,0,30,,12754,8,,,0,70,,12755,8,,,0,30,,12756,8,,,0,70,,12757,8,,,0,30,,12758,8,,,0,70,,12759,8,,,0,30,,12760,8,,,0,70,,12761,8,,,0,30,,12762,8,,,0,70,,12744,8,,,0,30,,12742,8,,,0,70,,12740,8,,,0
4001,'5568',1453,,12763,8,,,0,161,,12764,8,,,0
