3000,'4614',706,,10665,25,,,0,15,,10669,25,,,0,16,,10661,25,,,0,100,,10668,25,,,0,71,,10662,25,,,0,30,,10640,25,,,0,70,,10641,25,,,0,132,,10644,25,,,0,70,,11602,25,,,0,30,,10646,25,,,0,70,,10648,25,,,0,30,,10649,25,,,0,103,,10647,25,,,0,71,,10651,25,,,0,30,,10666,25,,,0,71,,10652,25,,,0,29,,10667,25,,,0,69,,10653,25,,,0,197,,10656,25,,,0,99,,10657,25,,,0,199,,10659,25,,,0,99,,10660,25,,,0
3000,'4616',635,,10684,25,,,0,100,,10685,25,,,0,100,,10686,25,,,0,101,,10688,25,,,0,71,,10689,25,,,0,30,,10690,25,,,0,71,,10691,25,,,0,31,,10692,25,,,0,70,,10693,25,,,0,30,,10694,25,,,0,101,,10696,25,,,0,70,,10697,25,,,0,101,,10699,25,,,0,129,,10702,25,,,0,70,,10703,25,,,0,98,,10705,25,,,0,400,,10709,25,,,0,99,,10710,25,,,0
3000,'5454',807,,10672,25,,,0,302,,10675,25,,,0,102,,10676,25,,,0,201,,10678,25,,,0,99,,10679,25,,,0,200,,10681,25,,,0,100,,10682,25,,,0,98,,10683,25,,,0
3000,'5658',707,,11980,25,,,0,201,,11981,25,,,0,101,,11982,25,,,0,302,,11983,25,,,0,300,,11984,25,,,0
3000,'5659',636,,11977,25,,,0,115,,11979,25,,,0,57,,11978,25,,,0,230,,11971,25,,,0,71,,11972,25,,,0,301,,11973,25,,,0,333,,11974,25,,,0,68,,11975,25,,,0,297,,11976,25,,,0
3000,'5660',636,,12542,25,,,0,115,,12544,25,,,0,57,,12543,25,,,0,230,,12536,25,,,0,71,,12537,25,,,0,301,,12538,25,,,0,333,,12539,25,,,0,68,,12540,25,,,0,297,,12541,25,,,0
3000,'5661',707,,12545,25,,,0,201,,12546,25,,,0,101,,12547,25,,,0,302,,12548,25,,,0,300,,12549,25,,,0
3000,'5663',906,,12550,25,,,0,403,,12551,25,,,0,130,,12552,25,,,0,101,,12553,25,,,0,71,,12554,25,,,0,128,,12555,25,,,0,171,,12556,25,,,0,99,,12557,25,,,0,99,,12558,25,,,0
3001,'4614',643,,10741,41,,,0,72,,10734,41,,,0,105,,10736,41,,,0,16,,10739,41,,,0,15,,10738,41,,,0,70,,10735,41,,,0,130,,10713,41,,,0,70,,11604,41,,,0,30,,10714,41,,,0,71,,10716,41,,,0,30,,10718,41,,,0,70,,10720,41,,,0,102,,10717,41,,,0,31,,10722,41,,,0,70,,10719,41,,,0,98,,10723,41,,,0,197,,10725,41,,,0,29,,10726,41,,,0,69,,10727,41,,,0,199,,10730,41,,,0,100,,10731,41,,,0,99,,10728,41,,,0,99,,10732,41,,,0
3001,'4616',748,,10757,41,,,0,101,,10758,41,,,0,100,,10759,41,,,0,71,,10760,41,,,0,30,,10761,41,,,0,70,,10762,41,,,0,30,,10763,41,,,0,101,,10765,41,,,0,70,,10766,41,,,0,30,,10767,41,,,0,70,,10768,41,,,0,30,,10769,41,,,0,100,,10771,41,,,0,69,,10772,41,,,0,99,,10774,41,,,0,129,,10777,41,,,0,70,,10778,41,,,0,200,,10780,41,,,0,297,,10783,41,,,0
3001,'5289',1555,,10743,41,,,0,167,,10742,41,,,0
3001,'5454',1019,,10746,41,,,0,100,,10747,41,,,0,202,,10749,41,,,0,100,,10750,41,,,0,199,,10752,41,,,0,100,,10753,41,,,0,197,,10755,41,,,0,100,,10756,41,,,0
3001,'5568',1555,,10785,41,,,0,167,,10784,41,,,0
3001,'5658',817,,12002,41,,,0,101,,12003,41,,,0,303,,12004,41,,,0,300,,12005,41,,,0,298,,12006,41,,,0
3001,'5659',745,,11999,41,,,0,160,,12001,41,,,0,45,,11994,41,,,0,71,,11995,41,,,0,333,,11996,41,,,0,299,,12000,41,,,0,99,,11997,41,,,0,266,,11998,41,,,0
3001,'5660',745,,12564,41,,,0,160,,12566,41,,,0,45,,12559,41,,,0,71,,12560,41,,,0,333,,12561,41,,,0,299,,12565,41,,,0,99,,12562,41,,,0,266,,12563,41,,,0
3001,'5661',817,,12567,41,,,0,101,,12568,41,,,0,303,,12569,41,,,0,300,,12570,41,,,0,298,,12571,41,,,0
3001,'5663',1221,,12572,41,,,0,300,,12573,41,,,0,129,,12574,41,,,0,100,,12575,41,,,0,68,,12576,41,,,0,200,,12577,41,,,0,199,,12578,41,,,0,99,,12579,41,,,0
