600,'4614',648,,11853,6,,,0,211,,10154,6,,,0,97,,11464,6,,,0,200,,10150,6,,,0,144,,10160,6,,,0,102,,10152,6,,,0,204,,10156,6,,,0,100,,10165,6,,,0,97,,10157,6,,,0,98,,10155,6,,,0,100,,10158,6,,,0,99,,10162,6,,,0,100,,10163,6,,,0,100,,10164,6,,,0
600,'4616',647,,10186,6,,,0,102,,10189,6,,,0,307,,10193,6,,,0,100,,10184,6,,,0,144,,10187,6,,,0,100,,10188,6,,,0,101,,10190,6,,,0,101,,10192,6,,,0,100,,10181,6,,,0,99,,10185,6,,,0,200,,10182,6,,,0,100,,10194,6,,,0,99,,11462,6,,,0,100,,10191,6,,,0
600,'5454',855,,10175,6,,,0,200,,10180,6,,,0,100,,10170,6,,,0,101,,10177,6,,,0,103,,10167,6,,,0,241,,10172,6,,,0,101,,10179,6,,,0,100,,10178,6,,,0,100,,10171,6,,,0
600,'5658',655,,11854,6,,,0,94,,11858,6,,,0,206,,11856,6,,,0,545,,11857,6,,,0,501,,11855,6,,,0
600,'5659',750,,11850,6,,,0,306,,11852,6,,,0,451,,11851,6,,,0
600,'5660',750,,12446,6,,,0,306,,12448,6,,,0,451,,12447,6,,,0
600,'5661',655,,12449,6,,,0,94,,12453,6,,,0,206,,12451,6,,,0,545,,12452,6,,,0,501,,12450,6,,,0
600,'5663',855,,12455,6,,,0,100,,12454,6,,,0,946,,12456,6,,,0
801,'4614',550,,11891,4,0,18,0,205,,10304,4,0,18,0,96,,11479,4,0,18,0,201,,10300,4,0,18,0,104,,10310,4,0,18,0,102,,10303,4,0,18,0,199,,10306,4,0,18,0,101,,10305,4,0,18,0,101,,10316,4,0,18,0,99,,10308,4,0,18,0,100,,10309,4,0,18,0,100,,10307,4,0,18,0,100,,10313,4,0,18,0,101,,10314,4,0,18,0,100,,10317,4,0,18,0
801,'4616',649,,10335,4,0,18,0,302,,10337,4,0,18,0,101,,10338,4,0,18,0,105,,10346,4,0,18,0,101,,10347,4,0,18,0,242,,10340,4,0,18,0,100,,10341,4,0,18,0,100,,10349,4,0,18,0,159,,10334,4,0,18,0,100,,10343,4,0,18,0,100,,11477,4,0,18,0,100,,10345,4,0,18,0
801,'5289',1517,,10319,4,0,18,0
801,'5454',751,,10325,4,0,18,0,200,,10323,4,0,18,0,101,,10327,4,0,18,0,206,,10328,4,0,18,0,242,,10322,4,0,18,0,100,,10333,4,0,18,0,100,,10320,4,0,18,0,100,,10321,4,0,18,0,59,,10331,4,0,18,0,100,,10330,4,0,18,0
801,'5568',1417,,10350,4,0,18,0
801,'5658',852,,11895,4,0,18,0,305,,11893,4,0,18,0,202,,11894,4,0,18,0
801,'5659',649,,11888,4,0,18,0,303,,11890,4,0,18,0,406,,11889,4,0,18,0
801,'5660',649,,12482,4,0,18,0,303,,12484,4,0,18,0,406,,12483,4,0,18,0
801,'5661',852,,12488,4,0,18,0,305,,12486,4,0,18,0,202,,12487,4,0,18,0
801,'5663',751,,12492,4,0,18,0,101,,12489,4,0,18,0,507,,12490,4,0,18,0,441,,12491,4,0,18,0
4001,'4619',1511,,12674,6,,,0
4001,'5289',1451,,12675,6,,,0,60,,12676,6,,,0,101,,12677,6,,,0
4001,'5658',700,,12185,6,,,0,101,,12187,6,,,0,100,,12189,6,,,0,100,,12191,6,,,0,30,,12192,6,,,0,70,,12193,6,,,0,30,,12194,6,,,0,70,,12195,6,,,0,30,,12196,6,,,0,70,,12197,6,,,0,30,,12198,6,,,0,70,,12199,6,,,0,30,,12200,6,,,0,70,,12201,6,,,0,30,,12202,6,,,0,70,,12203,6,,,0,30,,12204,6,,,0,70,,12205,6,,,0,30,,12206,6,,,0,70,,12207,6,,,0,30,,12208,6,,,0,70,,12190,6,,,0,30,,12188,6,,,0,70,,12186,6,,,0
4001,'5659',625,,12148,6,,,0,31,,12149,6,,,0,70,,12151,6,,,0,15,,12153,6,,,0,16,,12150,6,,,0,56,,12154,6,,,0,14,,12128,6,,,0,17,,12155,6,,,0,15,,12130,6,,,0,56,,12156,6,,,0,15,,12129,6,,,0,15,,12157,6,,,0,55,,12131,6,,,0,15,,12158,6,,,0,15,,12132,6,,,0,15,,12159,6,,,0,55,,12133,6,,,0,15,,12160,6,,,0,15,,12134,6,,,0,15,,12161,6,,,0,55,,12135,6,,,0,15,,12162,6,,,0,15,,12136,6,,,0,15,,12163,6,,,0,55,,12137,6,,,0,15,,12164,6,,,0,15,,12138,6,,,0,15,,12165,6,,,0,55,,12139,6,,,0,11,,12166,6,,,0,10,,12167,6,,,0,10,,12140,6,,,0,10,,12168,6,,,0,10,,12209,6,,,0,50,,12141,6,,,0,10,,12184,6,,,0,10,,12170,6,,,0,11,,12143,6,,,0,10,,12169,6,,,0,10,,12171,6,,,0,50,,12142,6,,,0,10,,12210,6,,,0,10,,12172,6,,,0,10,,12144,6,,,0,14,,12173,6,,,0,55,,12152,6,,,0,15,,12174,6,,,0,15,,12146,6,,,0,15,,12175,6,,,0,55,,12145,6,,,0,15,,12176,6,,,0,15,,12147,6,,,0,15,,12177,6,,,0,55,,12127,6,,,0,30,,12126,6,,,0,71,,12125,6,,,0,29,,12121,6,,,0,70,,12124,6,,,0,30,,12120,6,,,0,69,,12123,6,,,0,30,,12119,6,,,0,70,,12122,6,,,0,30,,12118,6,,,0,70,,12178,6,,,0
4001,'5660',625,,12708,6,,,0,31,,12709,6,,,0,70,,12711,6,,,0,15,,12713,6,,,0,16,,12710,6,,,0,56,,12714,6,,,0,14,,12688,6,,,0,17,,12715,6,,,0,15,,12690,6,,,0,56,,12716,6,,,0,15,,12689,6,,,0,15,,12717,6,,,0,55,,12691,6,,,0,15,,12718,6,,,0,15,,12692,6,,,0,15,,12719,6,,,0,55,,12693,6,,,0,15,,12720,6,,,0,15,,12694,6,,,0,15,,12721,6,,,0,55,,12695,6,,,0,15,,12722,6,,,0,15,,12696,6,,,0,15,,12723,6,,,0,55,,12697,6,,,0,15,,12724,6,,,0,15,,12698,6,,,0,15,,12725,6,,,0,55,,12699,6,,,0,11,,12726,6,,,0,10,,12727,6,,,0,10,,12700,6,,,0,10,,12728,6,,,0,60,,12701,6,,,0,20,,12730,6,,,0,11,,12703,6,,,0,10,,12729,6,,,0,10,,12731,6,,,0,50,,12702,6,,,0,20,,12732,6,,,0,10,,12704,6,,,0,14,,12733,6,,,0,55,,12712,6,,,0,15,,12734,6,,,0,15,,12706,6,,,0,15,,12735,6,,,0,55,,12705,6,,,0,15,,12736,6,,,0,15,,12707,6,,,0,15,,12737,6,,,0,55,,12687,6,,,0,30,,12686,6,,,0,71,,12685,6,,,0,29,,12681,6,,,0,70,,12684,6,,,0,30,,12680,6,,,0,69,,12683,6,,,0,30,,12679,6,,,0,70,,12682,6,,,0,30,,12678,6,,,0,70,,12738,6,,,0
4001,'5661',700,,12739,6,,,0,101,,12741,6,,,0,100,,12743,6,,,0,100,,12745,6,,,0,30,,12746,6,,,0,70,,12747,6,,,0,30,,12748,6,,,0,70,,12749,6,,,0,30,,12750,6,,,0,70,,12751,6,,,0,30,,12752,6,,,0,70,,12753,6,,,0,30,,12754,6,,,0,70,,12755,6,,,0,30,,12756,6,,,0,70,,12757,6,,,0,30,,12758,6,,,0,70,,12759,6,,,0,30,,12760,6,,,0,70,,12761,6,,,0,30,,12762,6,,,0,70,,12744,6,,,0,30,,12742,6,,,0,70,,12740,6,,,0
4001,'5662',1451,,12763,6,,,0,161,,12764,6,,,0
4001,'5663',700,,12766,6,,,0,101,,12767,6,,,0,30,,12768,6,,,0,70,,12769,6,,,0,30,,12770,6,,,0,70,,12771,6,,,0,30,,12772,6,,,0,69,,12773,6,,,0,30,,12774,6,,,0,29,,12775,6,,,0,70,,12776,6,,,0,30,,12777,6,,,0,70,,12778,6,,,0,30,,12779,6,,,0,70,,12780,6,,,0,71,,12781,6,,,0,30,,12782,6,,,0,71,,12783,6,,,0,30,,12784,6,,,0,70,,12785,6,,,0,30,,12786,6,,,0,70,,12787,6,,,0,30,,12788,6,,,0,70,,12789,6,,,0,30,,12790,6,,,0,70,,12791,6,,,0,30,,12792,6,,,0,70,,12793,6,,,0,100,,12794,6,,,0,100,,12795,6,,,0,100,,12796,6,,,0
4001,'5664',1511,,12797,6,,,0
