2000,'4614',610,,10539,40,,,0,102,,10540,40,,,0,108,,10541,40,,,0,1187,,10537,40,,,0,198,,10538,40,,,0
2000,'4616',2008,,10559,40,,,0,198,,10564,40,,,0
2000,'5454',911,,10548,40,,,0,202,,10551,40,,,0,201,,10550,40,,,0,202,,10552,40,,,0,200,,10549,40,,,0,293,,10553,40,,,0
2001,'4614',752,,10579,32,,,0,72,,10572,32,,,0,188,,10578,32,,,0,434,,10576,32,,,0,764,,10570,32,,,0,196,,10571,32,,,0
2001,'4616',2011,,10603,32,,,0,200,,10596,32,,,0,196,,10593,32,,,0
2001,'5299',2010,,10583,32,,,0
2001,'5567',2010,,10606,32,,,0
2001,'5663',841,,12531,32,,,0
7200,'4614',636,,11669,4,,,0,70,,11672,4,,,0,30,,11670,4,,,0,71,,11113,4,,,0,101,,11115,4,,,0,100,,11671,4,,,0,30,,11118,4,,,0,70,,11119,4,,,0,30,,11120,4,,,0,70,,11121,4,,,0,30,,11122,4,,,0,70,,11123,4,,,0,30,,11124,4,,,0,71,,11125,4,,,0,32,,11126,4,,,0,70,,11127,4,,,0,101,,11129,4,,,0,30,,11130,4,,,0,68,,11131,4,,,0,30,,11132,4,,,0,69,,11133,4,,,0,29,,11134,4,,,0,198,,11136,4,,,0,100,,11137,4,,,0
7200,'4616',638,,11154,4,,,0,100,,11156,4,,,0,100,,11158,4,,,0,100,,11160,4,,,0,100,,11162,4,,,0,770,,11177,4,,,0,428,,11152,4,,,0
7200,'5454',738,,11139,4,,,0,100,,11140,4,,,0,100,,11141,4,,,0,100,,11142,4,,,0,100,,11143,4,,,0,300,,11146,4,,,0,100,,11147,4,,,0,100,,11148,4,,,0,100,,11149,4,,,0
7200,'5658',1238,,12258,4,,,0,100,,12259,4,,,0,500,,12260,4,,,0,100,,12261,4,,,0
7200,'5659',839,,12253,4,,,0,99,,12254,4,,,0,604,,12255,4,,,0,394,,12256,4,,,0,300,,12257,4,,,0
7200,'5660',839,,12808,4,,,0,99,,12809,4,,,0,604,,12810,4,,,0,394,,12811,4,,,0,300,,12812,4,,,0
7200,'5661',1238,,12813,4,,,0,100,,12814,4,,,0,500,,12815,4,,,0,100,,12816,4,,,0
7200,'5663',908,,12820,4,,,0,100,,12821,4,,,0,100,,12822,4,,,0,30,,12823,4,,,0,70,,12824,4,,,0,30,,12825,4,,,0,70,,12826,4,,,0,30,,12827,4,,,0,70,,12828,4,,,0,30,,12829,4,,,0,70,,12830,4,,,0,30,,12831,4,,,0,70,,12832,4,,,0,30,,12833,4,,,0,70,,12834,4,,,0,30,,12835,4,,,0,98,,12836,4,,,0,100,,12837,4,,,0,100,,12817,4,,,0,100,,12819,4,,,0,200,,12818,4,,,0
1002000,'4614',1247,,11739,46,,,0,207,,11373,46,,,0,103,,11369,46,,,0,184,,11374,46,,,0,367,,11375,46,,,0,199,,11376,46,,,0
1002000,'4616',638,,11389,46,,,0,201,,11388,46,,,0,200,,11391,46,,,0,101,,11392,46,,,0,100,,11393,46,,,0,201,,11395,46,,,0,100,,11400,46,,,0,100,,11396,46,,,0,98,,11397,46,,,0,174,,11398,46,,,0,196,,11399,46,,,0,198,,11387,46,,,0
1002000,'5299',1644,,11378,46,,,0,268,,11379,46,,,0
1002000,'5454',715,,11737,46,,,0,100,,11386,46,,,0
1002000,'5567',1644,,11402,46,,,0,268,,11403,46,,,0
1002000,'5659',845,,12333,46,,,0
1002000,'5660',845,,12882,46,,,0
1002000,'5663',739,,12885,46,,,0,200,,12883,46,,,0,401,,12884,46,,,0
1002001,'4614',853,,11409,32,,,0,661,,11406,32,,,0,99,,11407,32,,,0,100,,11413,32,,,0,100,,11414,32,,,0,98,,11415,32,,,0,199,,11416,32,,,0,198,,11417,32,,,0
1002001,'4616',739,,11438,32,,,0,272,,11426,32,,,0,200,,11428,32,,,0,101,,11437,32,,,0,100,,11429,32,,,0,100,,11430,32,,,0,100,,11431,32,,,0,100,,11432,32,,,0,100,,11433,32,,,0,99,,11434,32,,,0,200,,11435,32,,,0,198,,11436,32,,,0
1002001,'5454',911,,11418,32,,,0,201,,11419,32,,,0,201,,11420,32,,,0,200,,11421,32,,,0,200,,11422,32,,,0,199,,11424,32,,,0,198,,11423,32,,,0
1002001,'5659',1413,,12337,32,,,0
1002001,'5660',1413,,12887,32,,,0
1002001,'5663',911,,12889,32,,,0,200,,12890,32,,,0
