100,'4614',451,,11755,4,,,0,186,,9925,4,,,0,70,,9919,4,,,0,43,,9915,4,,,0,61,,9917,4,,,0,40,,9928,4,,,0,60,,11444,4,,,0,20,,9906,4,,,0,100,,9897,4,,,0,70,,9914,4,,,0,30,,9898,4,,,0,70,,9907,4,,,0,30,,9900,4,,,0,70,,9910,4,,,0,31,,9927,4,,,0,220,,9903,4,,,0,60,,9889,4,,,0,20,,9909,4,,,0,20,,9891,4,,,0,60,,9899,4,,,0,20,,9926,4,,,0,99,,9893,4,,,0,69,,9920,4,,,0,129,,9894,4,,,0,30,,9922,4,,,0,98,,9923,4,,,0,100,,9924,4,,,0,99,,9902,4,,,0
100,'4616',627,,9993,4,,,0,30,,9986,4,,,0,201,,9984,4,,,0,72,,9979,4,,,0,70,,9965,4,,,0,132,,9962,4,,,0,70,,9982,4,,,0,130,,9977,4,,,0,300,,11439,4,,,0,70,,9992,4,,,0,30,,9972,4,,,0,69,,9976,4,,,0,99,,9959,4,,,0,30,,9988,4,,,0,227,,9963,4,,,0,100,,9969,4,,,0,100,,9975,4,,,0
100,'5289',729,,12342,4,,,0
100,'5454',727,,9950,4,,,0,100,,9941,4,,,0,103,,9931,4,,,0,170,,9946,4,,,0,30,,9953,4,,,0,101,,9939,4,,,0,70,,9954,4,,,0,31,,9933,4,,,0,100,,9945,4,,,0,100,,9942,4,,,0,169,,9937,4,,,0,30,,9932,4,,,0,28,,9935,4,,,0,69,,9956,4,,,0,130,,9957,4,,,0,70,,9948,4,,,0,29,,9958,4,,,0
100,'5658',757,,11765,4,,,0,100,,11761,4,,,0,143,,11762,4,,,0,30,,11767,4,,,0,171,,11760,4,,,0,201,,11766,4,,,0,100,,11759,4,,,0,99,,11763,4,,,0,30,,11768,4,,,0,227,,11764,4,,,0,70,,11758,4,,,0
100,'5659',536,,11756,4,,,0,70,,11753,4,,,0,123,,11769,4,,,0,101,,11752,4,,,0,171,,11751,4,,,0,401,,11748,4,,,0,30,,11747,4,,,0,70,,11749,4,,,0,30,,11743,4,,,0,269,,11750,4,,,0,129,,11746,4,,,0,29,,11754,4,,,0,170,,11744,4,,,0,98,,11745,4,,,0
100,'5660',536,,12355,4,,,0,70,,12353,4,,,0,224,,12352,4,,,0,171,,12351,4,,,0,401,,12348,4,,,0,30,,12347,4,,,0,70,,12349,4,,,0,30,,12343,4,,,0,269,,12350,4,,,0,129,,12346,4,,,0,29,,12354,4,,,0,170,,12344,4,,,0,98,,12345,4,,,0
100,'5661',757,,12363,4,,,0,100,,12359,4,,,0,143,,12360,4,,,0,30,,12365,4,,,0,171,,12358,4,,,0,201,,12364,4,,,0,100,,12357,4,,,0,99,,12361,4,,,0,30,,12366,4,,,0,227,,12362,4,,,0,70,,12356,4,,,0
100,'5662',729,,12367,4,,,0
100,'5663',727,,12371,4,,,0,30,,12375,4,,,0,70,,12374,4,,,0,204,,12373,4,,,0,71,,12380,4,,,0,130,,12370,4,,,0,70,,12385,4,,,0,100,,12368,4,,,0,30,,12382,4,,,0,70,,12383,4,,,0,30,,12369,4,,,0,70,,12384,4,,,0,228,,12381,4,,,0,170,,12377,4,,,0,29,,12379,4,,,0,30,,12376,4,,,0,70,,12378,4,,,0,98,,12372,4,,,0
2500,'4614',738,,10609,3,0,5,0,288,,11595,3,,,0,404,,11965,3,,,0,402,,10613,3,,,0
2500,'4616',1026,,10622,3,,,0,397,,10621,3,,,0,201,,10623,3,,,0,202,,10619,3,,,0
2500,'5454',738,,11594,3,0,5,0,288,,10615,3,,,0,397,,10616,3,,,0,201,,10618,3,,,0,202,,10617,3,,,0
2500,'5659',1219,,11964,3,0,5,0
2500,'5660',1219,,12532,3,0,5,0
2500,'5663',738,,12533,3,0,5,0
3001,'4614',636,,10741,34,,,0,72,,10734,34,,,0,104,,10736,34,,,0,17,,10739,34,,,0,15,,10738,34,,,0,70,,10735,34,,,0,130,,10713,34,,,0,70,,11604,34,,,0,30,,10714,34,,,0,70,,10716,34,,,0,30,,10718,34,,,0,70,,10720,34,,,0,102,,10717,34,,,0,30,,10722,34,,,0,70,,10719,34,,,0,99,,10723,34,,,0,198,,10725,34,,,0,29,,10726,34,,,0,69,,10727,34,,,0,199,,10730,34,,,0,100,,10731,34,,,0,99,,10728,34,,,0,100,,10732,34,,,0
3001,'4616',741,,10757,34,,,0,101,,10758,34,,,0,100,,10759,34,,,0,71,,10760,34,,,0,30,,10761,34,,,0,70,,10762,34,,,0,30,,10763,34,,,0,101,,10765,34,,,0,70,,10766,34,,,0,30,,10767,34,,,0,70,,10768,34,,,0,30,,10769,34,,,0,100,,10771,34,,,0,69,,10772,34,,,0,99,,10774,34,,,0,129,,10777,34,,,0,70,,10778,34,,,0,200,,10780,34,,,0,297,,10783,34,,,0
3001,'5289',1546,,10743,34,,,0,169,,10742,34,,,0
3001,'5454',1012,,10746,34,,,0,100,,10747,34,,,0,202,,10749,34,,,0,100,,10750,34,,,0,199,,10752,34,,,0,100,,10753,34,,,0,197,,10755,34,,,0,100,,10756,34,,,0
3001,'5568',1546,,10785,34,,,0,169,,10784,34,,,0
3001,'5658',810,,12002,34,,,0,101,,12003,34,,,0,303,,12004,34,,,0,300,,12005,34,,,0,298,,12006,34,,,0
3001,'5659',738,,11999,34,,,0,120,,12001,34,,,0,85,,11994,34,,,0,71,,11995,34,,,0,332,,11996,34,,,0,299,,12000,34,,,0,100,,11997,34,,,0,266,,11998,34,,,0
3001,'5660',738,,12564,34,,,0,120,,12566,34,,,0,85,,12559,34,,,0,71,,12560,34,,,0,332,,12561,34,,,0,299,,12565,34,,,0,100,,12562,34,,,0,266,,12563,34,,,0
3001,'5661',810,,12567,34,,,0,101,,12568,34,,,0,303,,12569,34,,,0,300,,12570,34,,,0,298,,12571,34,,,0
3001,'5663',1214,,12572,34,,,0,300,,12573,34,,,0,129,,12574,34,,,0,100,,12575,34,,,0,68,,12576,34,,,0,200,,12577,34,,,0,199,,12578,34,,,0,99,,12579,34,,,0
