701,'4614',719,,10262,32,,,0,38,,11476,32,,,0,266,,10259,32,,,0,100,,10265,32,,,0,96,,10247,32,,,0,103,,11474,32,,,0,102,,10255,32,,,0,100,,10249,32,,,0,201,,10263,32,,,0,27,,10266,32,,,0,70,,10258,32,,,0,199,,10257,32,,,0,100,,10260,32,,,0,100,,10261,32,,,0,100,,10246,32,,,0
701,'4616',718,,10287,32,,,0,102,,10297,32,,,0,102,,10288,32,,,0,100,,10292,32,,,0,197,,10289,32,,,0,102,,10290,32,,,0,202,,10285,32,,,0,100,,10286,32,,,0,200,,10293,32,,,0,199,,10294,32,,,0
701,'5289',1625,,10267,32,,,0
701,'5454',922,,10280,32,,,0,100,,11473,32,,,0,197,,10272,32,,,0,102,,10271,32,,,0,101,,11472,32,,,0,101,,10269,32,,,0,100,,10281,32,,,0,200,,10276,32,,,0,99,,10270,32,,,0,100,,10268,32,,,0
701,'5568',1625,,10299,32,,,0
701,'5658',718,,11877,32,,,0,102,,11880,32,,,0,302,,11878,32,,,0,601,,11879,32,,,0
701,'5659',620,,11873,19,,,0,207,,11871,32,,,0,96,,11872,32,,,0,732,,11875,32,,,0,197,,11876,32,,,0,69,,11874,32,,,0
701,'5660',620,,12467,19,,,0,207,,12465,32,,,0,96,,12466,32,,,0,732,,12469,32,,,0,197,,12470,32,,,0,69,,12468,32,,,0
701,'5661',718,,12471,32,,,0,102,,12474,32,,,0,302,,12472,32,,,0,601,,12473,32,,,0
701,'5663',1122,,12475,32,,,0,300,,12476,32,,,0,301,,12481,32,,,0,199,,12477,32,,,0,200,,12479,32,,,0,99,,12478,32,,,0,100,,12480,32,,,0
