2000,'4614',556,,10539,18,0,9 12 2 5,0,100,,10540,18,0,9 12 2 5,0,103,,10541,18,0,9 12 2 5,0,99,,10534,18,,,0,200,,10542,18,,,0,201,,10544,18,,,0,100,,10535,18,,,0,246,,10545,18,,,0,97,,10546,18,,,0,99,,10536,18,,,0,151,,10537,18,0,9 12 2 5,0,199,,10538,18,0,9 12 2 5,0
2000,'4616',758,,10566,18,,,0,100,,10562,18,,,0,101,,10561,18,,,0,141,,10563,18,,,0,100,,10554,18,,,0,100,,10555,18,,,0,100,,10557,18,,,0,101,,10565,18,,,0,100,,10558,18,,,0,100,,10556,18,,,0,57,,10560,18,,,0,195,,10559,18,0,9 12 2 5,0,198,,10564,18,0,9 12 2 5,0
2000,'5454',858,,10548,18,0,9 12 2 5,0,201,,10551,18,0,9 12 2 5,0,241,,10550,18,0,9 12 2 5,0,201,,10552,18,0,9 12 2 5,0,200,,10549,18,0,9 12 2 5,0,255,,10553,18,0,9 12 2 5,0
2000,'5568',958,,11589,18,,,0,201,,11588,18,,,0
2000,'5602',958,,11591,18,,,0,201,,11590,18,,,0
9200,'4619',1411,,11282,14,,,0,2,,11679,14,,,0
9200,'5289',1520,,11284,14,,,0,2,,11283,14,,,0
9200,'5299',1426,,11285,14,,,0,2,,11286,14,,,0
1002000,'4614',628,,11370,24,,,0,112,,11371,24,,,0,87,,11377,24,,,0,103,,11372,24,,,0,200,,11365,24,,,0,201,,11367,24,,,0,104,,11373,24,,,0,89,,11368,24,,,0,15,,11369,24,,,0,185,,11374,24,,,0,330,,11375,24,,,0,199,,11376,24,,,0
1002000,'4616',623,,11389,24,,,0,100,,11401,24,,,0,100,,11388,24,,,0,100,,11390,24,,,0,100,,11391,24,,,0,101,,11392,24,,,0,100,,11393,24,,,0,100,,11394,24,,,0,101,,11395,24,,,0,100,,11400,24,,,0,100,,11396,24,,,0,98,,11397,24,,,0,135,,11398,24,,,0,196,,11399,24,,,0,199,,11387,24,,,0
1002000,'5299',1627,,11378,24,,,0,230,,11379,24,,,0
1002000,'5454',700,,11737,24,,,0,100,,11386,24,,,0,200,,11381,24,,,0,201,,11382,24,,,0,200,,11383,24,,,0,201,,11384,24,,,0,200,,11385,24,,,0
1002000,'5567',1627,,11402,24,,,0,230,,11403,24,,,0
1002000,'5608',1030,,11364,24,,,0,201,,11366,24,,,0
1002000,'5611',1030,,11738,24,,,0,201,,11739,24,,,0
