701,'4614',658,,10262,2,0,17,0,77,,11476,2,0,17,0,267,,10259,2,0,17,0,100,,10265,2,0,17,0,54,,10247,2,0,17,0,102,,11474,2,0,17,0,100,,10255,2,0,17,0,100,,10249,2,0,17,0,201,,10263,2,0,17,0,69,,10266,2,0,17,0,30,,10258,2,0,17,0,200,,10257,2,0,17,0,100,,10260,2,0,17,0,100,,10261,2,0,17,0,101,,10246,2,0,17,0
701,'4616',658,,10287,2,0,17,0,101,,10297,2,0,17,0,142,,10288,2,0,17,0,100,,10292,2,0,17,0,155,,10289,2,0,17,0,102,,10290,2,0,17,0,201,,10285,2,0,17,0,100,,10286,2,0,17,0,200,,10293,2,0,17,0,200,,10294,2,0,17,0
701,'5289',1559,,10267,2,0,17,0
701,'5454',901,,10280,2,0,17,0,100,,11473,2,0,17,0,155,,10272,2,0,17,0,102,,10271,2,0,17,0,100,,11472,2,0,17,0,101,,10269,2,0,17,0,100,,10281,2,0,17,0,241,,10276,2,0,17,0,59,,10270,2,0,17,0,100,,10268,2,0,17,0
701,'5568',1559,,10299,2,0,17,0
701,'5658',658,,11877,2,0,17,0,101,,11880,2,0,17,0,342,,11878,2,0,17,0,599,,11879,2,0,17,0
701,'5659',803,,11871,2,0,17,0,98,,11872,2,0,17,0,728,,11875,2,0,17,0,199,,11876,2,0,17,0,30,,11874,2,0,17,0
701,'5660',803,,12465,2,0,17,0,98,,12466,2,0,17,0,728,,12469,2,0,17,0,199,,12470,2,0,17,0,30,,12468,2,0,17,0
701,'5661',658,,12471,2,0,17,0,101,,12474,2,0,17,0,342,,12472,2,0,17,0,599,,12473,2,0,17,0
701,'5663',1101,,12475,2,0,17,0,257,,12476,2,0,17,0,301,,12481,2,0,17,0,200,,12477,2,0,17,0,200,,12479,2,0,17,0,99,,12478,2,0,17,0,100,,12480,2,0,17,0
