2000,'4614',610,,10539,38,,,0,102,,10540,38,,,0,107,,10541,38,,,0,1188,,10537,38,,,0,198,,10538,38,,,0
2000,'4616',2008,,10559,38,,,0,198,,10564,38,,,0
2000,'5454',911,,10548,38,,,0,202,,10551,38,,,0,201,,10550,38,,,0,202,,10552,38,,,0,200,,10549,38,,,0,293,,10553,38,,,0
2001,'4614',751,,10579,30,,,0,72,,10572,30,,,0,188,,10578,30,,,0,434,,10576,30,,,0,764,,10570,30,,,0,197,,10571,30,,,0
2001,'4616',840,,12531,30,,,0,1170,,10603,30,,,0,200,,10596,30,,,0,197,,10593,30,,,0
2001,'5299',2009,,10583,30,,,0
2001,'5567',2009,,10606,30,,,0
4001,'4614',651,,12708,31,,,0,72,,12709,31,,,0,33,,12711,31,,,0,55,,12713,31,,,0,17,,12710,31,,,0,17,,12714,31,,,0,13,,12688,31,,,0,55,,12715,31,,,0,15,,12690,31,,,0,16,,12716,31,,,0,14,,12689,31,,,0,56,,12717,31,,,0,15,,12691,31,,,0,15,,12718,31,,,0,15,,12692,31,,,0,55,,12719,31,,,0,16,,12693,31,,,0,15,,12720,31,,,0,55,,12694,31,,,0,15,,12721,31,,,0,15,,12695,31,,,0,15,,12722,31,,,0,56,,12696,31,,,0,15,,12723,31,,,0,15,,12697,31,,,0,15,,12724,31,,,0,55,,12698,31,,,0,16,,12725,31,,,0,15,,12699,31,,,0,11,,12726,31,,,0,10,,12727,31,,,0,51,,12700,31,,,0,10,,12728,31,,,0,20,,12701,31,,,0,20,,12730,31,,,0,50,,12703,31,,,0,10,,12729,31,,,0,10,,12731,31,,,0,10,,12702,31,,,0,20,,12732,31,,,0,50,,12704,31,,,0,14,,12733,31,,,0,14,,12712,31,,,0,15,,12734,31,,,0,54,,12706,31,,,0,14,,12735,31,,,0,14,,12705,31,,,0,15,,12736,31,,,0,15,,12707,31,,,0,55,,12737,31,,,0,14,,12687,31,,,0,29,,12686,31,,,0,71,,12685,31,,,0,29,,12681,31,,,0,69,,12684,31,,,0,29,,12680,31,,,0,69,,12683,31,,,0,29,,12679,31,,,0,69,,12682,31,,,0,30,,12678,31,,,0,70,,12738,31,,,0
4001,'4616',726,,12766,31,,,0,102,,12767,31,,,0,31,,12768,31,,,0,71,,12769,31,,,0,70,,12770,31,,,0,30,,12771,31,,,0,70,,12772,31,,,0,31,,12773,31,,,0,70,,12774,31,,,0,30,,12775,31,,,0,70,,12776,31,,,0,30,,12777,31,,,0,70,,12778,31,,,0,30,,12779,31,,,0,70,,12780,31,,,0,30,,12781,31,,,0,70,,12782,31,,,0,31,,12783,31,,,0,70,,12784,31,,,0,29,,12785,31,,,0,70,,12786,31,,,0,29,,12787,31,,,0,29,,12788,31,,,0,70,,12789,31,,,0,29,,12790,31,,,0,70,,12791,31,,,0,29,,12792,31,,,0,70,,12793,31,,,0,98,,12794,31,,,0,99,,12795,31,,,0,100,,12796,31,,,0
4001,'4619',1544,,12674,31,,,0
4001,'5289',1524,,12675,31,,,0,20,,12676,31,,,0,100,,12677,31,,,0
4001,'5299',1544,,12797,31,,,0
4001,'5454',725,,12739,31,,,0,103,,12741,31,,,0,101,,12743,31,,,0,100,,12745,31,,,0,30,,12746,31,,,0,70,,12747,31,,,0,71,,12748,31,,,0,31,,12749,31,,,0,70,,12750,31,,,0,30,,12751,31,,,0,71,,12752,31,,,0,28,,12753,31,,,0,70,,12754,31,,,0,30,,12755,31,,,0,70,,12756,31,,,0,30,,12757,31,,,0,70,,12758,31,,,0,30,,12759,31,,,0,28,,12760,31,,,0,70,,12761,31,,,0,30,,12762,31,,,0,70,,12744,31,,,0,29,,12742,31,,,0,70,,12740,31,,,0
4001,'5568',1524,,12763,31,,,0,120,,12764,31,,,0
7200,'4614',636,,11669,2,,,0,70,,11672,2,,,0,30,,11670,2,,,0,70,,11113,2,,,0,32,,12808,2,,,0,70,,11115,2,,,0,30,,12809,2,,,0,70,,11671,2,,,0,30,,11118,2,,,0,70,,11119,2,,,0,30,,11120,2,,,0,70,,11121,2,,,0,30,,11122,2,,,0,70,,11123,2,,,0,30,,11124,2,,,0,70,,11125,2,,,0,32,,11126,2,,,0,70,,11127,2,,,0,31,,12810,2,,,0,70,,11129,2,,,0,30,,11130,2,,,0,69,,11131,2,,,0,30,,11132,2,,,0,69,,11133,2,,,0,29,,11134,2,,,0,98,,12811,2,,,0,100,,11136,2,,,0,100,,11137,2,,,0,100,,12812,2,,,0
7200,'4616',638,,11154,2,,,0,100,,11156,2,,,0,100,,11158,2,,,0,70,,12820,2,,,0,30,,11160,2,,,0,70,,12821,2,,,0,30,,11162,2,,,0,70,,12822,2,,,0,30,,12823,2,,,0,70,,12824,2,,,0,30,,12825,2,,,0,70,,12826,2,,,0,30,,12827,2,,,0,70,,12828,2,,,0,30,,12829,2,,,0,70,,12830,2,,,0,30,,12831,2,,,0,70,,12832,2,,,0,30,,12833,2,,,0,70,,12834,2,,,0,30,,12835,2,,,0,70,,11177,2,,,0,28,,12836,2,,,0,100,,12837,2,,,0,100,,12817,2,,,0,100,,12819,2,,,0,100,,11152,2,,,0,100,,12818,2,,,0
7200,'5454',738,,11139,2,,,0,100,,11140,2,,,0,100,,11141,2,,,0,100,,11142,2,,,0,100,,11143,2,,,0,100,,12813,2,,,0,100,,12814,2,,,0,100,,11146,2,,,0,100,,11147,2,,,0,100,,11148,2,,,0,100,,11149,2,,,0,100,,12815,2,,,0,100,,12816,2,,,0
1002000,'4614',844,,12882,44,,,0,403,,11739,44,,,0,206,,11373,44,,,0,103,,11369,44,,,0,184,,11374,44,,,0,368,,11375,44,,,0,199,,11376,44,,,0
1002000,'4616',638,,11389,44,,,0,101,,12885,44,,,0,100,,11388,44,,,0,100,,12883,44,,,0,100,,11391,44,,,0,101,,11392,44,,,0,100,,11393,44,,,0,100,,12884,44,,,0,101,,11395,44,,,0,100,,11400,44,,,0,100,,11396,44,,,0,98,,11397,44,,,0,174,,11398,44,,,0,196,,11399,44,,,0,198,,11387,44,,,0
1002000,'5299',1643,,11378,44,,,0,269,,11379,44,,,0
1002000,'5454',715,,11737,44,,,0,100,,11386,44,,,0
1002000,'5567',1643,,11402,44,,,0,269,,11403,44,,,0
1002001,'4614',852,,11409,30,,,0,560,,12887,30,,,0,101,,11406,30,,,0,99,,11407,30,,,0,100,,11413,30,,,0,100,,11414,30,,,0,98,,11415,30,,,0,199,,11416,30,,,0,199,,11417,30,,,0
1002001,'4616',739,,11438,30,,,0,171,,12889,30,,,0,100,,11426,30,,,0,100,,12890,30,,,0,100,,11428,30,,,0,101,,11437,30,,,0,100,,11429,30,,,0,100,,11430,30,,,0,100,,11431,30,,,0,100,,11432,30,,,0,100,,11433,30,,,0,99,,11434,30,,,0,200,,11435,30,,,0,198,,11436,30,,,0
1002001,'5454',910,,11418,30,,,0,201,,11419,30,,,0,201,,11420,30,,,0,200,,11421,30,,,0,200,,11422,30,,,0,199,,11424,30,,,0,199,,11423,30,,,0
