100,'4614',452,,11755,6,,,0,186,,9925,6,,,0,70,,9919,6,,,0,43,,9915,6,,,0,61,,9917,6,,,0,40,,9928,6,,,0,60,,11444,6,,,0,20,,9906,6,,,0,100,,9897,6,,,0,70,,9914,6,,,0,30,,9898,6,,,0,70,,9907,6,,,0,30,,9900,6,,,0,70,,9910,6,,,0,31,,9927,6,,,0,220,,9903,6,,,0,60,,9889,6,,,0,20,,9909,6,,,0,20,,9891,6,,,0,60,,9899,6,,,0,20,,9926,6,,,0,99,,9893,6,,,0,69,,9920,6,,,0,129,,9894,6,,,0,70,,9922,6,,,0,58,,9923,6,,,0,100,,9924,6,,,0,99,,9902,6,,,0
100,'4616',628,,9993,6,,,0,30,,9986,6,,,0,201,,9984,6,,,0,72,,9979,6,,,0,70,,9965,6,,,0,132,,9962,6,,,0,70,,9982,6,,,0,130,,9977,6,,,0,300,,11439,6,,,0,70,,9992,6,,,0,30,,9972,6,,,0,69,,9976,6,,,0,99,,9959,6,,,0,30,,9988,6,,,0,227,,9963,6,,,0,100,,9969,6,,,0,100,,9975,6,,,0
100,'5289',730,,12342,6,,,0
100,'5454',728,,9950,6,,,0,100,,9941,6,,,0,103,,9931,6,,,0,170,,9946,6,,,0,30,,9953,6,,,0,101,,9939,6,,,0,70,,9954,6,,,0,31,,9933,6,,,0,100,,9945,6,,,0,100,,9942,6,,,0,169,,9937,6,,,0,30,,9932,6,,,0,68,,9935,6,,,0,29,,9956,6,,,0,130,,9957,6,,,0,70,,9948,6,,,0,29,,9958,6,,,0
100,'5658',758,,11765,6,,,0,100,,11761,6,,,0,143,,11762,6,,,0,30,,11767,6,,,0,171,,11760,6,,,0,201,,11766,6,,,0,100,,11759,6,,,0,99,,11763,6,,,0,30,,11768,6,,,0,227,,11764,6,,,0,70,,11758,6,,,0
100,'5659',537,,11756,6,,,0,70,,11753,6,,,0,123,,11769,6,,,0,101,,11752,6,,,0,171,,11751,6,,,0,401,,11748,6,,,0,30,,11747,6,,,0,70,,11749,6,,,0,30,,11743,6,,,0,269,,11750,6,,,0,129,,11746,6,,,0,69,,11754,6,,,0,130,,11744,6,,,0,98,,11745,6,,,0
100,'5660',537,,12355,6,,,0,70,,12353,6,,,0,224,,12352,6,,,0,171,,12351,6,,,0,401,,12348,6,,,0,30,,12347,6,,,0,70,,12349,6,,,0,30,,12343,6,,,0,269,,12350,6,,,0,129,,12346,6,,,0,69,,12354,6,,,0,130,,12344,6,,,0,98,,12345,6,,,0
100,'5661',758,,12363,6,,,0,100,,12359,6,,,0,143,,12360,6,,,0,30,,12365,6,,,0,171,,12358,6,,,0,201,,12364,6,,,0,100,,12357,6,,,0,99,,12361,6,,,0,30,,12366,6,,,0,227,,12362,6,,,0,70,,12356,6,,,0
100,'5662',730,,12367,6,,,0
100,'5663',728,,12371,6,,,0,30,,12375,6,,,0,70,,12374,6,,,0,204,,12373,6,,,0,71,,12380,6,,,0,130,,12370,6,,,0,70,,12385,6,,,0,100,,12368,6,,,0,30,,12382,6,,,0,70,,12383,6,,,0,30,,12369,6,,,0,70,,12384,6,,,0,228,,12381,6,,,0,170,,12377,6,,,0,29,,12379,6,,,0,70,,12376,6,,,0,30,,12378,6,,,0,98,,12372,6,,,0
2500,'4614',740,,10609,5,0,5,0,288,,11595,5,,,0,403,,11965,5,,,0,403,,10613,5,,,0
2500,'4616',1028,,10622,5,,,0,396,,10621,5,,,0,201,,10623,5,,,0,203,,10619,5,,,0
2500,'5454',739,,11594,5,0,5,0,289,,10615,5,,,0,396,,10616,5,,,0,201,,10618,5,,,0,203,,10617,5,,,0
2500,'5659',1220,,11964,5,0,5,0
2500,'5660',1220,,12532,5,0,5,0
2500,'5663',739,,12533,5,0,5,0
3000,'4614',700,,10665,20,,,0,15,,10669,20,,,0,16,,10661,20,,,0,99,,10668,20,,,0,71,,10662,20,,,0,30,,10640,20,,,0,70,,10641,20,,,0,132,,10644,20,,,0,70,,11602,20,,,0,30,,10646,20,,,0,70,,10648,20,,,0,30,,10649,20,,,0,103,,10647,20,,,0,70,,10651,20,,,0,31,,10666,20,,,0,71,,10652,20,,,0,29,,10667,20,,,0,69,,10653,20,,,0,198,,10656,20,,,0,99,,10657,20,,,0,200,,10659,20,,,0,99,,10660,20,,,0
3000,'4616',630,,10684,20,,,0,100,,10685,20,,,0,100,,10686,20,,,0,101,,10688,20,,,0,70,,10689,20,,,0,30,,10690,20,,,0,71,,10691,20,,,0,30,,10692,20,,,0,70,,10693,20,,,0,30,,10694,20,,,0,101,,10696,20,,,0,70,,10697,20,,,0,101,,10699,20,,,0,130,,10702,20,,,0,70,,10703,20,,,0,98,,10705,20,,,0,401,,10709,20,,,0,99,,10710,20,,,0
3000,'5454',802,,10672,20,,,0,301,,10675,20,,,0,101,,10676,20,,,0,201,,10678,20,,,0,100,,10679,20,,,0,200,,10681,20,,,0,100,,10682,20,,,0,98,,10683,20,,,0
3000,'5658',702,,11980,20,,,0,201,,11981,20,,,0,100,,11982,20,,,0,301,,11983,20,,,0,301,,11984,20,,,0
3000,'5659',630,,11977,20,,,0,115,,11979,20,,,0,56,,11978,20,,,0,230,,11971,20,,,0,71,,11972,20,,,0,301,,11973,20,,,0,333,,11974,20,,,0,69,,11975,20,,,0,298,,11976,20,,,0
3000,'5660',630,,12542,20,,,0,115,,12544,20,,,0,56,,12543,20,,,0,230,,12536,20,,,0,71,,12537,20,,,0,301,,12538,20,,,0,333,,12539,20,,,0,69,,12540,20,,,0,298,,12541,20,,,0
3000,'5661',702,,12545,20,,,0,201,,12546,20,,,0,100,,12547,20,,,0,301,,12548,20,,,0,301,,12549,20,,,0
3000,'5663',901,,12550,20,,,0,401,,12551,20,,,0,130,,12552,20,,,0,101,,12553,20,,,0,71,,12554,20,,,0,129,,12555,20,,,0,171,,12556,20,,,0,100,,12557,20,,,0,99,,12558,20,,,0
3001,'4614',637,,10741,36,,,0,72,,10734,36,,,0,105,,10736,36,,,0,16,,10739,36,,,0,15,,10738,36,,,0,70,,10735,36,,,0,130,,10713,36,,,0,70,,11604,36,,,0,30,,10714,36,,,0,70,,10716,36,,,0,30,,10718,36,,,0,70,,10720,36,,,0,102,,10717,36,,,0,31,,10722,36,,,0,70,,10719,36,,,0,99,,10723,36,,,0,197,,10725,36,,,0,29,,10726,36,,,0,69,,10727,36,,,0,199,,10730,36,,,0,100,,10731,36,,,0,99,,10728,36,,,0,100,,10732,36,,,0
3001,'4616',742,,10757,36,,,0,101,,10758,36,,,0,100,,10759,36,,,0,71,,10760,36,,,0,30,,10761,36,,,0,70,,10762,36,,,0,30,,10763,36,,,0,101,,10765,36,,,0,70,,10766,36,,,0,30,,10767,36,,,0,70,,10768,36,,,0,30,,10769,36,,,0,100,,10771,36,,,0,69,,10772,36,,,0,99,,10774,36,,,0,129,,10777,36,,,0,70,,10778,36,,,0,200,,10780,36,,,0,297,,10783,36,,,0
3001,'5289',1548,,10743,36,,,0,168,,10742,36,,,0
3001,'5454',1013,,10746,36,,,0,100,,10747,36,,,0,202,,10749,36,,,0,100,,10750,36,,,0,199,,10752,36,,,0,100,,10753,36,,,0,197,,10755,36,,,0,100,,10756,36,,,0
3001,'5568',1548,,10785,36,,,0,168,,10784,36,,,0
3001,'5658',811,,12002,36,,,0,101,,12003,36,,,0,303,,12004,36,,,0,300,,12005,36,,,0,298,,12006,36,,,0
3001,'5659',739,,11999,36,,,0,120,,12001,36,,,0,85,,11994,36,,,0,71,,11995,36,,,0,332,,11996,36,,,0,300,,12000,36,,,0,99,,11997,36,,,0,266,,11998,36,,,0
3001,'5660',739,,12564,36,,,0,120,,12566,36,,,0,85,,12559,36,,,0,71,,12560,36,,,0,332,,12561,36,,,0,300,,12565,36,,,0,99,,12562,36,,,0,266,,12563,36,,,0
3001,'5661',811,,12567,36,,,0,101,,12568,36,,,0,303,,12569,36,,,0,300,,12570,36,,,0,298,,12571,36,,,0
3001,'5663',1215,,12572,36,,,0,300,,12573,36,,,0,129,,12574,36,,,0,100,,12575,36,,,0,68,,12576,36,,,0,200,,12577,36,,,0,199,,12578,36,,,0,99,,12579,36,,,0
4001,'4614',1529,,12179,19,0,19 20 7,0
4001,'4619',1540,,12674,29,,,0
4001,'5289',1520,,12675,29,,,0,20,,12676,29,,,0,100,,12677,29,,,0
4001,'5658',722,,12185,29,,,0,103,,12187,29,,,0,101,,12189,29,,,0,100,,12191,29,,,0,30,,12192,29,,,0,70,,12193,29,,,0,31,,12194,29,,,0,71,,12195,29,,,0,30,,12196,29,,,0,70,,12197,29,,,0,30,,12198,29,,,0,69,,12199,29,,,0,30,,12200,29,,,0,70,,12201,29,,,0,30,,12202,29,,,0,70,,12203,29,,,0,30,,12204,29,,,0,70,,12205,29,,,0,28,,12206,29,,,0,70,,12207,29,,,0,30,,12208,29,,,0,70,,12190,29,,,0,29,,12188,29,,,0,70,,12186,29,,,0
4001,'5659',648,,12148,29,,,0,72,,12149,29,,,0,33,,12151,29,,,0,55,,12153,29,,,0,17,,12150,29,,,0,17,,12154,29,,,0,13,,12128,29,,,0,55,,12155,29,,,0,15,,12130,29,,,0,16,,12156,29,,,0,14,,12129,29,,,0,56,,12157,29,,,0,15,,12131,29,,,0,15,,12158,29,,,0,15,,12132,29,,,0,55,,12159,29,,,0,16,,12133,29,,,0,15,,12160,29,,,0,15,,12134,29,,,0,55,,12161,29,,,0,15,,12135,29,,,0,15,,12162,29,,,0,15,,12136,29,,,0,55,,12163,29,,,0,15,,12137,29,,,0,15,,12164,29,,,0,15,,12138,29,,,0,55,,12211,19,0,19 20 7,0,1,,12165,29,,,0,15,,12139,29,,,0,11,,12166,29,,,0,10,,12167,29,,,0,51,,12140,29,,,0,10,,12168,29,,,0,10,,12209,29,,,0,10,,12141,29,,,0,10,,12184,29,,,0,10,,12170,29,,,0,50,,12143,29,,,0,10,,12169,29,,,0,10,,12171,29,,,0,10,,12142,29,,,0,10,,12210,29,,,0,10,,12172,29,,,0,50,,12144,29,,,0,14,,12173,29,,,0,15,,12152,29,,,0,15,,12174,29,,,0,14,,12146,29,,,0,54,,12175,29,,,0,14,,12145,29,,,0,15,,12176,29,,,0,15,,12147,29,,,0,55,,12177,29,,,0,14,,12127,29,,,0,29,,12126,29,,,0,71,,12125,29,,,0,29,,12121,29,,,0,69,,12124,29,,,0,29,,12120,29,,,0,69,,12123,29,,,0,29,,12119,29,,,0,69,,12122,29,,,0,30,,12118,29,,,0,70,,12178,29,,,0
4001,'5660',648,,12708,29,,,0,72,,12709,29,,,0,33,,12711,29,,,0,55,,12713,29,,,0,17,,12710,29,,,0,17,,12714,29,,,0,13,,12688,29,,,0,55,,12715,29,,,0,15,,12690,29,,,0,16,,12716,29,,,0,14,,12689,29,,,0,56,,12717,29,,,0,15,,12691,29,,,0,15,,12718,29,,,0,15,,12692,29,,,0,55,,12719,29,,,0,16,,12693,29,,,0,15,,12720,29,,,0,15,,12694,29,,,0,55,,12721,29,,,0,15,,12695,29,,,0,15,,12722,29,,,0,15,,12696,29,,,0,55,,12723,29,,,0,15,,12697,29,,,0,15,,12724,29,,,0,15,,12698,29,,,0,56,,12725,29,,,0,15,,12699,29,,,0,11,,12726,29,,,0,10,,12727,29,,,0,51,,12700,29,,,0,10,,12728,29,,,0,20,,12701,29,,,0,20,,12730,29,,,0,50,,12703,29,,,0,10,,12729,29,,,0,10,,12731,29,,,0,10,,12702,29,,,0,20,,12732,29,,,0,50,,12704,29,,,0,14,,12733,29,,,0,15,,12712,29,,,0,15,,12734,29,,,0,14,,12706,29,,,0,54,,12735,29,,,0,14,,12705,29,,,0,15,,12736,29,,,0,15,,12707,29,,,0,55,,12737,29,,,0,14,,12687,29,,,0,29,,12686,29,,,0,71,,12685,29,,,0,29,,12681,29,,,0,69,,12684,29,,,0,29,,12680,29,,,0,69,,12683,29,,,0,29,,12679,29,,,0,69,,12682,29,,,0,30,,12678,29,,,0,70,,12738,29,,,0
4001,'5661',722,,12739,29,,,0,103,,12741,29,,,0,101,,12743,29,,,0,100,,12745,29,,,0,30,,12746,29,,,0,70,,12747,29,,,0,31,,12748,29,,,0,71,,12749,29,,,0,30,,12750,29,,,0,70,,12751,29,,,0,30,,12752,29,,,0,69,,12753,29,,,0,30,,12754,29,,,0,70,,12755,29,,,0,30,,12756,29,,,0,70,,12757,29,,,0,30,,12758,29,,,0,70,,12759,29,,,0,28,,12760,29,,,0,70,,12761,29,,,0,30,,12762,29,,,0,70,,12744,29,,,0,29,,12742,29,,,0,70,,12740,29,,,0
4001,'5662',1412,,12765,19,0,19 20 7,0,108,,12763,29,,,0,120,,12764,29,,,0
4001,'5663',723,,12766,29,,,0,102,,12767,29,,,0,31,,12768,29,,,0,71,,12769,29,,,0,30,,12770,29,,,0,70,,12771,29,,,0,30,,12772,29,,,0,71,,12773,29,,,0,30,,12774,29,,,0,69,,12775,29,,,0,30,,12776,29,,,0,70,,12777,29,,,0,30,,12778,29,,,0,70,,12779,29,,,0,30,,12780,29,,,0,71,,12781,29,,,0,30,,12782,29,,,0,71,,12783,29,,,0,30,,12784,29,,,0,69,,12785,29,,,0,30,,12786,29,,,0,69,,12787,29,,,0,29,,12788,29,,,0,70,,12789,29,,,0,29,,12790,29,,,0,70,,12791,29,,,0,29,,12792,29,,,0,70,,12793,29,,,0,98,,12794,29,,,0,99,,12795,29,,,0,100,,12796,29,,,0
4001,'5664',1540,,12797,29,,,0
