601,'4614',725,,11864,12,,,0,90,,11467,12,,,0,17,,11469,12,,,0,106,,10198,12,,,0,97,,11468,12,,,0,204,,10199,12,,,0,101,,10214,12,,,0,105,,10203,12,,,0,106,,10205,12,,,0,99,,10206,12,,,0,100,,10215,12,,,0,91,,10204,12,,,0,101,,10216,12,,,0,100,,10207,12,,,0,100,,10209,12,,,0,101,,10211,12,,,0,100,,10212,12,,,0
601,'4616',732,,10237,12,,,0,106,,10244,12,,,0,100,,10238,12,,,0,100,,10235,12,,,0,99,,10239,12,,,0,101,,10236,12,,,0,101,,10234,12,,,0,100,,10229,12,,,0,202,,10232,12,,,0,100,,10245,12,,,0,101,,10233,12,,,0,100,,10230,12,,,0,101,,10242,12,,,0,101,,10243,12,,,0,99,,11465,12,,,0
601,'5454',939,,10227,12,,,0,200,,10223,12,,,0,100,,10218,12,,,0,99,,10228,12,,,0,100,,10220,12,,,0,202,,10219,12,,,0,101,,10226,12,,,0,201,,10222,12,,,0
601,'5658',732,,11866,12,,,0,307,,11865,12,,,0,501,,11867,12,,,0,301,,11868,12,,,0
601,'5659',629,,11863,12,,,0,506,,11862,12,,,0
601,'5660',629,,12458,12,,,0,506,,12457,12,,,0
601,'5661',732,,12460,12,,,0,307,,12459,12,,,0,501,,12461,12,,,0,301,,12462,12,,,0
601,'5663',1540,,12463,12,,,0,805,,12464,12,,,0
801,'4614',553,,11891,11,0,18,0,206,,10304,11,0,18,0,96,,11479,11,0,18,0,200,,10300,11,0,18,0,145,,10310,11,0,18,0,102,,10303,11,0,18,0,200,,10306,11,0,18,0,101,,10305,11,0,18,0,100,,10316,11,0,18,0,99,,10308,11,0,18,0,100,,10309,11,0,18,0,100,,10307,11,0,18,0,100,,10313,11,0,18,0,100,,10314,11,0,18,0,100,,10317,11,0,18,0
801,'4616',652,,10335,11,0,18,0,302,,10337,11,0,18,0,101,,10338,11,0,18,0,145,,10346,11,0,18,0,102,,10347,11,0,18,0,202,,10340,11,0,18,0,100,,10341,11,0,18,0,100,,10349,11,0,18,0,199,,10334,11,0,18,0,100,,10343,11,0,18,0,100,,11477,11,0,18,0,99,,10345,11,0,18,0
801,'5289',1522,,10319,11,0,18,0
801,'5454',754,,10325,11,0,18,0,200,,10323,11,0,18,0,101,,10327,11,0,18,0,247,,10328,11,0,18,0,202,,10322,11,0,18,0,100,,10333,11,0,18,0,100,,10320,11,0,18,0,100,,10321,11,0,18,0,99,,10331,11,0,18,0,100,,10330,11,0,18,0
801,'5568',1422,,10350,11,0,18,0
801,'5658',855,,11895,11,0,18,0,345,,11893,11,0,18,0,203,,11894,11,0,18,0
801,'5659',652,,11888,11,0,18,0,303,,11890,11,0,18,0,447,,11889,11,0,18,0
801,'5660',652,,12482,11,0,18,0,303,,12484,11,0,18,0,447,,12483,11,0,18,0
801,'5661',855,,12488,11,0,18,0,345,,12486,11,0,18,0,203,,12487,11,0,18,0
801,'5663',754,,12492,11,0,18,0,101,,12489,11,0,18,0,548,,12490,11,0,18,0,401,,12491,11,0,18,0
