3001,'4614',647,,10741,45,,,0,72,,10734,45,,,0,105,,10736,45,,,0,16,,10739,45,,,0,15,,10738,45,,,0,70,,10735,45,,,0,130,,10713,45,,,0,70,,11604,45,,,0,30,,10714,45,,,0,71,,10716,45,,,0,30,,10718,45,,,0,70,,10720,45,,,0,102,,10717,45,,,0,31,,10722,45,,,0,71,,10719,45,,,0,97,,10723,45,,,0,197,,10725,45,,,0,29,,10726,45,,,0,69,,10727,45,,,0,198,,10730,45,,,0,100,,10731,45,,,0,99,,10728,45,,,0,99,,10732,45,,,0
3001,'4616',752,,10757,45,,,0,101,,10758,45,,,0,100,,10759,45,,,0,71,,10760,45,,,0,30,,10761,45,,,0,70,,10762,45,,,0,30,,10763,45,,,0,101,,10765,45,,,0,70,,10766,45,,,0,30,,10767,45,,,0,70,,10768,45,,,0,30,,10769,45,,,0,100,,10771,45,,,0,69,,10772,45,,,0,99,,10774,45,,,0,128,,10777,45,,,0,70,,10778,45,,,0,200,,10780,45,,,0,297,,10783,45,,,0
3001,'5289',1559,,10743,45,,,0,167,,10742,45,,,0
3001,'5454',1023,,10746,45,,,0,100,,10747,45,,,0,202,,10749,45,,,0,100,,10750,45,,,0,199,,10752,45,,,0,100,,10753,45,,,0,196,,10755,45,,,0,100,,10756,45,,,0
3001,'5568',1559,,10785,45,,,0,167,,10784,45,,,0
3001,'5658',821,,12002,45,,,0,101,,12003,45,,,0,303,,12004,45,,,0,300,,12005,45,,,0,297,,12006,45,,,0
3001,'5659',749,,11999,45,,,0,160,,12001,45,,,0,45,,11994,45,,,0,71,,11995,45,,,0,333,,11996,45,,,0,299,,12000,45,,,0,99,,11997,45,,,0,265,,11998,45,,,0
3001,'5660',749,,12564,45,,,0,160,,12566,45,,,0,45,,12559,45,,,0,71,,12560,45,,,0,333,,12561,45,,,0,299,,12565,45,,,0,99,,12562,45,,,0,265,,12563,45,,,0
3001,'5661',821,,12567,45,,,0,101,,12568,45,,,0,303,,12569,45,,,0,300,,12570,45,,,0,297,,12571,45,,,0
3001,'5663',1225,,12572,45,,,0,300,,12573,45,,,0,129,,12574,45,,,0,99,,12575,45,,,0,68,,12576,45,,,0,200,,12577,45,,,0,199,,12578,45,,,0,99,,12579,45,,,0
