2001,'4528',645,,9422,8,,,0,156,,8078,8,0,9 10 11,0,105,,8066,8,,,0,109,,9416,8,,,0,110,,9417,8,,,0,111,,9418,8,,,0,220,,9419,8,0,9 10 11,0,150,,9420,8,,,0,110,,8072,8,,,0,105,,8073,8,0,9 10 11,0,114,,9421,8,,,0,205,,8075,8,0,9 10 11,0,199,,8076,8,0,9 10 11,0
2001,'4532',915,,8085,8,,,0,88,,8089,8,,,0,348,,8088,8,,,0,102,,8082,8,,,0,686,,8084,8,0,9 10 11,0,199,,8081,8,0,9 10 11,0
2001,'5221',905,,8090,8,,,0,695,,8093,8,,,0
2001,'5560',1132,,8092,8,,,0,219,,8091,8,,,0,474,,8094,8,,,0
2001,'5562',1108,,9426,8,,,0,128,,9423,8,,,0,364,,9427,8,,,0,103,,9425,8,,,0,111,,9424,8,,,0
2001,'5563',1132,,9429,8,,,0,219,,9428,8,,,0,474,,9430,8,,,0
2501,'4528',825,,9440,8,,,0,216,,9441,9,,,0,217,,9442,8,,,0,174,,8113,9,,,0,373,,9443,9,,,0,225,,9444,8,,,0
2501,'4532',1256,,8118,9,,,0,775,,8116,9,,,0
2501,'5221',821,,8121,8,,,0,435,,8123,9,,,0,775,,8125,9,,,0
2501,'5560',1041,,8122,9,,,0,760,,8124,8,,,0
2501,'5562',821,,9445,8,,,0,220,,9446,9,,,0,760,,9447,8,,,0
2501,'5563',1041,,9448,9,,,0,760,,9449,8,,,0
1002001,'4528',720,,9868,8,,,0,110,,9869,8,,,0,220,,9870,8,,,0,150,,9871,8,,,0,111,,8826,8,,,0,35,,9872,8,,,0,75,,9873,8,,,0,220,,9874,8,,,0,111,,9875,8,,,0,148,,9876,8,,,0,138,,9877,8,,,0,202,,9878,8,,,0
1002001,'4532',717,,8838,8,,,0,437,,8845,8,,,0,157,,8844,8,,,0,330,,8836,8,,,0,109,,8842,8,,,0,267,,8846,8,,,0,220,,8843,8,,,0
1002001,'4623',924,,9879,8,,,0,607,,9880,8,,,0
1002001,'5221',1004,,8853,8,,,0,232,,8849,8,,,0,222,,8851,8,,,0,257,,8850,8,,,0
1002001,'5222',924,,9881,8,,,0,607,,9882,8,,,0
1002001,'5560',753,,8854,8,,,0,1267,,8852,8,,,0
1002001,'5562',830,,9886,8,,,0,110,,9883,8,,,0,111,,9885,8,,,0,370,,9884,8,,,0,104,,9888,8,,,0,389,,9887,8,,,0
1002001,'5563',753,,9890,8,,,0,1267,,9889,8,,,0
