2001,'4614',701,,10573,31,,,0,104,,10579,48,,,0,2,,10580,12,,,0,28,,10572,48,,,0,88,,10567,31,,,0,99,,10578,48,,,0,21,,10568,31,,,0,201,,10574,31,,,0,100,,10575,31,,,0,115,,10576,48,,,0,387,,10569,31,,,0,373,,10570,48,,,0,196,,10571,48,,,0
2001,'4616',850,,10602,48,,,0,97,,10597,31,,,0,100,,10601,31,,,0,100,,10598,31,,,0,101,,10591,31,,,0,100,,10600,31,,,0,100,,10604,31,,,0,100,,10594,31,,,0,99,,10599,31,,,0,100,,10595,31,,,0,99,,10592,31,,,0,174,,10603,48,,,0,200,,10596,48,,,0,195,,10593,48,,,0
2001,'5289',1649,,10581,31,,,0
2001,'5299',1549,,10584,31,,,0,199,,10582,31,,,0,271,,10583,48,,,0
2001,'5454',805,,11592,31,,,0,202,,10585,31,,,0,201,,10587,31,,,0,200,,10586,31,,,0,201,,10588,31,,,0,199,,10589,31,,,0
2001,'5567',1549,,10607,31,,,0,199,,10605,31,,,0,271,,10606,48,,,0
2001,'5568',1649,,10608,31,,,0
2001,'5608',1143,,10577,31,,,0
2001,'5611',1143,,11593,31,,,0
1002001,'4614',721,,11408,31,,,0,183,,11409,48,,,0,309,,11404,31,,,0,101,,11405,31,,,0,112,,11412,48,,,0,100,,11406,48,,,0,98,,11407,48,,,0,98,,11413,48,,,0,100,,11414,48,,,0,98,,11415,48,,,0,199,,11416,48,,,0,198,,11417,48,,,0
1002001,'4616',748,,11438,48,,,0,172,,11425,48,,,0,100,,11426,48,,,0,100,,11427,48,,,0,100,,11428,48,,,0,101,,11437,48,,,0,100,,11429,48,,,0,100,,11430,48,,,0,100,,11431,48,,,0,100,,11432,48,,,0,100,,11433,48,,,0,99,,11434,48,,,0,200,,11435,48,,,0,198,,11436,48,,,0
1002001,'5454',920,,11418,48,,,0,201,,11419,48,,,0,201,,11420,48,,,0,200,,11421,48,,,0,200,,11422,48,,,0,199,,11424,48,,,0,198,,11423,48,,,0
1002001,'5568',1113,,11740,31,,,0
1002001,'5602',1113,,11741,31,,,0
1002001,'5608',948,,11410,31,,,0
1002001,'5611',948,,11742,31,,,0
