3001,'4614',624,,10741,17,,,0,30,,10734,17,,,0,102,,10736,17,,,0,57,,10739,17,,,0,17,,10738,17,,,0,71,,10735,17,,,0,129,,10713,17,,,0,70,,11604,17,,,0,30,,10714,17,,,0,70,,10716,17,,,0,30,,10718,17,,,0,70,,10720,17,,,0,101,,10717,17,,,0,30,,10722,17,,,0,70,,10719,17,,,0,100,,10723,17,,,0,199,,10725,17,,,0,29,,10726,17,,,0,30,,10727,17,,,0,199,,10730,17,,,0,100,,10731,17,,,0,99,,10728,17,,,0,100,,10732,17,,,0
3001,'4616',729,,10757,17,,,0,100,,10758,17,,,0,100,,10759,17,,,0,71,,10760,17,,,0,30,,10761,17,,,0,70,,10762,17,,,0,30,,10763,17,,,0,101,,10765,17,,,0,70,,10766,17,,,0,30,,10767,17,,,0,70,,10768,17,,,0,30,,10769,17,,,0,100,,10771,17,,,0,70,,10772,17,,,0,99,,10774,17,,,0,129,,10777,17,,,0,30,,10778,17,,,0,200,,10780,17,,,0,298,,10783,17,,,0
3001,'5289',1531,,10743,17,,,0,170,,10742,17,,,0
3001,'5454',1000,,10746,17,,,0,100,,10747,17,,,0,201,,10749,17,,,0,100,,10750,17,,,0,200,,10752,17,,,0,100,,10753,17,,,0,157,,10755,17,,,0,100,,10756,17,,,0
3001,'5568',1531,,10785,17,,,0,170,,10784,17,,,0
3001,'5658',758,,12002,17,,,0,101,,12003,17,,,0,342,,12004,17,,,0,300,,12005,17,,,0,299,,12006,17,,,0
3001,'5659',724,,11999,17,,,0,121,,12001,17,,,0,85,,11994,17,,,0,70,,11995,17,,,0,331,,11996,17,,,0,300,,12000,17,,,0,100,,11997,17,,,0,228,,11998,17,,,0
3001,'5660',724,,12564,17,,,0,121,,12566,17,,,0,85,,12559,17,,,0,70,,12560,17,,,0,331,,12561,17,,,0,300,,12565,17,,,0,100,,12562,17,,,0,228,,12563,17,,,0
3001,'5661',758,,12567,17,,,0,101,,12568,17,,,0,342,,12569,17,,,0,300,,12570,17,,,0,299,,12571,17,,,0
3001,'5663',1201,,12572,17,,,0,300,,12573,17,,,0,130,,12574,17,,,0,100,,12575,17,,,0,28,,12576,17,,,0,200,,12577,17,,,0,199,,12578,17,,,0,99,,12579,17,,,0
