2001,'4614',703,,10573,34,,,0,105,,10579,51,,,0,2,,10580,15,,,0,27,,10572,51,,,0,88,,10567,34,,,0,99,,10578,51,,,0,21,,10568,34,,,0,100,,10577,34,,,0,101,,10574,34,,,0,100,,10575,34,,,0,155,,10576,51,,,0,347,,10569,34,,,0,373,,10570,51,,,0,196,,10571,51,,,0
2001,'5289',1651,,10581,34,,,0
2001,'5299',1551,,10584,34,,,0,199,,10582,34,,,0,271,,10583,51,,,0
2001,'5544',807,,10590,34,,,0,202,,10585,34,,,0,201,,10587,34,,,0,200,,10586,34,,,0,201,,10588,34,,,0,199,,10589,34,,,0
2001,'5547',852,,10602,51,,,0,97,,10597,34,,,0,100,,10601,34,,,0,100,,10598,34,,,0,101,,10591,34,,,0,100,,10600,34,,,0,100,,10604,34,,,0,100,,10594,34,,,0,99,,10599,34,,,0,100,,10595,34,,,0,99,,10592,34,,,0,174,,10603,51,,,0,200,,10596,51,,,0,195,,10593,51,,,0
2001,'5567',1551,,10607,34,,,0,199,,10605,34,,,0,271,,10606,51,,,0
2001,'5568',1651,,10608,34,,,0
1002001,'4614',723,,11408,34,,,0,183,,11409,51,,,0,44,,11410,34,,,0,165,,11411,34,,,0,100,,11404,34,,,0,101,,11405,34,,,0,112,,11412,51,,,0,100,,11406,51,,,0,98,,11407,51,,,0,98,,11413,51,,,0,100,,11414,51,,,0,98,,11415,51,,,0,199,,11416,51,,,0,198,,11417,51,,,0
1002001,'5544',922,,11418,51,,,0,201,,11419,51,,,0,201,,11420,51,,,0,200,,11421,51,,,0,200,,11422,51,,,0,199,,11424,51,,,0,198,,11423,51,,,0
1002001,'5547',750,,11438,51,,,0,172,,11425,51,,,0,100,,11426,51,,,0,100,,11427,51,,,0,100,,11428,51,,,0,101,,11437,51,,,0,100,,11429,51,,,0,100,,11430,51,,,0,100,,11431,51,,,0,100,,11432,51,,,0,100,,11433,51,,,0,99,,11434,51,,,0,200,,11435,51,,,0,198,,11436,51,,,0
