4001,'4614',1518,,12179,9,0,19 20 7,0
4001,'4619',1529,,12674,19,,,0
4001,'5289',1509,,12675,19,,,0,20,,12676,19,,,0,100,,12677,19,,,0
4001,'5658',713,,12185,19,,,0,102,,12187,19,,,0,101,,12189,19,,,0,100,,12191,19,,,0,30,,12192,19,,,0,70,,12193,19,,,0,31,,12194,19,,,0,70,,12195,19,,,0,30,,12196,19,,,0,70,,12197,19,,,0,30,,12198,19,,,0,70,,12199,19,,,0,30,,12200,19,,,0,70,,12201,19,,,0,30,,12202,19,,,0,70,,12203,19,,,0,30,,12204,19,,,0,70,,12205,19,,,0,29,,12206,19,,,0,70,,12207,19,,,0,30,,12208,19,,,0,70,,12190,19,,,0,30,,12188,19,,,0,70,,12186,19,,,0
4001,'5659',639,,12148,19,,,0,71,,12149,19,,,0,32,,12151,19,,,0,15,,12153,19,,,0,57,,12150,19,,,0,17,,12154,19,,,0,13,,12128,19,,,0,56,,12155,19,,,0,15,,12130,19,,,0,16,,12156,19,,,0,14,,12129,19,,,0,55,,12157,19,,,0,15,,12131,19,,,0,15,,12158,19,,,0,15,,12132,19,,,0,55,,12159,19,,,0,16,,12133,19,,,0,15,,12160,19,,,0,15,,12134,19,,,0,55,,12161,19,,,0,15,,12135,19,,,0,15,,12162,19,,,0,15,,12136,19,,,0,55,,12163,19,,,0,15,,12137,19,,,0,15,,12164,19,,,0,15,,12138,19,,,0,55,,12211,9,0,19 20 7,0,1,,12165,19,,,0,15,,12139,19,,,0,11,,12166,19,,,0,10,,12167,19,,,0,11,,12140,19,,,0,10,,12168,19,,,0,50,,12209,19,,,0,10,,12141,19,,,0,10,,12184,19,,,0,10,,12170,19,,,0,10,,12143,19,,,0,10,,12169,19,,,0,50,,12171,19,,,0,10,,12142,19,,,0,10,,12210,19,,,0,10,,12172,19,,,0,10,,12144,19,,,0,54,,12173,19,,,0,15,,12152,19,,,0,15,,12174,19,,,0,15,,12146,19,,,0,54,,12175,19,,,0,14,,12145,19,,,0,15,,12176,19,,,0,15,,12147,19,,,0,55,,12177,19,,,0,14,,12127,19,,,0,30,,12126,19,,,0,71,,12125,19,,,0,29,,12121,19,,,0,69,,12124,19,,,0,30,,12120,19,,,0,69,,12123,19,,,0,30,,12119,19,,,0,69,,12122,19,,,0,30,,12118,19,,,0,70,,12178,19,,,0
4001,'5660',639,,12708,19,,,0,71,,12709,19,,,0,32,,12711,19,,,0,15,,12713,19,,,0,57,,12710,19,,,0,17,,12714,19,,,0,13,,12688,19,,,0,56,,12715,19,,,0,15,,12690,19,,,0,16,,12716,19,,,0,14,,12689,19,,,0,55,,12717,19,,,0,15,,12691,19,,,0,15,,12718,19,,,0,15,,12692,19,,,0,55,,12719,19,,,0,16,,12693,19,,,0,15,,12720,19,,,0,15,,12694,19,,,0,55,,12721,19,,,0,15,,12695,19,,,0,15,,12722,19,,,0,15,,12696,19,,,0,55,,12723,19,,,0,15,,12697,19,,,0,15,,12724,19,,,0,15,,12698,19,,,0,56,,12725,19,,,0,15,,12699,19,,,0,11,,12726,19,,,0,10,,12727,19,,,0,11,,12700,19,,,0,10,,12728,19,,,0,60,,12701,19,,,0,20,,12730,19,,,0,10,,12703,19,,,0,10,,12729,19,,,0,50,,12731,19,,,0,10,,12702,19,,,0,20,,12732,19,,,0,10,,12704,19,,,0,54,,12733,19,,,0,15,,12712,19,,,0,15,,12734,19,,,0,15,,12706,19,,,0,54,,12735,19,,,0,14,,12705,19,,,0,15,,12736,19,,,0,15,,12707,19,,,0,55,,12737,19,,,0,14,,12687,19,,,0,30,,12686,19,,,0,71,,12685,19,,,0,29,,12681,19,,,0,69,,12684,19,,,0,30,,12680,19,,,0,69,,12683,19,,,0,30,,12679,19,,,0,69,,12682,19,,,0,30,,12678,19,,,0,70,,12738,19,,,0
4001,'5661',713,,12739,19,,,0,102,,12741,19,,,0,101,,12743,19,,,0,100,,12745,19,,,0,30,,12746,19,,,0,70,,12747,19,,,0,31,,12748,19,,,0,70,,12749,19,,,0,30,,12750,19,,,0,70,,12751,19,,,0,30,,12752,19,,,0,70,,12753,19,,,0,30,,12754,19,,,0,70,,12755,19,,,0,30,,12756,19,,,0,70,,12757,19,,,0,30,,12758,19,,,0,70,,12759,19,,,0,29,,12760,19,,,0,70,,12761,19,,,0,30,,12762,19,,,0,70,,12744,19,,,0,30,,12742,19,,,0,70,,12740,19,,,0
4001,'5662',1401,,12765,9,0,19 20 7,0,108,,12763,19,,,0,120,,12764,19,,,0
4001,'5663',714,,12766,19,,,0,102,,12767,19,,,0,30,,12768,19,,,0,70,,12769,19,,,0,30,,12770,19,,,0,70,,12771,19,,,0,30,,12772,19,,,0,71,,12773,19,,,0,30,,12774,19,,,0,69,,12775,19,,,0,30,,12776,19,,,0,70,,12777,19,,,0,30,,12778,19,,,0,70,,12779,19,,,0,30,,12780,19,,,0,71,,12781,19,,,0,30,,12782,19,,,0,71,,12783,19,,,0,30,,12784,19,,,0,70,,12785,19,,,0,30,,12786,19,,,0,69,,12787,19,,,0,29,,12788,19,,,0,70,,12789,19,,,0,30,,12790,19,,,0,70,,12791,19,,,0,29,,12792,19,,,0,70,,12793,19,,,0,99,,12794,19,,,0,99,,12795,19,,,0,100,,12796,19,,,0
4001,'5664',1529,,12797,19,,,0
