2000,'4614',617,,10539,49,,,0,102,,10540,49,,,0,108,,10541,49,,,0,81,,10534,32,,,0,200,,10542,32,,,0,202,,10544,32,,,0,100,,10535,32,,,0,206,,10545,32,,,0,97,,10546,32,,,0,98,,10536,32,,,0,203,,10537,49,,,0,198,,10538,49,,,0
2000,'4616',908,,10562,32,,,0,202,,10563,32,,,0,200,,10555,32,,,0,100,,10557,32,,,0,101,,10565,32,,,0,100,,10558,32,,,0,100,,10556,32,,,0,97,,10560,32,,,0,207,,10559,49,,,0,198,,10564,49,,,0
2000,'5289',1008,,12524,32,,,0,202,,12523,32,,,0
2000,'5454',918,,10548,49,,,0,202,,10551,49,,,0,201,,10550,49,,,0,202,,10552,49,,,0,200,,10549,49,,,0,293,,10553,49,,,0
2000,'5659',1008,,11958,32,,,0,202,,11957,32,,,0
2000,'5662',1008,,12526,32,,,0,202,,12525,32,,,0
2000,'5663',808,,12529,32,,,0,201,,12528,32,,,0,201,,12527,32,,,0
7200,'4614',644,,11669,16,,,0,70,,11672,16,,,0,31,,11670,16,,,0,71,,11113,16,,,0,101,,11115,16,,,0,100,,11671,16,,,0,30,,11118,16,,,0,70,,11119,16,,,0,30,,11120,16,,,0,70,,11121,16,,,0,30,,11122,16,,,0,70,,11123,16,,,0,30,,11124,16,,,0,71,,11125,16,,,0,32,,11126,16,,,0,71,,11127,16,,,0,100,,11129,16,,,0,30,,11130,16,,,0,68,,11131,16,,,0,30,,11132,16,,,0,69,,11133,16,,,0,29,,11134,16,,,0,197,,11136,16,,,0,100,,11137,16,,,0
7200,'4616',646,,11154,16,,,0,101,,11156,16,,,0,100,,11158,16,,,0,100,,11160,16,,,0,100,,11162,16,,,0,770,,11177,16,,,0,427,,11152,16,,,0
7200,'5454',746,,11139,16,,,0,101,,11140,16,,,0,100,,11141,16,,,0,100,,11142,16,,,0,100,,11143,16,,,0,300,,11146,16,,,0,100,,11147,16,,,0,100,,11148,16,,,0,100,,11149,16,,,0
7200,'5658',1247,,12258,16,,,0,100,,12259,16,,,0,500,,12260,16,,,0,99,,12261,16,,,0
7200,'5659',848,,12253,16,,,0,99,,12254,16,,,0,604,,12255,16,,,0,393,,12256,16,,,0,300,,12257,16,,,0
7200,'5660',848,,12808,16,,,0,99,,12809,16,,,0,604,,12810,16,,,0,393,,12811,16,,,0,300,,12812,16,,,0
7200,'5661',1247,,12813,16,,,0,100,,12814,16,,,0,500,,12815,16,,,0,99,,12816,16,,,0
7200,'5663',917,,12820,16,,,0,100,,12821,16,,,0,100,,12822,16,,,0,30,,12823,16,,,0,70,,12824,16,,,0,30,,12825,16,,,0,70,,12826,16,,,0,30,,12827,16,,,0,70,,12828,16,,,0,30,,12829,16,,,0,70,,12830,16,,,0,30,,12831,16,,,0,70,,12832,16,,,0,30,,12833,16,,,0,70,,12834,16,,,0,30,,12835,16,,,0,98,,12836,16,,,0,99,,12837,16,,,0,100,,12817,16,,,0,100,,12819,16,,,0,200,,12818,16,,,0
1002000,'4614',638,,11370,38,,,0,113,,11371,38,,,0,189,,11372,38,,,0,100,,11738,38,,,0,214,,11739,55,,,0,88,,11367,38,,,0,159,,11373,55,,,0,103,,11369,55,,,0,144,,11374,55,,,0,367,,11375,55,,,0,199,,11376,55,,,0
1002000,'4616',645,,11389,55,,,0,201,,11388,55,,,0,200,,11391,55,,,0,101,,11392,55,,,0,100,,11393,55,,,0,201,,11395,55,,,0,100,,11400,55,,,0,100,,11396,55,,,0,98,,11397,55,,,0,174,,11398,55,,,0,196,,11399,55,,,0,198,,11387,55,,,0
1002000,'5299',1651,,11378,55,,,0,268,,11379,55,,,0
1002000,'5454',721,,11737,55,,,0,100,,11386,55,,,0,189,,11381,38,,,0,201,,11382,38,,,0,200,,11383,38,,,0,202,,11384,38,,,0,199,,11385,38,,,0
1002000,'5567',1651,,11402,55,,,0,268,,11403,55,,,0
1002000,'5659',852,,12333,55,,,0,289,,12331,38,,,0,395,,12332,38,,,0
1002000,'5660',852,,12882,55,,,0,289,,12880,38,,,0,395,,12881,38,,,0
1002000,'5663',746,,12885,55,,,0,200,,12883,55,,,0,401,,12884,55,,,0
