901,'4614',510,,11577,2,,,0,37,,11576,2,,,0,79,,12503,2,,,0,25,,11574,2,,,0,70,,11930,2,,,0,30,,11560,2,,,0,70,,11932,2,,,0,100,,11919,2,,,0,100,,11579,2,,,0,100,,11562,2,,,0,100,,11920,2,,,0,100,,11563,2,,,0,100,,11921,2,,,0,100,,12500,2,,,0,30,,11923,2,,,0,70,,11924,2,,,0,30,,12504,2,,,0,70,,11934,2,,,0,100,,12502,2,,,0,100,,11928,2,,,0,100,,12501,2,,,0,100,,11929,2,,,0,201,,11927,2,,,0
901,'4616',626,,12505,2,,,0,100,,11533,2,,,0,32,,11534,2,,,0,68,,12507,2,,,0,95,,11539,2,,,0,100,,11536,2,,,0,100,,12506,2,,,0,100,,11544,2,,,0,100,,11537,2,,,0,100,,11538,2,,,0,100,,11541,2,,,0,30,,11546,2,,,0,70,,11531,2,,,0,100,,11540,2,,,0,100,,11543,2,,,0,100,,11542,2,,,0,200,,11532,2,,,0
901,'4619',1451,,11935,2,,,0
901,'4931',1451,,11936,2,,,0
901,'5454',723,,11551,2,,,0,78,,11555,2,,,0,150,,11553,2,,,0,170,,11556,2,,,0,100,,11554,2,,,0,100,,11548,2,,,0,100,,11557,2,,,0,100,,11549,2,,,0,33,,11559,2,,,0,67,,11550,2,,,0,130,,11558,2,,,0,168,,11552,2,,,0
4000,'4614',556,,12609,2,,,0,70,,10853,2,,,0,15,,10879,2,,,0,15,,12610,2,,,0,55,,12630,2,,,0,8,,10880,2,0,6 7,0,7,,11643,2,,,0,6,,12631,2,0,6 7,0,4,,10884,2,0,6 7,0,5,,12629,2,,,0,8,,12632,2,0,6 7,0,7,,12611,2,,,0,48,,11648,2,0,6 7,0,7,,12628,2,,,0,15,,12589,2,,,0,15,,12612,2,,,0,15,,10831,2,,,0,55,,11644,2,,,0,15,,12590,2,,,0,15,,12613,2,,,0,15,,12591,2,,,0,55,,10860,2,,,0,15,,12592,2,,,0,15,,12614,2,,,0,15,,12593,2,,,0,55,,12615,2,,,0,15,,12594,2,,,0,15,,12616,2,,,0,15,,12595,2,,,0,55,,10864,2,,,0,15,,12596,2,,,0,15,,12617,2,,,0,15,,12597,2,,,0,55,,12618,2,,,0,15,,12598,2,,,0,15,,12619,2,,,0,15,,12599,2,,,0,55,,12620,2,,,0,15,,10841,2,,,0,15,,12621,2,,,0,15,,12600,2,,,0,55,,12622,2,,,0,15,,12601,2,,,0,15,,12623,2,,,0,15,,12602,2,,,0,55,,12624,2,,,0,15,,12603,2,,,0,15,,12625,2,,,0,15,,12604,2,,,0,70,,12605,2,,,0,15,,12626,2,,,0,15,,12606,2,,,0,70,,12607,2,,,0,30,,12608,2,,,0,70,,12586,2,,,0,30,,10827,2,,,0,70,,10825,2,,,0,30,,12587,2,,,0,70,,12585,2,,,0,30,,12588,2,,,0,70,,12584,2,,,0,30,,12627,2,,,0
4000,'4616',626,,12672,2,,,0,100,,10937,2,,,0,30,,10938,2,,,0,70,,10939,2,,,0,30,,12673,2,,,0,70,,12661,2,,,0,30,,12658,2,,,0,70,,12656,2,,,0,30,,12665,2,,,0,70,,12671,2,,,0,31,,12653,2,,,0,70,,12657,2,,,0,30,,10914,2,,,0,70,,12667,2,,,0,30,,10917,2,,,0,70,,11638,2,,,0,30,,10929,2,,,0,70,,10924,2,,,0,30,,10911,2,,,0,70,,12659,2,,,0,29,,12660,2,,,0,70,,12664,2,,,0,30,,12662,2,,,0,70,,12666,2,,,0,30,,12669,2,,,0,70,,12655,2,,,0,30,,12663,2,,,0,100,,12668,2,,,0,100,,12654,2,,,0,100,,12670,2,,,0
4000,'4619',1711,,12075,2,,,0
4000,'4931',1711,,12076,2,,,0
4000,'5454',656,,12633,2,,,0,100,,12635,2,,,0,100,,12637,2,,,0,70,,10892,2,,,0,30,,12638,2,,,0,70,,10894,2,,,0,30,,12639,2,,,0,70,,12640,2,,,0,30,,12641,2,,,0,70,,12642,2,,,0,31,,12643,2,,,0,70,,12644,2,,,0,30,,12645,2,,,0,71,,12646,2,,,0,28,,12647,2,,,0,70,,10904,2,,,0,30,,10905,2,,,0,70,,12648,2,,,0,30,,12649,2,,,0,69,,12650,2,,,0,31,,12651,2,,,0,70,,12652,2,,,0,30,,12634,2,,,0,70,,12636,2,,,0
1002000,'4614',616,,11370,2,,,0,110,,11371,2,,,0,85,,12882,2,,,0,105,,11372,2,,,0,100,,11738,2,,,0,100,,12880,2,,,0,101,,11739,2,,,0,99,,11367,2,,,0,102,,11373,2,,,0,83,,12881,2,,,0,22,,11369,2,,,0,186,,11374,2,,,0,332,,11375,2,,,0,200,,11376,2,,,0
1002000,'4616',611,,11389,2,,,0,100,,12885,2,,,0,100,,11388,2,,,0,100,,12883,2,,,0,100,,11391,2,,,0,100,,11392,2,,,0,100,,11393,2,,,0,100,,12884,2,,,0,100,,11395,2,,,0,100,,11400,2,,,0,100,,11396,2,,,0,98,,11397,2,,,0,135,,11398,2,,,0,197,,11399,2,,,0,200,,11387,2,,,0
1002000,'5299',1611,,11378,2,,,0,233,,11379,2,,,0
1002000,'5454',648,,11737,2,,,0,100,,11386,2,,,0,200,,11381,2,,,0,200,,11382,2,,,0,200,,11383,2,,,0,200,,11384,2,,,0,200,,11385,2,,,0
1002000,'5567',1611,,11402,2,,,0,233,,11403,2,,,0
