3001,'4614',619,,10741,11,,,0,30,,10734,11,,,0,101,,10736,11,,,0,57,,10739,11,,,0,17,,10738,11,,,0,31,,10735,11,,,0,169,,10713,11,,,0,30,,11604,11,,,0,70,,10714,11,,,0,30,,10716,11,,,0,70,,10718,11,,,0,30,,10720,11,,,0,101,,10717,11,,,0,70,,10722,11,,,0,30,,10719,11,,,0,100,,10723,11,,,0,200,,10725,11,,,0,69,,10726,11,,,0,30,,10727,11,,,0,199,,10730,11,,,0,100,,10731,11,,,0,100,,10728,11,,,0,100,,10732,11,,,0
3001,'4616',724,,10757,11,,,0,100,,10758,11,,,0,100,,10759,11,,,0,31,,10760,11,,,0,70,,10761,11,,,0,30,,10762,11,,,0,70,,10763,11,,,0,100,,10765,11,,,0,30,,10766,11,,,0,70,,10767,11,,,0,30,,10768,11,,,0,70,,10769,11,,,0,100,,10771,11,,,0,30,,10772,11,,,0,100,,10774,11,,,0,169,,10777,11,,,0,30,,10778,11,,,0,200,,10780,11,,,0,299,,10783,11,,,0
3001,'5289',1525,,10743,11,,,0,130,,10742,11,,,0
3001,'5454',955,,10746,11,,,0,100,,10747,11,,,0,200,,10749,11,,,0,100,,10750,11,,,0,200,,10752,11,,,0,100,,10753,11,,,0,199,,10755,11,,,0,100,,10756,11,,,0
3001,'5568',1525,,10785,11,,,0,130,,10784,11,,,0
3001,'5658',753,,12002,11,,,0,101,,12003,11,,,0,301,,12004,11,,,0,300,,12005,11,,,0,300,,12006,11,,,0
3001,'5659',719,,11999,11,,,0,120,,12001,11,,,0,85,,11994,11,,,0,30,,11995,11,,,0,371,,11996,11,,,0,300,,12000,11,,,0,100,,11997,11,,,0,229,,11998,11,,,0
3001,'5660',719,,12564,11,,,0,120,,12566,11,,,0,85,,12559,11,,,0,30,,12560,11,,,0,371,,12561,11,,,0,300,,12565,11,,,0,100,,12562,11,,,0,229,,12563,11,,,0
3001,'5661',753,,12567,11,,,0,101,,12568,11,,,0,301,,12569,11,,,0,300,,12570,11,,,0,300,,12571,11,,,0
3001,'5663',1155,,12572,11,,,0,300,,12573,11,,,0,170,,12574,11,,,0,101,,12575,11,,,0,28,,12576,11,,,0,200,,12577,11,,,0,200,,12578,11,,,0,99,,12579,11,,,0
