2000,'4614',616,,10539,48,,,0,102,,10540,48,,,0,108,,10541,48,,,0,81,,10534,31,,,0,200,,10542,31,,,0,201,,10544,31,,,0,100,,10535,31,,,0,207,,10545,31,,,0,97,,10546,31,,,0,98,,10536,31,,,0,203,,10537,48,,,0,198,,10538,48,,,0
2000,'4616',907,,10562,31,,,0,202,,10563,31,,,0,200,,10555,31,,,0,100,,10557,31,,,0,101,,10565,31,,,0,100,,10558,31,,,0,100,,10556,31,,,0,97,,10560,31,,,0,207,,10559,48,,,0,198,,10564,48,,,0
2000,'5289',1007,,11956,31,,,0,201,,11955,31,,,0
2000,'5454',917,,10548,48,,,0,202,,10551,48,,,0,201,,10550,48,,,0,202,,10552,48,,,0,200,,10549,48,,,0,293,,10553,48,,,0
2000,'5568',1007,,11958,31,,,0,201,,11957,31,,,0
2000,'5640',807,,11961,31,,,0,201,,11960,31,,,0,201,,11959,31,,,0
1002000,'4614',637,,11370,37,,,0,113,,11371,37,,,0,101,,12333,54,,,0,88,,11372,37,,,0,100,,11738,37,,,0,100,,12331,37,,,0,114,,11739,54,,,0,87,,11367,37,,,0,160,,11373,54,,,0,34,,12332,37,,,0,69,,11369,54,,,0,144,,11374,54,,,0,367,,11375,54,,,0,199,,11376,54,,,0
1002000,'4616',644,,11389,54,,,0,201,,11388,54,,,0,200,,11391,54,,,0,101,,11392,54,,,0,100,,11393,54,,,0,201,,11395,54,,,0,100,,11400,54,,,0,100,,11396,54,,,0,98,,11397,54,,,0,174,,11398,54,,,0,196,,11399,54,,,0,198,,11387,54,,,0
1002000,'5299',1650,,11378,54,,,0,268,,11379,54,,,0
1002000,'5454',720,,11737,54,,,0,100,,11386,54,,,0,189,,11381,37,,,0,201,,11382,37,,,0,200,,11383,37,,,0,202,,11384,37,,,0,199,,11385,37,,,0
1002000,'5567',1650,,11402,54,,,0,268,,11403,54,,,0
1002000,'5640',745,,12336,54,,,0,200,,12334,54,,,0,401,,12335,54,,,0
