4001,'4614',1530,,12179,20,4,,0
4001,'4619',1543,2,12674,30,,,0
4001,'5289',1523,2,12675,30,,,0,20,2,12676,30,,,0,100,2,12677,30,,,0
4001,'5658',724,2,12185,30,,,0,103,2,12187,30,,,0,101,2,12189,30,,,0,100,2,12191,30,,,0,30,2,12192,30,,,0,70,2,12193,30,,,0,31,2,12194,30,,,0,71,2,12195,30,,,0,70,42,12196,30,,,0,30,2,12197,30,,,0,71,42,12198,30,,,0,28,2,12199,30,,,0,30,2,12200,30,,,0,70,2,12201,30,,,0,30,2,12202,30,,,0,70,2,12203,30,,,0,30,2,12204,30,,,0,70,2,12205,30,,,0,28,2,12206,30,,,0,70,2,12207,30,,,0,30,2,12208,30,,,0,70,2,12190,30,,,0,29,2,12188,30,,,0,70,2,12186,30,,,0
4001,'5659',650,2,12148,30,,,0,72,2,12149,30,,,0,33,2,12151,30,,,0,55,2,12153,30,,,0,17,2,12150,30,,,0,17,2,12154,30,,,0,13,2,12128,30,,,0,55,2,12155,30,,,0,15,2,12130,30,,,0,16,2,12156,30,,,0,14,2,12129,30,,,0,56,2,12157,30,,,0,15,2,12131,30,,,0,15,2,12158,30,,,0,15,2,12132,30,,,0,55,2,12159,30,,,0,16,2,12133,30,,,0,15,2,12160,30,,,0,15,2,12134,30,,,0,55,2,12161,30,,,0,15,2,12135,30,,,0,15,2,12162,30,,,0,56,42,12136,30,,,0,15,2,12163,30,,,0,15,2,12137,30,,,0,15,2,12164,30,,,0,55,42,12138,30,,,0,13,,12211,20,4,,0,3,2,12165,30,,,0,15,2,12139,30,,,0,11,2,12166,30,,,0,10,2,12167,30,,,0,51,2,12140,30,,,0,10,2,12168,30,,,0,10,2,12209,30,,,0,10,2,12141,30,,,0,10,2,12184,30,,,0,10,2,12170,30,,,0,50,2,12143,30,,,0,10,2,12169,30,,,0,10,2,12171,30,,,0,10,2,12142,30,,,0,10,2,12210,30,,,0,10,2,12172,30,,,0,50,2,12144,30,,,0,14,2,12173,30,,,0,14,2,12152,30,,,0,15,2,12174,30,,,0,54,42,12146,30,,,0,14,2,12175,30,,,0,14,2,12145,30,,,0,15,2,12176,30,,,0,15,2,12147,30,,,0,55,2,12177,30,,,0,14,2,12127,30,,,0,29,2,12126,30,,,0,71,2,12125,30,,,0,29,2,12121,30,,,0,69,2,12124,30,,,0,29,2,12120,30,,,0,69,2,12123,30,,,0,29,2,12119,30,,,0,69,2,12122,30,,,0,30,2,12118,30,,,0,70,2,12178,30,,,0
4001,'5660',650,2,12708,30,,,0,72,2,12709,30,,,0,33,2,12711,30,,,0,55,2,12713,30,,,0,17,2,12710,30,,,0,17,2,12714,30,,,0,13,2,12688,30,,,0,55,2,12715,30,,,0,15,2,12690,30,,,0,16,2,12716,30,,,0,14,2,12689,30,,,0,56,2,12717,30,,,0,15,2,12691,30,,,0,15,2,12718,30,,,0,15,2,12692,30,,,0,55,2,12719,30,,,0,16,2,12693,30,,,0,15,2,12720,30,,,0,15,2,12694,30,,,0,55,2,12721,30,,,0,15,2,12695,30,,,0,15,2,12722,30,,,0,56,42,12696,30,,,0,15,2,12723,30,,,0,15,2,12697,30,,,0,15,2,12724,30,,,0,55,42,12698,30,,,0,16,2,12725,30,,,0,15,2,12699,30,,,0,11,2,12726,30,,,0,10,2,12727,30,,,0,51,2,12700,30,,,0,10,2,12728,30,,,0,20,2,12701,30,,,0,20,2,12730,30,,,0,50,2,12703,30,,,0,10,2,12729,30,,,0,10,2,12731,30,,,0,10,2,12702,30,,,0,20,2,12732,30,,,0,50,2,12704,30,,,0,14,2,12733,30,,,0,14,2,12712,30,,,0,15,2,12734,30,,,0,54,42,12706,30,,,0,14,2,12735,30,,,0,14,2,12705,30,,,0,15,2,12736,30,,,0,15,2,12707,30,,,0,55,2,12737,30,,,0,14,2,12687,30,,,0,29,2,12686,30,,,0,71,2,12685,30,,,0,29,2,12681,30,,,0,69,2,12684,30,,,0,29,2,12680,30,,,0,69,2,12683,30,,,0,29,2,12679,30,,,0,69,2,12682,30,,,0,30,2,12678,30,,,0,70,2,12738,30,,,0
4001,'5661',724,2,12739,30,,,0,103,2,12741,30,,,0,101,2,12743,30,,,0,100,2,12745,30,,,0,30,2,12746,30,,,0,70,2,12747,30,,,0,31,2,12748,30,,,0,71,2,12749,30,,,0,70,42,12750,30,,,0,30,2,12751,30,,,0,71,42,12752,30,,,0,28,2,12753,30,,,0,30,2,12754,30,,,0,70,2,12755,30,,,0,30,2,12756,30,,,0,70,2,12757,30,,,0,30,2,12758,30,,,0,70,2,12759,30,,,0,28,2,12760,30,,,0,70,2,12761,30,,,0,30,2,12762,30,,,0,70,2,12744,30,,,0,29,2,12742,30,,,0,70,2,12740,30,,,0
4001,'5662',1413,,12765,20,4,,0,110,2,12763,30,,,0,120,2,12764,30,,,0
4001,'5663',725,2,12766,30,,,0,102,2,12767,30,,,0,31,2,12768,30,,,0,71,2,12769,30,,,0,30,2,12770,30,,,0,70,2,12771,30,,,0,30,2,12772,30,,,0,71,2,12773,30,,,0,70,42,12774,30,,,0,30,2,12775,30,,,0,70,42,12776,30,,,0,30,2,12777,30,,,0,70,42,12778,30,,,0,30,2,12779,30,,,0,70,42,12780,30,,,0,30,2,12781,30,,,0,70,42,12782,30,,,0,31,2,12783,30,,,0,70,42,12784,30,,,0,29,2,12785,30,,,0,70,42,12786,30,,,0,29,2,12787,30,,,0,29,2,12788,30,,,0,70,2,12789,30,,,0,29,2,12790,30,,,0,70,2,12791,30,,,0,29,2,12792,30,,,0,70,2,12793,30,,,0,98,2,12794,30,,,0,99,2,12795,30,,,0,100,2,12796,30,,,0
4001,'5664',1543,2,12797,30,,,0
