600,'4614',648,,11853,7,,,0,211,,10154,7,,,0,97,,11464,7,,,0,200,,10150,7,,,0,144,,10160,7,,,0,102,,10152,7,,,0,204,,10156,7,,,0,100,,10165,7,,,0,97,,10157,7,,,0,98,,10155,7,,,0,100,,10158,7,,,0,99,,10162,7,,,0,100,,10163,7,,,0,100,,10164,7,,,0
600,'4616',647,,10186,7,,,0,102,,10189,7,,,0,307,,10193,7,,,0,100,,10184,7,,,0,144,,10187,7,,,0,100,,10188,7,,,0,101,,10190,7,,,0,101,,10192,7,,,0,100,,10181,7,,,0,99,,10185,7,,,0,200,,10182,7,,,0,100,,10194,7,,,0,99,,11462,7,,,0,100,,10191,7,,,0
600,'5454',855,,10175,7,,,0,200,,10180,7,,,0,100,,10170,7,,,0,101,,10177,7,,,0,103,,10167,7,,,0,241,,10172,7,,,0,101,,10179,7,,,0,100,,10178,7,,,0,100,,10171,7,,,0
600,'5658',655,,11854,7,,,0,94,,11858,7,,,0,206,,11856,7,,,0,545,,11857,7,,,0,501,,11855,7,,,0
600,'5659',750,,11850,7,,,0,306,,11852,7,,,0,452,,11851,7,,,0
600,'5660',750,,12446,7,,,0,306,,12448,7,,,0,452,,12447,7,,,0
600,'5661',655,,12449,7,,,0,94,,12453,7,,,0,206,,12451,7,,,0,545,,12452,7,,,0,501,,12450,7,,,0
600,'5663',855,,12455,7,,,0,100,,12454,7,,,0,946,,12456,7,,,0
801,'4614',550,,11891,5,0,18,0,205,,10304,5,0,18,0,96,,11479,5,0,18,0,201,,10300,5,0,18,0,104,,10310,5,0,18,0,102,,10303,5,0,18,0,200,,10306,5,0,18,0,101,,10305,5,0,18,0,100,,10316,5,0,18,0,99,,10308,5,0,18,0,100,,10309,5,0,18,0,100,,10307,5,0,18,0,100,,10313,5,0,18,0,101,,10314,5,0,18,0,100,,10317,5,0,18,0
801,'4616',649,,10335,5,0,18,0,302,,10337,5,0,18,0,101,,10338,5,0,18,0,105,,10346,5,0,18,0,101,,10347,5,0,18,0,242,,10340,5,0,18,0,100,,10341,5,0,18,0,100,,10349,5,0,18,0,159,,10334,5,0,18,0,100,,10343,5,0,18,0,100,,11477,5,0,18,0,100,,10345,5,0,18,0
801,'5289',1518,,10319,5,0,18,0
801,'5454',751,,10325,5,0,18,0,200,,10323,5,0,18,0,101,,10327,5,0,18,0,206,,10328,5,0,18,0,242,,10322,5,0,18,0,100,,10333,5,0,18,0,100,,10320,5,0,18,0,100,,10321,5,0,18,0,59,,10331,5,0,18,0,100,,10330,5,0,18,0
801,'5568',1418,,10350,5,0,18,0
801,'5658',852,,11895,5,0,18,0,305,,11893,5,0,18,0,202,,11894,5,0,18,0
801,'5659',649,,11888,5,0,18,0,303,,11890,5,0,18,0,406,,11889,5,0,18,0
801,'5660',649,,12482,5,0,18,0,303,,12484,5,0,18,0,406,,12483,5,0,18,0
801,'5661',852,,12488,5,0,18,0,305,,12486,5,0,18,0,202,,12487,5,0,18,0
801,'5663',751,,12492,5,0,18,0,101,,12489,5,0,18,0,507,,12490,5,0,18,0,441,,12491,5,0,18,0
4001,'4619',1512,,12674,7,,,0
4001,'5289',1452,,12675,7,,,0,60,,12676,7,,,0,101,,12677,7,,,0
4001,'5658',700,,12185,7,,,0,101,,12187,7,,,0,100,,12189,7,,,0,100,,12191,7,,,0,30,,12192,7,,,0,70,,12193,7,,,0,31,,12194,7,,,0,70,,12195,7,,,0,30,,12196,7,,,0,70,,12197,7,,,0,30,,12198,7,,,0,70,,12199,7,,,0,30,,12200,7,,,0,70,,12201,7,,,0,30,,12202,7,,,0,70,,12203,7,,,0,30,,12204,7,,,0,70,,12205,7,,,0,30,,12206,7,,,0,70,,12207,7,,,0,30,,12208,7,,,0,70,,12190,7,,,0,30,,12188,7,,,0,70,,12186,7,,,0
4001,'5659',625,,12148,7,,,0,31,,12149,7,,,0,71,,12151,7,,,0,15,,12153,7,,,0,16,,12150,7,,,0,56,,12154,7,,,0,14,,12128,7,,,0,17,,12155,7,,,0,55,,12130,7,,,0,16,,12156,7,,,0,15,,12129,7,,,0,15,,12157,7,,,0,55,,12131,7,,,0,15,,12158,7,,,0,15,,12132,7,,,0,15,,12159,7,,,0,55,,12133,7,,,0,15,,12160,7,,,0,15,,12134,7,,,0,15,,12161,7,,,0,55,,12135,7,,,0,15,,12162,7,,,0,15,,12136,7,,,0,15,,12163,7,,,0,55,,12137,7,,,0,15,,12164,7,,,0,15,,12138,7,,,0,15,,12165,7,,,0,55,,12139,7,,,0,11,,12166,7,,,0,10,,12167,7,,,0,10,,12140,7,,,0,10,,12168,7,,,0,10,,12209,7,,,0,50,,12141,7,,,0,10,,12184,7,,,0,10,,12170,7,,,0,11,,12143,7,,,0,10,,12169,7,,,0,10,,12171,7,,,0,50,,12142,7,,,0,10,,12210,7,,,0,10,,12172,7,,,0,10,,12144,7,,,0,14,,12173,7,,,0,55,,12152,7,,,0,15,,12174,7,,,0,15,,12146,7,,,0,15,,12175,7,,,0,55,,12145,7,,,0,15,,12176,7,,,0,15,,12147,7,,,0,15,,12177,7,,,0,54,,12127,7,,,0,30,,12126,7,,,0,71,,12125,7,,,0,29,,12121,7,,,0,70,,12124,7,,,0,30,,12120,7,,,0,69,,12123,7,,,0,30,,12119,7,,,0,70,,12122,7,,,0,30,,12118,7,,,0,70,,12178,7,,,0
4001,'5660',625,,12708,7,,,0,31,,12709,7,,,0,71,,12711,7,,,0,15,,12713,7,,,0,16,,12710,7,,,0,56,,12714,7,,,0,14,,12688,7,,,0,17,,12715,7,,,0,55,,12690,7,,,0,16,,12716,7,,,0,15,,12689,7,,,0,15,,12717,7,,,0,55,,12691,7,,,0,15,,12718,7,,,0,15,,12692,7,,,0,15,,12719,7,,,0,55,,12693,7,,,0,15,,12720,7,,,0,15,,12694,7,,,0,15,,12721,7,,,0,55,,12695,7,,,0,15,,12722,7,,,0,15,,12696,7,,,0,15,,12723,7,,,0,55,,12697,7,,,0,15,,12724,7,,,0,15,,12698,7,,,0,15,,12725,7,,,0,55,,12699,7,,,0,11,,12726,7,,,0,10,,12727,7,,,0,10,,12700,7,,,0,10,,12728,7,,,0,60,,12701,7,,,0,20,,12730,7,,,0,11,,12703,7,,,0,10,,12729,7,,,0,10,,12731,7,,,0,50,,12702,7,,,0,20,,12732,7,,,0,10,,12704,7,,,0,14,,12733,7,,,0,55,,12712,7,,,0,15,,12734,7,,,0,15,,12706,7,,,0,15,,12735,7,,,0,55,,12705,7,,,0,15,,12736,7,,,0,15,,12707,7,,,0,15,,12737,7,,,0,54,,12687,7,,,0,30,,12686,7,,,0,71,,12685,7,,,0,29,,12681,7,,,0,70,,12684,7,,,0,30,,12680,7,,,0,69,,12683,7,,,0,30,,12679,7,,,0,70,,12682,7,,,0,30,,12678,7,,,0,70,,12738,7,,,0
4001,'5661',700,,12739,7,,,0,101,,12741,7,,,0,100,,12743,7,,,0,100,,12745,7,,,0,30,,12746,7,,,0,70,,12747,7,,,0,31,,12748,7,,,0,70,,12749,7,,,0,30,,12750,7,,,0,70,,12751,7,,,0,30,,12752,7,,,0,70,,12753,7,,,0,30,,12754,7,,,0,70,,12755,7,,,0,30,,12756,7,,,0,70,,12757,7,,,0,30,,12758,7,,,0,70,,12759,7,,,0,30,,12760,7,,,0,70,,12761,7,,,0,30,,12762,7,,,0,70,,12744,7,,,0,30,,12742,7,,,0,70,,12740,7,,,0
4001,'5662',1452,,12763,7,,,0,161,,12764,7,,,0
4001,'5663',700,,12766,7,,,0,101,,12767,7,,,0,30,,12768,7,,,0,70,,12769,7,,,0,30,,12770,7,,,0,70,,12771,7,,,0,30,,12772,7,,,0,70,,12773,7,,,0,30,,12774,7,,,0,69,,12775,7,,,0,30,,12776,7,,,0,70,,12777,7,,,0,30,,12778,7,,,0,70,,12779,7,,,0,30,,12780,7,,,0,71,,12781,7,,,0,30,,12782,7,,,0,71,,12783,7,,,0,30,,12784,7,,,0,70,,12785,7,,,0,30,,12786,7,,,0,70,,12787,7,,,0,30,,12788,7,,,0,70,,12789,7,,,0,30,,12790,7,,,0,70,,12791,7,,,0,29,,12792,7,,,0,70,,12793,7,,,0,100,,12794,7,,,0,100,,12795,7,,,0,100,,12796,7,,,0
4001,'5664',1512,,12797,7,,,0
