701,'4614',718,,10262,31,,,0,38,,11476,31,,,0,266,,10259,31,,,0,100,,10265,31,,,0,96,,10247,31,,,0,103,,11474,31,,,0,102,,10255,31,,,0,100,,10249,31,,,0,201,,10263,31,,,0,27,,10266,31,,,0,70,,10258,31,,,0,199,,10257,31,,,0,100,,10260,31,,,0,100,,10261,31,,,0,100,,10246,31,,,0
701,'4616',717,,10287,31,,,0,102,,10297,31,,,0,102,,10288,31,,,0,100,,10292,31,,,0,197,,10289,31,,,0,102,,10290,31,,,0,202,,10285,31,,,0,100,,10286,31,,,0,200,,10293,31,,,0,199,,10294,31,,,0
701,'5289',1624,,10267,31,,,0
701,'5454',921,,10280,31,,,0,100,,11473,31,,,0,197,,10272,31,,,0,102,,10271,31,,,0,101,,11472,31,,,0,101,,10269,31,,,0,100,,10281,31,,,0,200,,10276,31,,,0,99,,10270,31,,,0,100,,10268,31,,,0
701,'5568',1624,,10299,31,,,0
701,'5658',717,,11877,31,,,0,102,,11880,31,,,0,302,,11878,31,,,0,601,,11879,31,,,0
701,'5659',619,,11873,18,,,0,207,,11871,31,,,0,96,,11872,31,,,0,732,,11875,31,,,0,197,,11876,31,,,0,69,,11874,31,,,0
701,'5660',619,,12467,18,,,0,207,,12465,31,,,0,96,,12466,31,,,0,732,,12469,31,,,0,197,,12470,31,,,0,69,,12468,31,,,0
701,'5661',717,,12471,31,,,0,102,,12474,31,,,0,302,,12472,31,,,0,601,,12473,31,,,0
701,'5663',1121,,12475,31,,,0,300,,12476,31,,,0,301,,12481,31,,,0,199,,12477,31,,,0,200,,12479,31,,,0,99,,12478,31,,,0,100,,12480,31,,,0
