1500,'4614',901,,10456,3,,,0,54,,10457,3,,,0,70,,10461,3,,,0,32,,10459,3,,,0,71,,10460,3,,,0,31,,10458,3,,,0,143,,10465,3,,,0,28,,10464,3,,,0,73,,10463,3,,,0,23,,10462,3,,,0,405,,10466,3,,,0,100,,10467,3,,,0,99,,10468,3,,,0
1500,'4616',926,,10494,3,,,0,100,,10492,3,,,0,105,,10488,3,,,0,100,,10487,3,,,0,101,,10485,3,,,0,101,,10490,3,,,0,100,,10491,3,,,0,99,,10495,3,,,0,200,,10483,3,,,0,101,,10486,3,,,0,100,,11584,3,,,0
1500,'5454',726,,10477,3,,,0,199,,10481,3,,,0,101,,10474,3,,,0,205,,10478,3,,,0,100,,10470,3,,,0,102,,10473,3,,,0,100,,10469,3,,,0,100,,10479,3,,,0,100,,10480,3,,,0,100,,10475,3,,,0
1500,'5658',827,,11943,3,,,0,303,,11942,3,,,0,803,,11941,3,,,0
1500,'5659',925,,11940,3,,,0
1500,'5660',925,,12508,3,,,0
1500,'5661',827,,12511,3,,,0,303,,12510,3,,,0,803,,12509,3,,,0
1500,'5663',726,,12514,3,,,0,101,,12513,3,,,0,906,,12512,3,,,0
3000,'4614',646,,10665,4,,,0,55,,10669,4,,,0,16,,10661,4,,,0,99,,10668,4,,,0,31,,10662,4,,,0,70,,10640,4,,,0,30,,10641,4,,,0,170,,10644,4,,,0,30,,11602,4,,,0,70,,10646,4,,,0,30,,10648,4,,,0,70,,10649,4,,,0,103,,10647,4,,,0,30,,10651,4,,,0,71,,10666,4,,,0,31,,10652,4,,,0,69,,10667,4,,,0,29,,10653,4,,,0,199,,10656,4,,,0,100,,10657,4,,,0,200,,10659,4,,,0,99,,10660,4,,,0
3000,'4616',616,,10684,4,,,0,100,,10685,4,,,0,100,,10686,4,,,0,101,,10688,4,,,0,30,,10689,4,,,0,70,,10690,4,,,0,30,,10691,4,,,0,70,,10692,4,,,0,30,,10693,4,,,0,70,,10694,4,,,0,101,,10696,4,,,0,30,,10697,4,,,0,100,,10699,4,,,0,170,,10702,4,,,0,30,,10703,4,,,0,99,,10705,4,,,0,402,,10709,4,,,0,99,,10710,4,,,0
3000,'5454',748,,10672,4,,,0,301,,10675,4,,,0,100,,10676,4,,,0,200,,10678,4,,,0,100,,10679,4,,,0,200,,10681,4,,,0,100,,10682,4,,,0,100,,10683,4,,,0
3000,'5658',648,,11980,4,,,0,201,,11981,4,,,0,100,,11982,4,,,0,300,,11983,4,,,0,300,,11984,4,,,0
3000,'5659',616,,11977,4,,,0,115,,11979,4,,,0,15,,11978,4,,,0,271,,11971,4,,,0,30,,11972,4,,,0,300,,11973,4,,,0,373,,11974,4,,,0,30,,11975,4,,,0,299,,11976,4,,,0
3000,'5660',616,,12542,4,,,0,115,,12544,4,,,0,15,,12543,4,,,0,271,,12536,4,,,0,30,,12537,4,,,0,300,,12538,4,,,0,373,,12539,4,,,0,30,,12540,4,,,0,299,,12541,4,,,0
3000,'5661',648,,12545,4,,,0,201,,12546,4,,,0,100,,12547,4,,,0,300,,12548,4,,,0,300,,12549,4,,,0
3000,'5663',847,,12550,4,,,0,400,,12551,4,,,0,170,,12552,4,,,0,100,,12553,4,,,0,31,,12554,4,,,0,170,,12555,4,,,0,131,,12556,4,,,0,100,,12557,4,,,0,100,,12558,4,,,0
1001500,'4614',722,,11343,3,,,0,29,,11341,3,,,0,474,,11345,3,,,0,232,,11351,3,,,0,67,,11347,3,,,0,30,,11346,3,,,0,71,,11348,3,,,0,75,,11349,3,,,0,25,,11350,3,,,0
1001500,'5289',824,,12876,3,,,0
1001500,'5659',642,,12326,3,,,0,182,,12328,3,,,0
1001500,'5660',642,,12877,3,,,0
1001500,'5662',824,,12878,3,,,0
