600,'4614',655,,11853,18,,,0,252,,10154,18,,,0,96,,11464,18,,,0,201,,10150,18,,,0,104,,10160,18,,,0,102,,10152,18,,,0,204,,10156,18,,,0,100,,10165,18,,,0,96,,10157,18,,,0,98,,10155,18,,,0,100,,10158,18,,,0,98,,10162,18,,,0,100,,10163,18,,,0,100,,10164,18,,,0
600,'4616',653,,10186,18,,,0,103,,10189,18,,,0,347,,10193,18,,,0,100,,10184,18,,,0,104,,10187,18,,,0,100,,10188,18,,,0,101,,10190,18,,,0,101,,10192,18,,,0,100,,10181,18,,,0,99,,10185,18,,,0,200,,10182,18,,,0,100,,10194,18,,,0,98,,11462,18,,,0,100,,10191,18,,,0
600,'5454',902,,10175,18,,,0,200,,10180,18,,,0,100,,10170,18,,,0,101,,10177,18,,,0,103,,10167,18,,,0,201,,10172,18,,,0,102,,10179,18,,,0,100,,10178,18,,,0,99,,10171,18,,,0
600,'5658',701,,11854,18,,,0,54,,11858,18,,,0,247,,11856,18,,,0,505,,11857,18,,,0,501,,11855,18,,,0
600,'5659',757,,11850,18,,,0,346,,11852,18,,,0,414,,11851,18,,,0
600,'5660',757,,12446,18,,,0,346,,12448,18,,,0,414,,12447,18,,,0
600,'5661',701,,12449,18,,,0,54,,12453,18,,,0,247,,12451,18,,,0,505,,12452,18,,,0,501,,12450,18,,,0
600,'5663',902,,12455,18,,,0,100,,12454,18,,,0,906,,12456,18,,,0
801,'4614',630,,11891,52,,,0,178,,10318,37,,,0,30,,10304,52,,,0,96,,11479,52,,,0,200,,10300,52,,,0,105,,10310,52,,,0,102,,10303,52,,,0,203,,10306,52,,,0,101,,10305,52,,,0,98,,10316,52,,,0,99,,10308,52,,,0,98,,10309,52,,,0,99,,10307,52,,,0,99,,10313,52,,,0,99,,10314,52,,,0,99,,10317,52,,,0
801,'4616',728,,10335,52,,,0,304,,10337,52,,,0,101,,10338,52,,,0,105,,10346,52,,,0,102,,10347,52,,,0,202,,10340,52,,,0,100,,10341,52,,,0,100,,10349,52,,,0,198,,10334,52,,,0,100,,10343,52,,,0,98,,11477,52,,,0,99,,10345,52,,,0
801,'5454',830,,10325,52,,,0,202,,10323,52,,,0,101,,10327,52,,,0,207,,10328,52,,,0,202,,10322,52,,,0,100,,10333,52,,,0,100,,10320,52,,,0,100,,10321,52,,,0,98,,10331,52,,,0,100,,10330,52,,,0
801,'5658',728,,11892,37,,,0,204,,11895,52,,,0,306,,11893,52,,,0,203,,11894,52,,,0
801,'5659',730,,11888,52,,,0,304,,11890,52,,,0,410,,11889,52,,,0
801,'5660',730,,12482,52,,,0,304,,12484,52,,,0,410,,12483,52,,,0
801,'5661',728,,12485,37,,,0,204,,12488,52,,,0,306,,12486,52,,,0,203,,12487,52,,,0
801,'5663',830,,12492,52,,,0,102,,12489,52,,,0,509,,12490,52,,,0,401,,12491,52,,,0
