3001,'4614',631,,10741,27,,,0,71,,10734,27,,,0,104,,10736,27,,,0,17,,10739,27,,,0,15,,10738,27,,,0,70,,10735,27,,,0,130,,10713,27,,,0,70,,11604,27,,,0,30,,10714,27,,,0,70,,10716,27,,,0,30,,10718,27,,,0,70,,10720,27,,,0,102,,10717,27,,,0,30,,10722,27,,,0,70,,10719,27,,,0,99,,10723,27,,,0,198,,10725,27,,,0,29,,10726,27,,,0,70,,10727,27,,,0,199,,10730,27,,,0,100,,10731,27,,,0,99,,10728,27,,,0,100,,10732,27,,,0
3001,'4616',736,,10757,27,,,0,100,,10758,27,,,0,100,,10759,27,,,0,71,,10760,27,,,0,30,,10761,27,,,0,70,,10762,27,,,0,30,,10763,27,,,0,101,,10765,27,,,0,70,,10766,27,,,0,30,,10767,27,,,0,70,,10768,27,,,0,30,,10769,27,,,0,100,,10771,27,,,0,70,,10772,27,,,0,99,,10774,27,,,0,129,,10777,27,,,0,70,,10778,27,,,0,200,,10780,27,,,0,297,,10783,27,,,0
3001,'5289',1540,,10743,27,,,0,169,,10742,27,,,0
3001,'5454',1007,,10746,27,,,0,100,,10747,27,,,0,201,,10749,27,,,0,100,,10750,27,,,0,200,,10752,27,,,0,100,,10753,27,,,0,197,,10755,27,,,0,100,,10756,27,,,0
3001,'5568',1540,,10785,27,,,0,169,,10784,27,,,0
3001,'5658',805,,12002,27,,,0,101,,12003,27,,,0,302,,12004,27,,,0,300,,12005,27,,,0,299,,12006,27,,,0
3001,'5659',732,,11999,27,,,0,120,,12001,27,,,0,85,,11994,27,,,0,71,,11995,27,,,0,332,,11996,27,,,0,299,,12000,27,,,0,100,,11997,27,,,0,267,,11998,27,,,0
3001,'5660',732,,12564,27,,,0,120,,12566,27,,,0,85,,12559,27,,,0,71,,12560,27,,,0,332,,12561,27,,,0,299,,12565,27,,,0,100,,12562,27,,,0,267,,12563,27,,,0
3001,'5661',805,,12567,27,,,0,101,,12568,27,,,0,302,,12569,27,,,0,300,,12570,27,,,0,299,,12571,27,,,0
3001,'5663',1208,,12572,27,,,0,300,,12573,27,,,0,130,,12574,27,,,0,100,,12575,27,,,0,68,,12576,27,,,0,200,,12577,27,,,0,199,,12578,27,,,0,99,,12579,27,,,0
