2501,'4614',835,,10624,20,,,0,301,,11598,21,,,0,179,,12534,20,,,0,224,,11968,21,,,0,397,,10628,21,,,0,89,,11969,20,,,0
2501,'4616',834,,12535,20,,,0,304,,10638,21,,,0,400,,10637,21,,,0,199,,10639,21,,,0,200,,10635,21,,,0
2501,'5454',834,,11597,20,,,0,304,,10631,21,,,0,400,,10632,21,,,0,199,,10634,21,,,0,200,,10633,21,,,0
4001,'4614',642,,12708,25,,,0,72,,12709,25,,,0,32,,12711,25,,,0,55,,12713,25,,,0,17,,12710,25,,,0,17,,12714,25,,,0,13,,12688,25,,,0,56,,12715,25,,,0,15,,12690,25,,,0,16,,12716,25,,,0,14,,12689,25,,,0,55,,12717,25,,,0,15,,12691,25,,,0,15,,12718,25,,,0,15,,12692,25,,,0,55,,12719,25,,,0,16,,12693,25,,,0,15,,12720,25,,,0,15,,12694,25,,,0,55,,12721,25,,,0,15,,12695,25,,,0,15,,12722,25,,,0,16,,12696,25,,,0,55,,12723,25,,,0,15,,12697,25,,,0,15,,12724,25,,,0,15,,12698,25,,,0,56,,12725,25,,,0,15,,12699,25,,,0,11,,12726,25,,,0,10,,12727,25,,,0,11,,12700,25,,,0,50,,12728,25,,,0,19,,12179,15,0,19 20 7,0,1,,12701,25,,,0,20,,12730,25,,,0,10,,12703,25,,,0,50,,12729,25,,,0,10,,12731,25,,,0,10,,12702,25,,,0,20,,12732,25,,,0,10,,12704,25,,,0,54,,12733,25,,,0,14,,12712,25,,,0,15,,12734,25,,,0,15,,12706,25,,,0,54,,12735,25,,,0,14,,12705,25,,,0,15,,12736,25,,,0,15,,12707,25,,,0,55,,12737,25,,,0,14,,12687,25,,,0,29,,12686,25,,,0,71,,12685,25,,,0,29,,12681,25,,,0,69,,12684,25,,,0,30,,12680,25,,,0,69,,12683,25,,,0,29,,12679,25,,,0,69,,12682,25,,,0,30,,12678,25,,,0,70,,12738,25,,,0
4001,'4616',717,,12766,25,,,0,102,,12767,25,,,0,31,,12768,25,,,0,70,,12769,25,,,0,30,,12770,25,,,0,70,,12771,25,,,0,30,,12772,25,,,0,71,,12773,25,,,0,30,,12774,25,,,0,70,,12775,25,,,0,30,,12776,25,,,0,70,,12777,25,,,0,30,,12778,25,,,0,70,,12779,25,,,0,30,,12780,25,,,0,70,,12781,25,,,0,30,,12782,25,,,0,71,,12783,25,,,0,30,,12784,25,,,0,70,,12785,25,,,0,30,,12786,25,,,0,69,,12787,25,,,0,29,,12788,25,,,0,70,,12789,25,,,0,29,,12790,25,,,0,70,,12791,25,,,0,29,,12792,25,,,0,70,,12793,25,,,0,99,,12794,25,,,0,99,,12795,25,,,0,100,,12796,25,,,0
4001,'4619',1534,,12674,25,,,0
4001,'5289',1514,,12675,25,,,0,20,,12676,25,,,0,100,,12677,25,,,0
4001,'5299',1534,,12797,25,,,0
4001,'5454',716,,12739,25,,,0,103,,12741,25,,,0,101,,12743,25,,,0,100,,12745,25,,,0,30,,12746,25,,,0,70,,12747,25,,,0,31,,12748,25,,,0,70,,12749,25,,,0,30,,12750,25,,,0,70,,12751,25,,,0,31,,12752,25,,,0,69,,12753,25,,,0,30,,12754,25,,,0,70,,12755,25,,,0,30,,12756,25,,,0,70,,12757,25,,,0,30,,12758,25,,,0,70,,12759,25,,,0,28,,12760,25,,,0,70,,12761,25,,,0,30,,12762,25,,,0,70,,12744,25,,,0,30,,12742,25,,,0,70,,12740,25,,,0
4001,'5568',1406,,12765,15,0,19 20 7,0,108,,12763,25,,,0,120,,12764,25,,,0
