2001,'4528',710,,9422,41,,,0,137,,8078,58,,,0,87,,8066,41,,,0,109,,9416,41,,,0,110,,9417,41,,,0,151,,9418,41,,,0,240,,9419,58,,,0,90,,9420,41,,,0,109,,8072,41,,,0,158,,8073,58,,,0,99,,9421,41,,,0,219,,8075,58,,,0,197,,8076,58,,,0
2001,'4532',942,,8085,41,,,0,88,,8089,41,,,0,388,,8088,41,,,0,102,,8082,41,,,0,696,,8084,58,,,0,197,,8081,58,,,0
2001,'5221',932,,8090,41,,,0,694,,8093,41,,,0
2001,'5560',1200,,8092,41,,,0,218,,8091,41,,,0,432,,8094,41,,,0
2001,'5562',1135,,9426,41,,,0,168,,9423,41,,,0,323,,9427,41,,,0,103,,9425,41,,,0,110,,9424,41,,,0
2001,'5563',1200,,9429,41,,,0,218,,9428,41,,,0,432,,9430,41,,,0
1002001,'4528',744,,9868,41,,,0,111,,9869,41,,,0,260,,9870,41,,,0,110,,9871,41,,,0,111,,8826,41,,,0,96,,9872,58,,,0,76,,9873,58,,,0,214,,9874,58,,,0,95,,9875,41,,,0,107,,9876,41,,,0,192,,9877,58,,,0,200,,9878,58,,,0
1002001,'4532',753,,8838,58,,,0,479,,8845,58,,,0,117,,8844,58,,,0,370,,8836,58,,,0,109,,8842,58,,,0,226,,8846,58,,,0,259,,8843,58,,,0
1002001,'4623',1005,,9879,58,,,0,609,,9880,58,,,0
1002001,'5221',1043,,8853,58,,,0,271,,8849,58,,,0,222,,8851,58,,,0,217,,8850,58,,,0
1002001,'5222',1005,,9881,58,,,0,609,,9882,58,,,0
1002001,'5560',829,,8854,58,,,0,1228,,8852,58,,,0
1002001,'5562',906,,9886,58,,,0,112,,9883,58,,,0,111,,9885,58,,,0,330,,9884,58,,,0,144,,9888,58,,,0,349,,9887,58,,,0
1002001,'5563',829,,9890,58,,,0,1228,,9889,58,,,0
