2000,'4614',619,,10539,51,,,0,102,,10540,51,,,0,108,,10541,51,,,0,81,,10534,34,,,0,200,,10542,34,,,0,202,,10544,34,,,0,100,,10535,34,,,0,206,,10545,34,,,0,97,,10546,34,,,0,98,,10536,34,,,0,203,,10537,51,,,0,198,,10538,51,,,0
2000,'4616',910,,10562,34,,,0,202,,10563,34,,,0,200,,10555,34,,,0,100,,10557,34,,,0,101,,10565,34,,,0,100,,10558,34,,,0,100,,10556,34,,,0,97,,10560,34,,,0,207,,10559,51,,,0,198,,10564,51,,,0
2000,'5289',1010,,11956,34,,,0,202,,11955,34,,,0
2000,'5454',920,,10548,51,,,0,202,,10551,51,,,0,202,,10550,51,,,0,201,,10552,51,,,0,200,,10549,51,,,0,293,,10553,51,,,0
2000,'5568',1010,,11958,34,,,0,202,,11957,34,,,0
2000,'5640',810,,11961,34,,,0,201,,11960,34,,,0,201,,11959,34,,,0
2500,'4614',751,,10609,16,0,5,0,287,,11595,16,,,0,193,,11964,16,0,5,0,212,,11965,16,,,0,401,,10613,16,,,0
2500,'4616',1039,,10622,16,,,0,399,,10621,16,,,0,200,,10623,16,,,0,201,,10619,16,,,0
2500,'5454',750,,11594,16,0,5,0,289,,10615,16,,,0,399,,10616,16,,,0,200,,10618,16,,,0,201,,10617,16,,,0
2500,'5640',750,,11966,16,0,5,0
1002000,'4614',640,,11370,40,,,0,113,,11371,40,,,0,101,,12333,57,,,0,88,,11372,40,,,0,100,,11738,40,,,0,101,,12331,40,,,0,113,,11739,57,,,0,88,,11367,40,,,0,159,,11373,57,,,0,35,,12332,40,,,0,68,,11369,57,,,0,144,,11374,57,,,0,367,,11375,57,,,0,199,,11376,57,,,0
1002000,'4616',647,,11389,57,,,0,201,,11388,57,,,0,200,,11391,57,,,0,101,,11392,57,,,0,100,,11393,57,,,0,201,,11395,57,,,0,100,,11400,57,,,0,100,,11396,57,,,0,98,,11397,57,,,0,174,,11398,57,,,0,196,,11399,57,,,0,198,,11387,57,,,0
1002000,'5299',1653,,11378,57,,,0,268,,11379,57,,,0
1002000,'5454',723,,11737,57,,,0,100,,11386,57,,,0,189,,11381,40,,,0,201,,11382,40,,,0,200,,11383,40,,,0,202,,11384,40,,,0,199,,11385,40,,,0
1002000,'5567',1653,,11402,57,,,0,268,,11403,57,,,0
1002000,'5640',748,,12336,57,,,0,200,,12334,57,,,0,401,,12335,57,,,0
