501,'4614',810,,10111,30,,,0,30,,10118,30,,,0,99,,10100,30,,,0,100,,10117,30,,,0,100,,10105,30,,,0,188,,10103,30,,,0,101,,10110,30,,,0,95,,10101,30,,,0,214,,10116,30,,,0,96,,10108,30,,,0,98,,10106,30,,,0,298,,10112,30,,,0
501,'4616',734,,10134,30,,,0,201,,10148,30,,,0,100,,10133,30,,,0,101,,10135,30,,,0,103,,10136,30,,,0,100,,10137,30,,,0,101,,10138,30,,,0,300,,10141,30,,,0,489,,10145,30,,,0,99,,10147,30,,,0
501,'5454',1136,,10120,30,,,0,100,,10121,30,,,0,100,,10127,30,,,0,100,,10122,30,,,0,100,,10132,30,,,0,295,,10129,30,,,0,99,,10126,30,,,0
501,'5658',834,,11842,30,,,0,101,,11838,30,,,0,100,,11839,30,,,0,601,,11841,30,,,0,100,,11840,30,,,0
501,'5659',626,,11832,18,,,0,110,,11837,30,,,0,505,,11831,30,,,0,397,,11833,30,,,0,392,,11834,30,,,0,100,,11835,30,,,0,198,,11836,30,,,0
501,'5660',626,,12428,18,,,0,110,,12433,30,,,0,505,,12427,30,,,0,397,,12429,30,,,0,392,,12430,30,,,0,100,,12431,30,,,0,198,,12432,30,,,0
501,'5661',834,,12438,30,,,0,101,,12434,30,,,0,100,,12435,30,,,0,601,,12437,30,,,0,100,,12436,30,,,0
501,'5663',1540,,12439,30,,,0,101,,12440,30,,,0,190,,12445,30,,,0,99,,12441,30,,,0,100,,12442,30,,,0,99,,12443,30,,,0
1001500,'4614',739,,11343,16,,,0,71,,11341,16,,,0,432,,11345,16,,,0,274,,11351,16,,,0,26,,11347,16,,,0,70,,11346,16,,,0,31,,11348,16,,,0,75,,11349,16,,,0,24,,11350,16,,,0
1001500,'5289',841,,12876,16,,,0
1001500,'5659',658,,12326,16,,,0,183,,12328,16,,,0
1001500,'5660',658,,12877,16,,,0
1001500,'5662',841,,12878,16,,,0
