2001,'4614',704,,10573,36,,,0,105,,10579,53,,,0,2,,10580,17,,,0,27,,10572,53,,,0,88,,10567,36,,,0,99,,10578,53,,,0,21,,10568,36,,,0,201,,10574,36,,,0,100,,10575,36,,,0,155,,10576,53,,,0,347,,10569,36,,,0,373,,10570,53,,,0,196,,10571,53,,,0
2001,'4616',853,,10602,53,,,0,97,,10597,36,,,0,100,,10601,36,,,0,100,,10598,36,,,0,101,,10591,36,,,0,100,,10600,36,,,0,100,,10604,36,,,0,100,,10594,36,,,0,99,,10599,36,,,0,100,,10595,36,,,0,99,,10592,36,,,0,174,,10603,53,,,0,200,,10596,53,,,0,195,,10593,53,,,0
2001,'5289',1652,,10581,36,,,0
2001,'5299',1552,,10584,36,,,0,199,,10582,36,,,0,271,,10583,53,,,0
2001,'5454',808,,11592,36,,,0,202,,10585,36,,,0,201,,10587,36,,,0,200,,10586,36,,,0,201,,10588,36,,,0,199,,10589,36,,,0
2001,'5567',1552,,10607,36,,,0,199,,10605,36,,,0,271,,10606,53,,,0
2001,'5568',1652,,10608,36,,,0
2001,'5608',1146,,10577,36,,,0
2001,'5611',1146,,11593,36,,,0
1002001,'4614',724,,11408,36,,,0,183,,11409,53,,,0,309,,11404,36,,,0,101,,11405,36,,,0,113,,11412,53,,,0,99,,11406,53,,,0,98,,11407,53,,,0,98,,11413,53,,,0,100,,11414,53,,,0,98,,11415,53,,,0,199,,11416,53,,,0,198,,11417,53,,,0
1002001,'4616',751,,11438,53,,,0,172,,11425,53,,,0,100,,11426,53,,,0,100,,11427,53,,,0,100,,11428,53,,,0,101,,11437,53,,,0,100,,11429,53,,,0,100,,11430,53,,,0,100,,11431,53,,,0,100,,11432,53,,,0,100,,11433,53,,,0,99,,11434,53,,,0,200,,11435,53,,,0,198,,11436,53,,,0
1002001,'5454',923,,11418,53,,,0,201,,11419,53,,,0,201,,11420,53,,,0,200,,11421,53,,,0,200,,11422,53,,,0,199,,11424,53,,,0,198,,11423,53,,,0
1002001,'5568',1116,,11740,36,,,0
1002001,'5602',1116,,11741,36,,,0
1002001,'5608',951,,11410,36,,,0
1002001,'5611',951,,11742,36,,,0
