2001,'4614',643,,10573,5,,,0,85,,10579,5,0,9 10 11,0,30,,10572,5,0,9 10 11,0,145,,10567,5,,,0,45,,10578,5,0,9 10 11,0,75,,10568,5,,,0,100,,10577,5,,,0,101,,10574,5,,,0,100,,10575,5,,,0,97,,10576,5,0,9 10 11,0,407,,10569,5,,,0,320,,10570,5,0,9 10 11,0,200,,10571,5,0,9 10 11,0
2001,'5289',1629,,10581,5,,,0
2001,'5299',1529,,10584,5,,,0,200,,10582,5,,,0,219,,10583,5,0,9 10 11,0
2001,'5544',748,,10590,5,,,0,201,,10585,5,,,0,200,,10587,5,,,0,200,,10586,5,,,0,201,,10588,5,,,0,199,,10589,5,,,0
2001,'5547',818,,10602,5,0,9 10 11,0,110,,10597,5,,,0,100,,10601,5,,,0,100,,10598,5,,,0,101,,10591,5,,,0,100,,10600,5,,,0,100,,10604,5,,,0,100,,10594,5,,,0,100,,10599,5,,,0,100,,10595,5,,,0,99,,10592,5,,,0,120,,10603,5,0,9 10 11,0,200,,10596,5,0,9 10 11,0,200,,10593,5,0,9 10 11,0
2001,'5567',1529,,10607,5,,,0,200,,10605,5,,,0,219,,10606,5,0,9 10 11,0
2001,'5568',1629,,10608,5,,,0
2501,'4614',817,,10624,5,,,0,302,,10625,6,,,0,139,,10626,5,,,0,261,,10627,6,,,0,400,,10628,6,,,0,90,,10629,5,,,0
2501,'5544',817,,10630,5,,,0,302,,10631,6,,,0,400,,10632,6,,,0,200,,10634,6,,,0,200,,10633,6,,,0
2501,'5547',817,,10636,5,,,0,302,,10638,6,,,0,400,,10637,6,,,0,200,,10639,6,,,0,200,,10635,6,,,0
1002001,'4614',703,,11408,5,,,0,125,,11409,5,,,0,100,,11410,5,,,0,125,,11411,5,,,0,100,,11404,5,,,0,101,,11405,5,,,0,95,,11412,5,,,0,100,,11406,5,,,0,100,,11407,5,,,0,100,,11413,5,,,0,100,,11414,5,,,0,99,,11415,5,,,0,200,,11416,5,,,0,200,,11417,5,,,0
1002001,'5544',848,,11418,5,,,0,201,,11419,5,,,0,200,,11420,5,,,0,200,,11421,5,,,0,200,,11422,5,,,0,199,,11424,5,,,0,200,,11423,5,,,0
1002001,'5547',718,,11438,5,,,0,130,,11425,5,,,0,100,,11426,5,,,0,100,,11427,5,,,0,100,,11428,5,,,0,101,,11437,5,,,0,100,,11429,5,,,0,100,,11430,5,,,0,100,,11431,5,,,0,100,,11432,5,,,0,100,,11433,5,,,0,99,,11434,5,,,0,200,,11435,5,,,0,200,,11436,5,,,0
