501,'4614',745,,10111,3,0,8,0,70,,10118,3,0,8,0,100,,10100,3,0,8,0,100,,10117,3,0,8,0,100,,10105,3,0,8,0,187,,10103,3,0,8,0,100,,10110,3,0,8,0,55,,10101,3,0,8,0,255,,10116,3,0,8,0,97,,10108,3,0,8,0,98,,10106,3,0,8,0,300,,10112,3,0,8,0
501,'4616',712,,10134,3,0,8,0,200,,10148,3,0,8,0,100,,10133,3,0,8,0,100,,10135,3,0,8,0,103,,10136,3,0,8,0,100,,10137,3,0,8,0,101,,10138,3,0,8,0,299,,10141,3,0,8,0,492,,10145,3,0,8,0,100,,10147,3,0,8,0
501,'5454',1112,,10120,3,0,8,0,100,,10121,3,0,8,0,100,,10127,3,0,8,0,100,,10122,3,0,8,0,100,,10132,3,0,8,0,295,,10129,3,0,8,0,100,,10126,3,0,8,0,115,,10124,3,0,8,0
501,'5658',812,,11842,3,0,8,0,100,,11838,3,0,8,0,100,,11839,3,0,8,0,600,,11841,3,0,8,0,100,,11840,3,0,8,0
501,'5659',714,,11837,3,0,8,0,503,,11831,3,0,8,0,395,,11833,3,0,8,0,395,,11834,3,0,8,0,100,,11835,3,0,8,0,200,,11836,3,0,8,0
501,'5660',714,,12433,3,0,8,0,503,,12427,3,0,8,0,395,,12429,3,0,8,0,395,,12430,3,0,8,0,100,,12431,3,0,8,0,200,,12432,3,0,8,0
501,'5661',812,,12438,3,0,8,0,100,,12434,3,0,8,0,100,,12435,3,0,8,0,600,,12437,3,0,8,0,100,,12436,3,0,8,0
501,'5663',1515,,12439,3,0,8,0,101,,12440,3,0,8,0,191,,12445,3,0,8,0,100,,12441,3,0,8,0,100,,12442,3,0,8,0,100,,12443,3,0,8,0
601,'4614',718,,11864,3,,,0,89,,11467,3,,,0,18,,11469,3,,,0,106,,10198,3,,,0,97,,11468,3,,,0,204,,10199,3,,,0,101,,10214,3,,,0,105,,10203,3,,,0,106,,10205,3,,,0,99,,10206,3,,,0,100,,10215,3,,,0,91,,10204,3,,,0,101,,10216,3,,,0,101,,10207,3,,,0,100,,10209,3,,,0,101,,10211,3,,,0,100,,10212,3,,,0
601,'4616',726,,10237,3,,,0,105,,10244,3,,,0,100,,10238,3,,,0,100,,10235,3,,,0,99,,10239,3,,,0,101,,10236,3,,,0,101,,10234,3,,,0,100,,10229,3,,,0,202,,10232,3,,,0,100,,10245,3,,,0,101,,10233,3,,,0,100,,10230,3,,,0,101,,10242,3,,,0,101,,10243,3,,,0,100,,11465,3,,,0
601,'5454',932,,10227,3,,,0,200,,10223,3,,,0,100,,10218,3,,,0,99,,10228,3,,,0,100,,10220,3,,,0,202,,10219,3,,,0,101,,10226,3,,,0,201,,10222,3,,,0
601,'5658',726,,11866,3,,,0,306,,11865,3,,,0,501,,11867,3,,,0,301,,11868,3,,,0
601,'5659',622,,11863,3,,,0,506,,11862,3,,,0
601,'5660',622,,12458,3,,,0,506,,12457,3,,,0
601,'5661',726,,12460,3,,,0,306,,12459,3,,,0,501,,12461,3,,,0,301,,12462,3,,,0
601,'5663',1533,,12463,3,,,0,806,,12464,3,,,0
