3001,'4614',629,,10741,23,,,0,30,,10734,23,,,0,144,,10736,23,,,0,17,,10739,23,,,0,15,,10738,23,,,0,71,,10735,23,,,0,129,,10713,23,,,0,70,,11604,23,,,0,30,,10714,23,,,0,70,,10716,23,,,0,30,,10718,23,,,0,70,,10720,23,,,0,102,,10717,23,,,0,30,,10722,23,,,0,70,,10719,23,,,0,99,,10723,23,,,0,199,,10725,23,,,0,29,,10726,23,,,0,70,,10727,23,,,0,199,,10730,23,,,0,100,,10731,23,,,0,99,,10728,23,,,0,100,,10732,23,,,0
3001,'4616',734,,10757,23,,,0,100,,10758,23,,,0,100,,10759,23,,,0,71,,10760,23,,,0,30,,10761,23,,,0,70,,10762,23,,,0,30,,10763,23,,,0,101,,10765,23,,,0,70,,10766,23,,,0,30,,10767,23,,,0,70,,10768,23,,,0,30,,10769,23,,,0,100,,10771,23,,,0,70,,10772,23,,,0,99,,10774,23,,,0,129,,10777,23,,,0,70,,10778,23,,,0,200,,10780,23,,,0,298,,10783,23,,,0
3001,'5289',1537,,10743,23,,,0,169,,10742,23,,,0
3001,'5454',1005,,10746,23,,,0,100,,10747,23,,,0,201,,10749,23,,,0,100,,10750,23,,,0,200,,10752,23,,,0,100,,10753,23,,,0,197,,10755,23,,,0,100,,10756,23,,,0
3001,'5568',1537,,10785,23,,,0,169,,10784,23,,,0
3001,'5658',803,,12002,23,,,0,101,,12003,23,,,0,302,,12004,23,,,0,300,,12005,23,,,0,299,,12006,23,,,0
3001,'5659',729,,11999,23,,,0,121,,12001,23,,,0,85,,11994,23,,,0,70,,11995,23,,,0,332,,11996,23,,,0,299,,12000,23,,,0,100,,11997,23,,,0,268,,11998,23,,,0
3001,'5660',729,,12564,23,,,0,121,,12566,23,,,0,85,,12559,23,,,0,70,,12560,23,,,0,332,,12561,23,,,0,299,,12565,23,,,0,100,,12562,23,,,0,268,,12563,23,,,0
3001,'5661',803,,12567,23,,,0,101,,12568,23,,,0,302,,12569,23,,,0,300,,12570,23,,,0,299,,12571,23,,,0
3001,'5663',1206,,12572,23,,,0,300,,12573,23,,,0,130,,12574,23,,,0,100,,12575,23,,,0,68,,12576,23,,,0,200,,12577,23,,,0,199,,12578,23,,,0,99,,12579,23,,,0
