801,'4614',609,,11891,32,,,0,137,,10318,17,,,0,70,,10304,32,,,0,96,,11479,32,,,0,200,,10300,32,,,0,107,,10310,32,,,0,102,,10303,32,,,0,202,,10306,32,,,0,101,,10305,32,,,0,99,,10316,32,,,0,99,,10308,32,,,0,99,,10309,32,,,0,100,,10307,32,,,0,99,,10313,32,,,0,99,,10314,32,,,0,100,,10317,32,,,0
801,'4616',708,,10335,32,,,0,303,,10337,32,,,0,101,,10338,32,,,0,107,,10346,32,,,0,102,,10347,32,,,0,202,,10340,32,,,0,100,,10341,32,,,0,100,,10349,32,,,0,199,,10334,32,,,0,100,,10343,32,,,0,99,,11477,32,,,0,99,,10345,32,,,0
801,'5289',1543,,10319,32,0,24 25 26 7,0
801,'5454',810,,10325,32,,,0,201,,10323,32,,,0,101,,10327,32,,,0,209,,10328,32,,,0,202,,10322,32,,,0,100,,10333,32,,,0,100,,10320,32,,,0,100,,10321,32,,,0,99,,10331,32,,,0,100,,10330,32,,,0
801,'5568',1443,,10350,32,0,24 25 26 7,0
801,'5658',708,,11892,17,,,0,203,,11895,32,,,0,308,,11893,32,,,0,203,,11894,32,,,0
801,'5659',708,,11888,32,,,0,304,,11890,32,,,0,411,,11889,32,,,0
801,'5660',708,,12482,32,,,0,304,,12484,32,,,0,411,,12483,32,,,0
801,'5661',708,,12485,17,,,0,203,,12488,32,,,0,308,,12486,32,,,0,203,,12487,32,,,0
801,'5663',810,,12492,32,,,0,101,,12489,32,,,0,511,,12490,32,,,0,401,,12491,32,,,0
