601,'4614',636,,12458,22,,,0,96,,11864,22,,,0,93,,11467,22,,,0,15,,11469,22,,,0,106,,10198,22,,,0,97,,11468,22,,,0,100,,12457,22,,,0,104,,10199,22,,,0,101,,10214,22,,,0,105,,10203,22,,,0,106,,10205,22,,,0,99,,10206,22,,,0,100,,10215,22,,,0,91,,10204,22,,,0,100,,10216,22,,,0,100,,10207,22,,,0,100,,10209,22,,,0,100,,10211,22,,,0,100,,10212,22,,,0
601,'4616',739,,10237,22,,,0,106,,10244,22,,,0,101,,10238,22,,,0,100,,10235,22,,,0,99,,10239,22,,,0,101,,10236,22,,,0,101,,10234,22,,,0,100,,10229,22,,,0,101,,12463,22,,,0,101,,10232,22,,,0,100,,10245,22,,,0,101,,10233,22,,,0,100,,10230,22,,,0,100,,10242,22,,,0,100,,10243,22,,,0,99,,11465,22,,,0,102,,12464,22,,,0
601,'5454',739,,12460,22,,,0,207,,10227,22,,,0,100,,12459,22,,,0,101,,10223,22,,,0,100,,10218,22,,,0,99,,10228,22,,,0,100,,10220,22,,,0,102,,12461,22,,,0,100,,10219,22,,,0,101,,10226,22,,,0,100,,12462,22,,,0,100,,10222,22,,,0
4001,'4614',628,,12708,9,,,0,31,,12709,9,,,0,71,,12711,9,,,0,15,,12713,9,,,0,56,,12710,9,,,0,16,,12714,9,,,0,14,,12688,9,,,0,17,,12715,9,,,0,55,,12690,9,,,0,16,,12716,9,,,0,15,,12689,9,,,0,15,,12717,9,,,0,55,,12691,9,,,0,15,,12718,9,,,0,15,,12692,9,,,0,15,,12719,9,,,0,55,,12693,9,,,0,15,,12720,9,,,0,15,,12694,9,,,0,15,,12721,9,,,0,55,,12695,9,,,0,15,,12722,9,,,0,15,,12696,9,,,0,15,,12723,9,,,0,55,,12697,9,,,0,15,,12724,9,,,0,15,,12698,9,,,0,15,,12725,9,,,0,55,,12699,9,,,0,11,,12726,9,,,0,10,,12727,9,,,0,10,,12700,9,,,0,10,,12728,9,,,0,60,,12701,9,,,0,20,,12730,9,,,0,11,,12703,9,,,0,10,,12729,9,,,0,10,,12731,9,,,0,50,,12702,9,,,0,20,,12732,9,,,0,10,,12704,9,,,0,14,,12733,9,,,0,55,,12712,9,,,0,15,,12734,9,,,0,15,,12706,9,,,0,15,,12735,9,,,0,55,,12705,9,,,0,15,,12736,9,,,0,15,,12707,9,,,0,15,,12737,9,,,0,54,,12687,9,,,0,30,,12686,9,,,0,71,,12685,9,,,0,29,,12681,9,,,0,69,,12684,9,,,0,30,,12680,9,,,0,69,,12683,9,,,0,30,,12679,9,,,0,70,,12682,9,,,0,30,,12678,9,,,0,70,,12738,9,,,0
4001,'4616',703,,12766,9,,,0,101,,12767,9,,,0,30,,12768,9,,,0,70,,12769,9,,,0,30,,12770,9,,,0,70,,12771,9,,,0,30,,12772,9,,,0,70,,12773,9,,,0,30,,12774,9,,,0,69,,12775,9,,,0,30,,12776,9,,,0,70,,12777,9,,,0,30,,12778,9,,,0,70,,12779,9,,,0,30,,12780,9,,,0,71,,12781,9,,,0,30,,12782,9,,,0,71,,12783,9,,,0,30,,12784,9,,,0,70,,12785,9,,,0,30,,12786,9,,,0,70,,12787,9,,,0,30,,12788,9,,,0,70,,12789,9,,,0,30,,12790,9,,,0,70,,12791,9,,,0,29,,12792,9,,,0,70,,12793,9,,,0,99,,12794,9,,,0,100,,12795,9,,,0,100,,12796,9,,,0
4001,'4619',1515,,12674,9,,,0
4001,'5289',1455,,12675,9,,,0,60,,12676,9,,,0,101,,12677,9,,,0
4001,'5299',1515,,12797,9,,,0
4001,'5454',703,,12739,9,,,0,101,,12741,9,,,0,100,,12743,9,,,0,100,,12745,9,,,0,30,,12746,9,,,0,70,,12747,9,,,0,31,,12748,9,,,0,70,,12749,9,,,0,30,,12750,9,,,0,70,,12751,9,,,0,30,,12752,9,,,0,70,,12753,9,,,0,30,,12754,9,,,0,70,,12755,9,,,0,30,,12756,9,,,0,70,,12757,9,,,0,30,,12758,9,,,0,70,,12759,9,,,0,30,,12760,9,,,0,70,,12761,9,,,0,30,,12762,9,,,0,70,,12744,9,,,0,30,,12742,9,,,0,70,,12740,9,,,0
4001,'5568',1455,,12763,9,,,0,161,,12764,9,,,0
