4001,'4614',1512,,12179,5,0,19 20 7,0
4001,'4619',1523,,12674,15,,,0
4001,'5289',1503,,12675,15,,,0,20,,12676,15,,,0,101,,12677,15,,,0
4001,'5658',709,,12185,15,,,0,101,,12187,15,,,0,101,,12189,15,,,0,100,,12191,15,,,0,30,,12192,15,,,0,70,,12193,15,,,0,31,,12194,15,,,0,70,,12195,15,,,0,30,,12196,15,,,0,70,,12197,15,,,0,30,,12198,15,,,0,70,,12199,15,,,0,30,,12200,15,,,0,70,,12201,15,,,0,30,,12202,15,,,0,70,,12203,15,,,0,30,,12204,15,,,0,70,,12205,15,,,0,29,,12206,15,,,0,70,,12207,15,,,0,30,,12208,15,,,0,70,,12190,15,,,0,30,,12188,15,,,0,70,,12186,15,,,0
4001,'5659',634,,12148,15,,,0,71,,12149,15,,,0,32,,12151,15,,,0,15,,12153,15,,,0,56,,12150,15,,,0,17,,12154,15,,,0,14,,12128,15,,,0,16,,12155,15,,,0,55,,12130,15,,,0,16,,12156,15,,,0,14,,12129,15,,,0,15,,12157,15,,,0,55,,12131,15,,,0,15,,12158,15,,,0,15,,12132,15,,,0,15,,12159,15,,,0,56,,12133,15,,,0,15,,12160,15,,,0,15,,12134,15,,,0,15,,12161,15,,,0,55,,12135,15,,,0,15,,12162,15,,,0,15,,12136,15,,,0,15,,12163,15,,,0,55,,12137,15,,,0,15,,12164,15,,,0,15,,12138,15,,,0,15,,12211,5,0,19 20 7,0,1,,12165,15,,,0,55,,12139,15,,,0,11,,12166,15,,,0,10,,12167,15,,,0,10,,12140,15,,,0,10,,12168,15,,,0,50,,12209,15,,,0,10,,12141,15,,,0,10,,12184,15,,,0,10,,12170,15,,,0,11,,12143,15,,,0,10,,12169,15,,,0,50,,12171,15,,,0,10,,12142,15,,,0,10,,12210,15,,,0,10,,12172,15,,,0,10,,12144,15,,,0,14,,12173,15,,,0,55,,12152,15,,,0,15,,12174,15,,,0,15,,12146,15,,,0,14,,12175,15,,,0,54,,12145,15,,,0,15,,12176,15,,,0,15,,12147,15,,,0,15,,12177,15,,,0,54,,12127,15,,,0,30,,12126,15,,,0,71,,12125,15,,,0,29,,12121,15,,,0,69,,12124,15,,,0,30,,12120,15,,,0,69,,12123,15,,,0,30,,12119,15,,,0,70,,12122,15,,,0,30,,12118,15,,,0,70,,12178,15,,,0
4001,'5660',634,,12708,15,,,0,71,,12709,15,,,0,32,,12711,15,,,0,15,,12713,15,,,0,56,,12710,15,,,0,17,,12714,15,,,0,14,,12688,15,,,0,16,,12715,15,,,0,55,,12690,15,,,0,16,,12716,15,,,0,14,,12689,15,,,0,15,,12717,15,,,0,55,,12691,15,,,0,15,,12718,15,,,0,15,,12692,15,,,0,15,,12719,15,,,0,56,,12693,15,,,0,15,,12720,15,,,0,15,,12694,15,,,0,15,,12721,15,,,0,55,,12695,15,,,0,15,,12722,15,,,0,15,,12696,15,,,0,15,,12723,15,,,0,55,,12697,15,,,0,15,,12724,15,,,0,15,,12698,15,,,0,16,,12725,15,,,0,55,,12699,15,,,0,11,,12726,15,,,0,10,,12727,15,,,0,10,,12700,15,,,0,10,,12728,15,,,0,60,,12701,15,,,0,20,,12730,15,,,0,11,,12703,15,,,0,10,,12729,15,,,0,50,,12731,15,,,0,10,,12702,15,,,0,20,,12732,15,,,0,10,,12704,15,,,0,14,,12733,15,,,0,55,,12712,15,,,0,15,,12734,15,,,0,15,,12706,15,,,0,14,,12735,15,,,0,54,,12705,15,,,0,15,,12736,15,,,0,15,,12707,15,,,0,15,,12737,15,,,0,54,,12687,15,,,0,30,,12686,15,,,0,71,,12685,15,,,0,29,,12681,15,,,0,69,,12684,15,,,0,30,,12680,15,,,0,69,,12683,15,,,0,30,,12679,15,,,0,70,,12682,15,,,0,30,,12678,15,,,0,70,,12738,15,,,0
4001,'5661',709,,12739,15,,,0,101,,12741,15,,,0,101,,12743,15,,,0,100,,12745,15,,,0,30,,12746,15,,,0,70,,12747,15,,,0,31,,12748,15,,,0,70,,12749,15,,,0,30,,12750,15,,,0,70,,12751,15,,,0,30,,12752,15,,,0,70,,12753,15,,,0,30,,12754,15,,,0,70,,12755,15,,,0,30,,12756,15,,,0,70,,12757,15,,,0,30,,12758,15,,,0,70,,12759,15,,,0,29,,12760,15,,,0,70,,12761,15,,,0,30,,12762,15,,,0,70,,12744,15,,,0,30,,12742,15,,,0,70,,12740,15,,,0
4001,'5662',1356,,12765,5,0,19 20 7,0,147,,12763,15,,,0,121,,12764,15,,,0
4001,'5663',709,,12766,15,,,0,102,,12767,15,,,0,30,,12768,15,,,0,70,,12769,15,,,0,30,,12770,15,,,0,70,,12771,15,,,0,30,,12772,15,,,0,71,,12773,15,,,0,30,,12774,15,,,0,69,,12775,15,,,0,30,,12776,15,,,0,70,,12777,15,,,0,30,,12778,15,,,0,70,,12779,15,,,0,30,,12780,15,,,0,71,,12781,15,,,0,30,,12782,15,,,0,71,,12783,15,,,0,30,,12784,15,,,0,70,,12785,15,,,0,30,,12786,15,,,0,69,,12787,15,,,0,29,,12788,15,,,0,70,,12789,15,,,0,30,,12790,15,,,0,70,,12791,15,,,0,29,,12792,15,,,0,70,,12793,15,,,0,99,,12794,15,,,0,100,,12795,15,,,0,100,,12796,15,,,0
4001,'5664',1523,,12797,15,,,0
