2000,'4614',555,,10539,17,0,9 12 2 5,0,100,,10540,17,0,9 12 2 5,0,103,,10541,17,0,9 12 2 5,0,99,,10534,17,,,0,200,,10542,17,,,0,201,,10544,17,,,0,100,,10535,17,,,0,247,,10545,17,,,0,97,,10546,17,,,0,98,,10536,17,,,0,151,,10537,17,0,9 12 2 5,0,199,,10538,17,0,9 12 2 5,0
2000,'4616',857,,10562,17,,,0,202,,10563,17,,,0,200,,10555,17,,,0,100,,10557,17,,,0,141,,10565,17,,,0,100,,10558,17,,,0,100,,10556,17,,,0,57,,10560,17,,,0,195,,10559,17,0,9 12 2 5,0,198,,10564,17,0,9 12 2 5,0
2000,'5289',957,,12524,17,,,0,201,,12523,17,,,0
2000,'5454',857,,10548,17,0,9 12 2 5,0,201,,10551,17,0,9 12 2 5,0,201,,10550,17,0,9 12 2 5,0,242,,10552,17,0,9 12 2 5,0,200,,10549,17,0,9 12 2 5,0,254,,10553,17,0,9 12 2 5,0
2000,'5659',957,,11958,17,,,0,201,,11957,17,,,0
2000,'5662',957,,12526,17,,,0,201,,12525,17,,,0
2000,'5663',757,,12529,17,,,0,201,,12528,17,,,0,201,,12527,17,,,0
9200,'4619',1410,,12873,13,,,0,2,,12318,13,,,0
9200,'5289',1519,,12874,13,,,0,2,,11283,13,,,0
9200,'5299',1427,,11286,13,,,0
9200,'5659',1425,,12321,13,,,0
9200,'5664',1425,,12875,13,,,0
1002000,'4614',627,,11370,23,,,0,113,,11371,23,,,0,189,,11372,23,,,0,100,,11738,23,,,0,201,,11739,23,,,0,100,,11367,23,,,0,104,,11373,23,,,0,105,,11369,23,,,0,185,,11374,23,,,0,329,,11375,23,,,0,199,,11376,23,,,0
1002000,'4616',622,,11389,23,,,0,200,,11388,23,,,0,200,,11391,23,,,0,101,,11392,23,,,0,100,,11393,23,,,0,201,,11395,23,,,0,100,,11400,23,,,0,100,,11396,23,,,0,98,,11397,23,,,0,135,,11398,23,,,0,196,,11399,23,,,0,199,,11387,23,,,0
1002000,'5299',1627,,11378,23,,,0,229,,11379,23,,,0
1002000,'5454',659,,11737,23,,,0,100,,11386,23,,,0,200,,11381,23,,,0,241,,11382,23,,,0,200,,11383,23,,,0,202,,11384,23,,,0,199,,11385,23,,,0
1002000,'5567',1627,,11402,23,,,0,229,,11403,23,,,0
1002000,'5659',826,,12333,23,,,0,303,,12331,23,,,0,394,,12332,23,,,0
1002000,'5660',826,,12882,23,,,0,303,,12880,23,,,0,394,,12881,23,,,0
1002000,'5663',722,,12885,23,,,0,200,,12883,23,,,0,401,,12884,23,,,0
