2000,'4614',624,,10539,56,,,0,103,,10540,56,,,0,108,,10541,56,,,0,80,,10534,39,,,0,201,,10542,39,,,0,202,,10544,39,,,0,101,,10535,39,,,0,206,,10545,39,,,0,97,,10546,39,,,0,97,,10536,39,,,0,203,,10537,56,,,0,197,,10538,56,,,0
2000,'4616',915,,10562,39,,,0,203,,10563,39,,,0,200,,10555,39,,,0,100,,10557,39,,,0,101,,10565,39,,,0,100,,10558,39,,,0,100,,10556,39,,,0,96,,10560,39,,,0,207,,10559,56,,,0,198,,10564,56,,,0
2000,'5289',1015,,11956,39,,,0,203,,11955,39,,,0
2000,'5454',925,,10548,56,,,0,203,,10551,56,,,0,202,,10550,56,,,0,201,,10552,56,,,0,200,,10549,56,,,0,292,,10553,56,,,0
2000,'5568',1015,,11958,39,,,0,203,,11957,39,,,0
2000,'5640',815,,11961,39,,,0,202,,11960,39,,,0,201,,11959,39,,,0
2500,'4614',801,,10609,21,0,5,0,247,,11595,21,,,0,194,,11964,21,0,5,0,211,,11965,21,,,0,401,,10613,21,,,0
2500,'4616',1049,,10622,21,,,0,399,,10621,21,,,0,200,,10623,21,,,0,201,,10619,21,,,0
2500,'5454',801,,11594,21,0,5,0,248,,10615,21,,,0,399,,10616,21,,,0,200,,10618,21,,,0,201,,10617,21,,,0
2500,'5640',801,,11966,21,0,5,0
1002000,'4614',645,,11370,45,,,0,114,,11371,45,,,0,100,,12333,62,,,0,88,,11372,45,,,0,101,,11738,45,,,0,101,,12331,45,,,0,153,,11739,62,,,0,48,,11367,45,,,0,160,,11373,62,,,0,35,,12332,45,,,0,68,,11369,62,,,0,144,,11374,62,,,0,365,,11375,62,,,0,199,,11376,62,,,0
1002000,'4616',652,,11389,62,,,0,201,,11388,62,,,0,201,,11391,62,,,0,101,,11392,62,,,0,100,,11393,62,,,0,201,,11395,62,,,0,100,,11400,62,,,0,100,,11396,62,,,0,98,,11397,62,,,0,173,,11398,62,,,0,196,,11399,62,,,0,198,,11387,62,,,0
1002000,'5299',1700,,11378,62,,,0,227,,11379,62,,,0
1002000,'5454',728,,11737,62,,,0,100,,11386,62,,,0,190,,11381,45,,,0,201,,11382,45,,,0,200,,11383,45,,,0,202,,11384,45,,,0,199,,11385,45,,,0
1002000,'5567',1700,,11402,62,,,0,227,,11403,62,,,0
1002000,'5640',753,,12336,62,,,0,200,,12334,62,,,0,402,,12335,62,,,0
