3001,'4614',634,,10741,31,,,0,10,,10741,42,,,0,61,,10734,31,,,0,11,,10734,42,,,0,93,,10736,31,,,0,12,,10736,42,,,0,5,,10739,31,,,0,11,,10739,42,,,0,4,,10738,31,,,0,11,,10738,42,,,0,59,,10735,31,,,0,11,,10735,42,,,0,119,,10713,31,,,0,11,,10713,42,,,0,59,,11604,31,,,0,11,,11604,42,,,0,19,,10714,31,,,0,11,,10714,42,,,0,59,,10716,31,,,0,11,,10716,42,,,0,19,,10718,31,,,0,11,,10718,42,,,0,59,,10720,31,,,0,11,,10720,42,,,0,91,,10717,31,,,0,11,,10717,42,,,0,19,,10722,31,,,0,12,,10722,42,,,0,58,,10719,31,,,0,13,,10719,42,,,0,86,,10723,31,,,0,12,,10723,42,,,0,186,,10725,31,,,0,11,,10725,42,,,0,18,,10726,31,,,0,11,,10726,42,,,0,59,,10727,31,,,0,10,,10727,42,,,0,189,,10730,31,,,0,9,,10730,42,,,0,91,,10731,31,,,0,9,,10731,42,,,0,90,,10728,31,,,0,9,,10728,42,,,0,91,,10732,31,,,0,9,,10732,42,,,0
3001,'4616',739,,10757,31,,,0,10,,10757,42,,,0,90,,10758,31,,,0,11,,10758,42,,,0,89,,10759,31,,,0,11,,10759,42,,,0,60,,10760,31,,,0,11,,10760,42,,,0,19,,10761,31,,,0,11,,10761,42,,,0,59,,10762,31,,,0,11,,10762,42,,,0,19,,10763,31,,,0,11,,10763,42,,,0,90,,10765,31,,,0,11,,10765,42,,,0,59,,10766,31,,,0,11,,10766,42,,,0,19,,10767,31,,,0,11,,10767,42,,,0,59,,10768,31,,,0,11,,10768,42,,,0,19,,10769,31,,,0,11,,10769,42,,,0,89,,10771,31,,,0,11,,10771,42,,,0,59,,10772,31,,,0,10,,10772,42,,,0,89,,10774,31,,,0,10,,10774,42,,,0,119,,10777,31,,,0,9,,10777,42,,,0,61,,10778,31,,,0,9,,10778,42,,,0,191,,10780,31,,,0,9,,10780,42,,,0,288,,10783,31,,,0,9,,10783,42,,,0
3001,'5289',1543,,10743,31,,,0,12,,10743,42,,,0,157,,10742,31,,,0,11,,10742,42,,,0
3001,'5454',1010,,10746,31,,,0,10,,10746,42,,,0,90,,10747,31,,,0,10,,10747,42,,,0,191,,10749,31,,,0,11,,10749,42,,,0,89,,10750,31,,,0,11,,10750,42,,,0,189,,10752,31,,,0,10,,10752,42,,,0,90,,10753,31,,,0,10,,10753,42,,,0,187,,10755,31,,,0,9,,10755,42,,,0,91,,10756,31,,,0,9,,10756,42,,,0
3001,'5568',1543,,10785,31,,,0,12,,10785,42,,,0,157,,10784,31,,,0,11,,10784,42,,,0
3001,'5658',808,,12002,31,,,0,10,,12002,42,,,0,91,,12003,31,,,0,10,,12003,42,,,0,292,,12004,31,,,0,11,,12004,42,,,0,289,,12005,31,,,0,11,,12005,42,,,0,288,,12006,31,,,0,9,,12006,42,,,0
3001,'5659',735,,11999,31,,,0,11,,11999,42,,,0,109,,12001,31,,,0,51,,12001,42,,,0,34,,11994,31,,,0,11,,11994,42,,,0,60,,11995,31,,,0,11,,11995,42,,,0,321,,11996,31,,,0,11,,11996,42,,,0,288,,12000,31,,,0,12,,12000,42,,,0,88,,11997,31,,,0,11,,11997,42,,,0,256,,11998,31,,,0,9,,11998,42,,,0
3001,'5660',735,,12564,31,,,0,11,,12564,42,,,0,109,,12566,31,,,0,51,,12566,42,,,0,34,,12559,31,,,0,11,,12559,42,,,0,60,,12560,31,,,0,11,,12560,42,,,0,321,,12561,31,,,0,11,,12561,42,,,0,288,,12565,31,,,0,12,,12565,42,,,0,88,,12562,31,,,0,11,,12562,42,,,0,256,,12563,31,,,0,9,,12563,42,,,0
3001,'5661',808,,12567,31,,,0,10,,12567,42,,,0,91,,12568,31,,,0,10,,12568,42,,,0,292,,12569,31,,,0,11,,12569,42,,,0,289,,12570,31,,,0,11,,12570,42,,,0,288,,12571,31,,,0,9,,12571,42,,,0
3001,'5663',1211,,12572,31,,,0,11,,12572,42,,,0,289,,12573,31,,,0,11,,12573,42,,,0,119,,12574,31,,,0,10,,12574,42,,,0,90,,12575,31,,,0,9,,12575,42,,,0,59,,12576,31,,,0,9,,12576,42,,,0,191,,12577,31,,,0,9,,12577,42,,,0,190,,12578,31,,,0,9,,12578,42,,,0,90,,12579,31,,,0,9,,12579,42,,,0
