801,'4614',608,,11891,31,,,0,137,,10318,16,,,0,70,,10304,31,,,0,96,,11479,31,,,0,200,,10300,31,,,0,107,,10310,31,,,0,102,,10303,31,,,0,202,,10306,31,,,0,101,,10305,31,,,0,99,,10316,31,,,0,99,,10308,31,,,0,99,,10309,31,,,0,100,,10307,31,,,0,99,,10313,31,,,0,99,,10314,31,,,0,100,,10317,31,,,0
801,'4616',707,,10335,31,,,0,303,,10337,31,,,0,101,,10338,31,,,0,107,,10346,31,,,0,102,,10347,31,,,0,202,,10340,31,,,0,100,,10341,31,,,0,100,,10349,31,,,0,199,,10334,31,,,0,100,,10343,31,,,0,99,,11477,31,,,0,99,,10345,31,,,0
801,'5289',1542,,10319,31,0,24 25 26 7,0
801,'5454',809,,10325,31,,,0,201,,10323,31,,,0,101,,10327,31,,,0,209,,10328,31,,,0,202,,10322,31,,,0,100,,10333,31,,,0,100,,10320,31,,,0,100,,10321,31,,,0,99,,10331,31,,,0,100,,10330,31,,,0
801,'5568',1442,,10350,31,0,24 25 26 7,0
801,'5658',707,,11892,16,,,0,203,,11895,31,,,0,308,,11893,31,,,0,203,,11894,31,,,0
801,'5659',707,,11888,31,,,0,304,,11890,31,,,0,411,,11889,31,,,0
801,'5660',707,,12482,31,,,0,304,,12484,31,,,0,411,,12483,31,,,0
801,'5661',707,,12485,16,,,0,203,,12488,31,,,0,308,,12486,31,,,0,203,,12487,31,,,0
801,'5663',809,,12492,31,,,0,101,,12489,31,,,0,511,,12490,31,,,0,401,,12491,31,,,0
