2000,'4614',625,,10539,58,,,0,104,,10540,58,,,0,108,,10541,58,,,0,80,,10534,41,,,0,201,,10542,41,,,0,202,,10544,41,,,0,100,,10535,41,,,0,206,,10545,41,,,0,97,,10546,41,,,0,98,,10536,41,,,0,202,,10537,58,,,0,197,,10538,58,,,0
2000,'4616',916,,10562,41,,,0,204,,10563,41,,,0,200,,10555,41,,,0,100,,10557,41,,,0,101,,10565,41,,,0,99,,10558,41,,,0,100,,10556,41,,,0,96,,10560,41,,,0,207,,10559,58,,,0,198,,10564,58,,,0
2000,'5289',1017,,12524,41,,,0,203,,12523,41,,,0
2000,'5454',926,,10548,58,,,0,203,,10551,58,,,0,203,,10550,58,,,0,201,,10552,58,,,0,199,,10549,58,,,0,292,,10553,58,,,0
2000,'5659',1017,,11958,41,,,0,203,,11957,41,,,0
2000,'5662',1017,,12526,41,,,0,203,,12525,41,,,0
2000,'5663',816,,12529,41,,,0,203,,12528,41,,,0,201,,12527,41,,,0
2500,'4614',802,,10609,23,0,5,0,248,,11595,23,,,0,405,,11965,23,,,0,400,,10613,23,,,0
2500,'4616',1050,,10622,23,,,0,400,,10621,23,,,0,200,,10623,23,,,0,200,,10619,23,,,0
2500,'5454',802,,11594,23,0,5,0,248,,10615,23,,,0,400,,10616,23,,,0,200,,10618,23,,,0,200,,10617,23,,,0
2500,'5659',1243,,11964,23,0,5,0
2500,'5660',1243,,12532,23,0,5,0
2500,'5663',802,,12533,23,0,5,0
1002000,'4614',646,,11370,47,,,0,155,,11371,47,,,0,148,,11372,47,,,0,101,,11738,47,,,0,254,,11739,64,,,0,48,,11367,47,,,0,159,,11373,64,,,0,103,,11369,64,,,0,144,,11374,64,,,0,365,,11375,64,,,0,199,,11376,64,,,0
1002000,'4616',653,,11389,64,,,0,201,,11388,64,,,0,202,,11391,64,,,0,101,,11392,64,,,0,100,,11393,64,,,0,201,,11395,64,,,0,100,,11400,64,,,0,99,,11396,64,,,0,98,,11397,64,,,0,173,,11398,64,,,0,196,,11399,64,,,0,198,,11387,64,,,0
1002000,'5299',1701,,11378,64,,,0,227,,11379,64,,,0
1002000,'5454',729,,11737,64,,,0,100,,11386,64,,,0,190,,11381,47,,,0,201,,11382,47,,,0,201,,11383,47,,,0,201,,11384,47,,,0,199,,11385,47,,,0
1002000,'5567',1701,,11402,64,,,0,227,,11403,64,,,0
1002000,'5659',901,,12333,64,,,0,250,,12331,47,,,0,395,,12332,47,,,0
1002000,'5660',901,,12882,64,,,0,250,,12880,47,,,0,395,,12881,47,,,0
1002000,'5663',754,,12885,64,,,0,200,,12883,64,,,0,403,,12884,64,,,0
