3001,'4614',627,,10741,20,,,0,30,,10734,20,,,0,143,,10736,20,,,0,17,,10739,20,,,0,16,,10738,20,,,0,71,,10735,20,,,0,129,,10713,20,,,0,70,,11604,20,,,0,30,,10714,20,,,0,70,,10716,20,,,0,30,,10718,20,,,0,70,,10720,20,,,0,102,,10717,20,,,0,30,,10722,20,,,0,70,,10719,20,,,0,99,,10723,20,,,0,199,,10725,20,,,0,29,,10726,20,,,0,70,,10727,20,,,0,199,,10730,20,,,0,100,,10731,20,,,0,99,,10728,20,,,0,100,,10732,20,,,0
3001,'4616',732,,10757,20,,,0,100,,10758,20,,,0,100,,10759,20,,,0,71,,10760,20,,,0,30,,10761,20,,,0,70,,10762,20,,,0,30,,10763,20,,,0,101,,10765,20,,,0,70,,10766,20,,,0,30,,10767,20,,,0,70,,10768,20,,,0,30,,10769,20,,,0,100,,10771,20,,,0,70,,10772,20,,,0,99,,10774,20,,,0,129,,10777,20,,,0,70,,10778,20,,,0,200,,10780,20,,,0,298,,10783,20,,,0
3001,'5289',1535,,10743,20,,,0,169,,10742,20,,,0
3001,'5454',1003,,10746,20,,,0,100,,10747,20,,,0,201,,10749,20,,,0,100,,10750,20,,,0,200,,10752,20,,,0,100,,10753,20,,,0,197,,10755,20,,,0,100,,10756,20,,,0
3001,'5568',1535,,10785,20,,,0,169,,10784,20,,,0
3001,'5658',801,,12002,20,,,0,101,,12003,20,,,0,302,,12004,20,,,0,300,,12005,20,,,0,299,,12006,20,,,0
3001,'5659',727,,11999,20,,,0,121,,12001,20,,,0,85,,11994,20,,,0,70,,11995,20,,,0,332,,11996,20,,,0,299,,12000,20,,,0,100,,11997,20,,,0,268,,11998,20,,,0
3001,'5660',727,,12564,20,,,0,121,,12566,20,,,0,85,,12559,20,,,0,70,,12560,20,,,0,332,,12561,20,,,0,299,,12565,20,,,0,100,,12562,20,,,0,268,,12563,20,,,0
3001,'5661',801,,12567,20,,,0,101,,12568,20,,,0,302,,12569,20,,,0,300,,12570,20,,,0,299,,12571,20,,,0
3001,'5663',1204,,12572,20,,,0,300,,12573,20,,,0,130,,12574,20,,,0,100,,12575,20,,,0,68,,12576,20,,,0,200,,12577,20,,,0,199,,12578,20,,,0,99,,12579,20,,,0
