501,'4614',816,,10111,35,,,0,30,,10118,35,,,0,97,,10100,35,,,0,100,,10117,35,,,0,100,,10105,35,,,0,188,,10103,35,,,0,101,,10110,35,,,0,95,,10101,35,,,0,214,,10116,35,,,0,96,,10108,35,,,0,98,,10106,35,,,0,298,,10112,35,,,0
501,'4616',738,,10134,35,,,0,201,,10148,35,,,0,100,,10133,35,,,0,101,,10135,35,,,0,103,,10136,35,,,0,100,,10137,35,,,0,101,,10138,35,,,0,300,,10141,35,,,0,489,,10145,35,,,0,99,,10147,35,,,0
501,'5454',1140,,10120,35,,,0,100,,10121,35,,,0,100,,10127,35,,,0,100,,10122,35,,,0,100,,10132,35,,,0,295,,10129,35,,,0,99,,10126,35,,,0
501,'5658',838,,11842,35,,,0,101,,11838,35,,,0,100,,11839,35,,,0,601,,11841,35,,,0,100,,11840,35,,,0
501,'5659',630,,11832,23,,,0,110,,11837,35,,,0,505,,11831,35,,,0,397,,11833,35,,,0,392,,11834,35,,,0,100,,11835,35,,,0,198,,11836,35,,,0
501,'5660',630,,12428,23,,,0,110,,12433,35,,,0,505,,12427,35,,,0,397,,12429,35,,,0,392,,12430,35,,,0,100,,12431,35,,,0,198,,12432,35,,,0
501,'5661',838,,12438,35,,,0,101,,12434,35,,,0,100,,12435,35,,,0,601,,12437,35,,,0,100,,12436,35,,,0
501,'5663',1544,,12439,35,,,0,101,,12440,35,,,0,190,,12445,35,,,0,99,,12441,35,,,0,100,,12442,35,,,0,99,,12443,35,,,0
1500,'4614',917,,10456,16,,,0,94,,10457,16,,,0,30,,10461,16,,,0,72,,10459,16,,,0,31,,10460,16,,,0,71,,10458,16,,,0,103,,10465,16,,,0,29,,10464,16,,,0,74,,10463,16,,,0,24,,10462,16,,,0,402,,10466,16,,,0,100,,10467,16,,,0,99,,10468,16,,,0
1500,'4616',941,,10494,16,,,0,101,,10492,16,,,0,105,,10488,16,,,0,101,,10487,16,,,0,101,,10485,16,,,0,101,,10490,16,,,0,100,,10491,16,,,0,99,,10495,16,,,0,199,,10483,16,,,0,101,,10486,16,,,0,100,,11584,16,,,0
1500,'5454',741,,10477,16,,,0,200,,10481,16,,,0,101,,10474,16,,,0,206,,10478,16,,,0,100,,10470,16,,,0,102,,10473,16,,,0,100,,10469,16,,,0,100,,10479,16,,,0,100,,10480,16,,,0,99,,10475,16,,,0
1500,'5658',842,,11943,16,,,0,305,,11942,16,,,0,802,,11941,16,,,0
1500,'5659',941,,11940,16,,,0
1500,'5660',941,,12508,16,,,0
1500,'5661',842,,12511,16,,,0,305,,12510,16,,,0,802,,12509,16,,,0
1500,'5663',741,,12514,16,,,0,101,,12513,16,,,0,907,,12512,16,,,0
4000,'4614',655,,10853,38,,,0,56,,10879,38,,,0,40,,10880,38,0,6 7,0,8,,11643,38,,,0,54,,10884,38,0,6 7,0,26,,11648,38,0,6 7,0,91,,10831,38,,,0,15,,11644,38,,,0,99,,10860,38,,,0,201,,10864,38,,,0,259,,10841,38,,,0,524,,10827,38,,,0,30,,10825,38,,,0
4000,'4616',755,,10937,38,,,0,70,,10938,38,,,0,31,,10939,38,,,0,476,,10914,38,,,0,102,,10917,38,,,0,70,,11638,38,,,0,30,,10929,38,,,0,70,,10924,38,,,0,29,,10911,38,,,0
4000,'4619',1746,,12075,38,,,0
4000,'4931',1746,,12076,38,,,0
4000,'5454',959,,10892,38,,,0,98,,10894,38,,,0,545,,10904,38,,,0,29,,10905,38,,,0
4000,'5658',725,,12077,38,,,0,100,,12079,38,,,0,101,,12081,38,,,0,101,,12082,38,,,0,101,,12083,38,,,0,31,,12084,38,,,0,70,,12085,38,,,0,71,,12086,38,,,0,32,,12087,38,,,0,70,,12088,38,,,0,30,,12089,38,,,0,72,,12090,38,,,0,28,,12091,38,,,0,169,,12092,38,,,0,30,,12093,38,,,0,28,,12094,38,,,0,70,,12095,38,,,0,30,,12096,38,,,0,69,,12078,38,,,0,29,,12080,38,,,0
4000,'5659',625,,12051,38,,,0,102,,12052,38,,,0,16,,12072,38,,,0,65,,12073,38,0,6 7,0,10,,12071,38,,,0,7,,12074,38,0,6 7,0,7,,12053,38,,,0,14,,12070,38,,,0,55,,12031,38,,,0,14,,12054,38,,,0,85,,12032,38,,,0,14,,12055,38,,,0,15,,12033,38,,,0,30,,12034,38,,,0,56,,12056,38,,,0,15,,12035,38,,,0,15,,12057,38,,,0,55,,12036,38,,,0,15,,12058,38,,,0,15,,12037,38,,,0,70,,12038,38,,,0,15,,12059,38,,,0,15,,12039,38,,,0,15,,12060,38,,,0,55,,12040,38,,,0,17,,12061,38,,,0,17,,12041,38,,,0,15,,12062,38,,,0,70,,12063,38,,,0,15,,12042,38,,,0,16,,12064,38,,,0,53,,12043,38,,,0,15,,12065,38,,,0,15,,12044,38,,,0,15,,12066,38,,,0,55,,12045,38,,,0,15,,12067,38,,,0,14,,12046,38,,,0,68,,12047,38,,,0,15,,12068,38,,,0,15,,12048,38,,,0,28,,12049,38,,,0,70,,12050,38,,,0,30,,12028,38,,,0,169,,12029,38,,,0,28,,12027,38,,,0,69,,12030,38,,,0,30,,12026,38,,,0,69,,12069,38,,,0
4000,'5660',625,,12609,38,,,0,102,,12610,38,,,0,16,,12630,38,,,0,65,,12631,38,0,6 7,0,10,,12629,38,,,0,7,,12632,38,0,6 7,0,7,,12611,38,,,0,14,,12628,38,,,0,55,,12589,38,,,0,14,,12612,38,,,0,85,,12590,38,,,0,14,,12613,38,,,0,15,,12591,38,,,0,30,,12592,38,,,0,56,,12614,38,,,0,15,,12593,38,,,0,15,,12615,38,,,0,55,,12594,38,,,0,15,,12616,38,,,0,15,,12595,38,,,0,70,,12596,38,,,0,15,,12617,38,,,0,15,,12597,38,,,0,15,,12618,38,,,0,55,,12598,38,,,0,17,,12619,38,,,0,17,,12599,38,,,0,15,,12620,38,,,0,70,,12621,38,,,0,15,,12600,38,,,0,16,,12622,38,,,0,53,,12601,38,,,0,15,,12623,38,,,0,15,,12602,38,,,0,15,,12624,38,,,0,55,,12603,38,,,0,15,,12625,38,,,0,14,,12604,38,,,0,68,,12605,38,,,0,15,,12626,38,,,0,15,,12606,38,,,0,28,,12607,38,,,0,70,,12608,38,,,0,30,,12586,38,,,0,169,,12587,38,,,0,28,,12585,38,,,0,69,,12588,38,,,0,30,,12584,38,,,0,69,,12627,38,,,0
4000,'5661',725,,12633,38,,,0,100,,12635,38,,,0,101,,12637,38,,,0,101,,12638,38,,,0,101,,12639,38,,,0,31,,12640,38,,,0,70,,12641,38,,,0,71,,12642,38,,,0,32,,12643,38,,,0,70,,12644,38,,,0,30,,12645,38,,,0,72,,12646,38,,,0,28,,12647,38,,,0,169,,12648,38,,,0,30,,12649,38,,,0,28,,12650,38,,,0,70,,12651,38,,,0,30,,12652,38,,,0,69,,12634,38,,,0,29,,12636,38,,,0
4000,'5663',655,,12672,38,,,0,271,,12673,38,,,0,32,,12661,38,,,0,71,,12658,38,,,0,30,,12656,38,,,0,72,,12665,38,,,0,70,,12671,38,,,0,31,,12653,38,,,0,70,,12657,38,,,0,101,,12667,38,,,0,300,,12659,38,,,0,28,,12660,38,,,0,70,,12664,38,,,0,30,,12662,38,,,0,70,,12666,38,,,0,29,,12669,38,,,0,29,,12655,38,,,0,69,,12663,38,,,0,100,,12668,38,,,0,100,,12654,38,,,0,97,,12670,38,,,0
1001500,'4614',744,,11343,21,,,0,73,,11341,21,,,0,430,,11345,21,,,0,274,,11351,21,,,0,26,,11347,21,,,0,70,,11346,21,,,0,31,,11348,21,,,0,75,,11349,21,,,0,24,,11350,21,,,0
1001500,'5289',846,,12876,21,,,0
1001500,'5659',703,,12326,21,,,0,143,,12328,21,,,0
1001500,'5660',703,,12877,21,,,0
1001500,'5662',846,,12878,21,,,0
