4000,'4614',639,,10853,21,,,0,15,,10879,21,,,0,78,,10880,21,0,6 7,0,7,,11643,21,,,0,12,,10884,21,0,6 7,0,68,,11648,21,0,6 7,0,92,,10831,21,,,0,15,,11644,21,,,0,99,,10860,21,,,0,200,,10864,21,,,0,217,,10841,21,,,0,568,,10827,21,,,0,30,,10825,21,,,0
4000,'4616',739,,10937,21,,,0,70,,10938,21,,,0,30,,10939,21,,,0,473,,10914,21,,,0,101,,10917,21,,,0,30,,11638,21,,,0,70,,10929,21,,,0,30,,10924,21,,,0,70,,10911,21,,,0
4000,'4619',1727,,12075,21,,,0
4000,'4931',1727,,12076,21,,,0
4000,'5454',941,,10892,21,,,0,99,,10894,21,,,0,502,,10904,21,,,0,70,,10905,21,,,0
4000,'5658',709,,12077,21,,,0,100,,12079,21,,,0,100,,12081,21,,,0,101,,12082,21,,,0,100,,12083,21,,,0,30,,12084,21,,,0,70,,12085,21,,,0,30,,12086,21,,,0,72,,12087,21,,,0,30,,12088,21,,,0,70,,12089,21,,,0,32,,12090,21,,,0,68,,12091,21,,,0,130,,12092,21,,,0,70,,12093,21,,,0,28,,12094,21,,,0,70,,12095,21,,,0,30,,12096,21,,,0,70,,12078,21,,,0,30,,12080,21,,,0
4000,'5659',609,,12051,21,,,0,100,,12052,21,,,0,15,,12072,21,,,0,23,,12073,21,0,6 7,0,9,,12071,21,,,0,48,,12074,21,0,6 7,0,7,,12053,21,,,0,15,,12070,21,,,0,15,,12031,21,,,0,15,,12054,21,,,0,85,,12032,21,,,0,14,,12055,21,,,0,55,,12033,21,,,0,30,,12034,21,,,0,15,,12056,21,,,0,55,,12035,21,,,0,15,,12057,21,,,0,15,,12036,21,,,0,15,,12058,21,,,0,55,,12037,21,,,0,30,,12038,21,,,0,15,,12059,21,,,0,55,,12039,21,,,0,15,,12060,21,,,0,15,,12040,21,,,0,16,,12061,21,,,0,56,,12041,21,,,0,15,,12062,21,,,0,30,,12063,21,,,0,55,,12042,21,,,0,16,,12064,21,,,0,14,,12043,21,,,0,15,,12065,21,,,0,55,,12044,21,,,0,15,,12066,21,,,0,15,,12045,21,,,0,15,,12067,21,,,0,55,,12046,21,,,0,29,,12047,21,,,0,15,,12068,21,,,0,55,,12048,21,,,0,29,,12049,21,,,0,70,,12050,21,,,0,30,,12028,21,,,0,170,,12029,21,,,0,29,,12027,21,,,0,70,,12030,21,,,0,30,,12026,21,,,0,69,,12069,21,,,0
4000,'5660',609,,12609,21,,,0,100,,12610,21,,,0,15,,12630,21,,,0,23,,12631,21,0,6 7,0,9,,12629,21,,,0,48,,12632,21,0,6 7,0,7,,12611,21,,,0,15,,12628,21,,,0,15,,12589,21,,,0,15,,12612,21,,,0,85,,12590,21,,,0,14,,12613,21,,,0,55,,12591,21,,,0,30,,12592,21,,,0,15,,12614,21,,,0,55,,12593,21,,,0,15,,12615,21,,,0,15,,12594,21,,,0,15,,12616,21,,,0,55,,12595,21,,,0,30,,12596,21,,,0,15,,12617,21,,,0,55,,12597,21,,,0,15,,12618,21,,,0,15,,12598,21,,,0,16,,12619,21,,,0,56,,12599,21,,,0,15,,12620,21,,,0,30,,12621,21,,,0,55,,12600,21,,,0,16,,12622,21,,,0,14,,12601,21,,,0,15,,12623,21,,,0,55,,12602,21,,,0,15,,12624,21,,,0,15,,12603,21,,,0,15,,12625,21,,,0,55,,12604,21,,,0,29,,12605,21,,,0,15,,12626,21,,,0,55,,12606,21,,,0,29,,12607,21,,,0,70,,12608,21,,,0,30,,12586,21,,,0,170,,12587,21,,,0,29,,12585,21,,,0,70,,12588,21,,,0,30,,12584,21,,,0,69,,12627,21,,,0
4000,'5661',709,,12633,21,,,0,100,,12635,21,,,0,100,,12637,21,,,0,101,,12638,21,,,0,100,,12639,21,,,0,30,,12640,21,,,0,70,,12641,21,,,0,30,,12642,21,,,0,72,,12643,21,,,0,30,,12644,21,,,0,70,,12645,21,,,0,32,,12646,21,,,0,68,,12647,21,,,0,130,,12648,21,,,0,70,,12649,21,,,0,28,,12650,21,,,0,70,,12651,21,,,0,30,,12652,21,,,0,70,,12634,21,,,0,30,,12636,21,,,0
4000,'5663',639,,12672,21,,,0,270,,12673,21,,,0,31,,12661,21,,,0,70,,12658,21,,,0,30,,12656,21,,,0,71,,12665,21,,,0,30,,12671,21,,,0,71,,12653,21,,,0,30,,12657,21,,,0,100,,12667,21,,,0,301,,12659,21,,,0,68,,12660,21,,,0,30,,12664,21,,,0,70,,12662,21,,,0,30,,12666,21,,,0,70,,12669,21,,,0,29,,12655,21,,,0,70,,12663,21,,,0,100,,12668,21,,,0,100,,12654,21,,,0,99,,12670,21,,,0
