2000,'4614',545,,10539,1,0,9 12 2 5,0,100,,10540,1,0,9 12 2 5,0,100,,10541,1,0,9 12 2 5,0,100,,10534,1,,,0,200,,10542,1,,,0,200,,10544,1,,,0,100,,10535,1,,,0,205,,10545,1,,,0,97,,10546,1,,,0,100,,10536,1,,,0,193,,10537,1,0,9 12 2 5,0,200,,10538,1,0,9 12 2 5,0
2000,'4616',747,,12529,1,,,0,100,,10562,1,,,0,100,,12528,1,,,0,100,,10563,1,,,0,100,,12527,1,,,0,100,,10555,1,,,0,100,,10557,1,,,0,100,,10565,1,,,0,100,,10558,1,,,0,100,,10556,1,,,0,98,,10560,1,,,0,195,,10559,1,0,9 12 2 5,0,200,,10564,1,0,9 12 2 5,0
2000,'5289',945,,12524,1,,,0,200,,12523,1,,,0
2000,'5454',847,,10548,1,0,9 12 2 5,0,200,,10551,1,0,9 12 2 5,0,200,,10550,1,0,9 12 2 5,0,200,,10552,1,0,9 12 2 5,0,200,,10549,1,0,9 12 2 5,0,296,,10553,1,0,9 12 2 5,0
2000,'5568',945,,12526,1,,,0,200,,12525,1,,,0
2001,'4614',715,,10573,45,4,,0,107,,10579,62,4,,0,2,,10580,26,4,,0,27,,10572,62,4,,0,86,,10567,45,4,,0,100,,10578,62,4,,0,21,,10568,45,4,,0,100,,11593,45,4,,0,101,,12530,45,4,,0,141,,10575,45,4,,0,115,,10576,62,4,,0,343,,10569,45,4,,0,373,,10570,62,4,,0,196,,10571,62,4,,0
2001,'4616',905,,12531,62,4,,0,97,,10597,45,4,,0,100,,10601,45,4,,0,100,,10598,45,4,,0,102,,10591,45,4,,0,100,,10600,45,4,,0,99,,10604,45,4,,0,100,,10594,45,4,,0,98,,10599,45,4,,0,99,,10595,45,4,,0,59,,10592,45,4,,0,174,,10603,62,4,,0,200,,10596,62,4,,0,193,,10593,62,4,,0
2001,'5289',1703,,10581,45,4,,0
2001,'5299',1605,,10584,45,4,,0,196,,10582,45,4,,0,230,,10583,62,4,,0
2001,'5454',820,,11592,45,4,,0,202,,10585,45,4,,0,202,,10587,45,4,,0,200,,10586,45,4,,0,200,,10588,45,4,,0,197,,10589,45,4,,0
2001,'5567',1605,,10607,45,4,,0,196,,10605,45,4,,0,230,,10606,62,4,,0
2001,'5568',1703,,10608,45,4,,0
3000,'4614',613,,12542,1,,,0,30,,10665,1,,,0,15,,10669,1,,,0,55,,10661,1,,,0,14,,12544,1,,,0,15,,12543,1,,,0,70,,10668,1,,,0,31,,10662,1,,,0,70,,10640,1,,,0,30,,10641,1,,,0,70,,12536,1,,,0,30,,12537,1,,,0,70,,10644,1,,,0,30,,11602,1,,,0,70,,10646,1,,,0,30,,10648,1,,,0,70,,10649,1,,,0,30,,12538,1,,,0,72,,10647,1,,,0,30,,10651,1,,,0,71,,10666,1,,,0,31,,10652,1,,,0,69,,10667,1,,,0,29,,10653,1,,,0,70,,12539,1,,,0,30,,12540,1,,,0,100,,10656,1,,,0,100,,10657,1,,,0,100,,12541,1,,,0,100,,10659,1,,,0,100,,10660,1,,,0
3000,'4616',613,,10684,1,,,0,100,,10685,1,,,0,100,,10686,1,,,0,30,,12550,1,,,0,70,,10688,1,,,0,30,,10689,1,,,0,70,,10690,1,,,0,30,,10691,1,,,0,70,,10692,1,,,0,30,,10693,1,,,0,70,,10694,1,,,0,30,,12551,1,,,0,70,,10696,1,,,0,30,,10697,1,,,0,69,,12552,1,,,0,31,,10699,1,,,0,69,,12553,1,,,0,31,,12554,1,,,0,70,,10702,1,,,0,30,,10703,1,,,0,70,,12555,1,,,0,30,,10705,1,,,0,102,,12556,1,,,0,100,,12557,1,,,0,100,,12558,1,,,0,100,,10709,1,,,0,100,,10710,1,,,0
3000,'5454',645,,12545,1,,,0,100,,10672,1,,,0,100,,12546,1,,,0,100,,12547,1,,,0,100,,10675,1,,,0,100,,10676,1,,,0,100,,12548,1,,,0,100,,10678,1,,,0,100,,10679,1,,,0,100,,12549,1,,,0,100,,10681,1,,,0,100,,10682,1,,,0,100,,10683,1,,,0
4001,'4614',706,,12708,54,4,,0,34,,12709,54,4,,0,75,,12711,54,4,,0,15,,12713,54,4,,0,15,,12710,54,4,,0,58,,12714,54,4,,0,12,,12688,54,4,,0,15,,12715,54,4,,0,15,,12690,54,4,,0,55,,12716,54,4,,0,14,,12689,54,4,,0,16,,12717,54,4,,0,15,,12691,54,4,,0,55,,12718,54,4,,0,15,,12692,54,4,,0,15,,12719,54,4,,0,17,,12693,54,4,,0,55,,12720,54,4,,0,16,,12694,54,4,,0,15,,12721,54,4,,0,15,,12695,54,4,,0,55,,12722,54,4,,0,16,,12696,54,4,,0,15,,12723,54,4,,0,16,,12697,54,4,,0,55,,12724,54,4,,0,15,,12698,54,4,,0,18,,12725,54,4,,0,15,,12699,54,4,,0,50,,12726,54,4,,0,10,,12727,54,4,,0,11,,12700,54,4,,0,10,,12728,54,4,,0,20,,12701,54,4,,0,59,,12730,54,4,,0,10,,12703,54,4,,0,10,,12729,54,4,,0,10,,12731,54,4,,0,9,,12702,54,4,,0,60,,12732,54,4,,0,10,,12704,54,4,,0,13,,12733,54,4,,0,14,,12712,54,4,,0,55,,12734,54,4,,0,13,,12706,54,4,,0,14,,12735,54,4,,0,14,,12705,54,4,,0,55,,12736,54,4,,0,15,,12707,54,4,,0,15,,12737,54,4,,0,14,,12687,54,4,,0,69,,12686,54,4,,0,31,,12685,54,4,,0,68,,12681,54,4,,0,28,,12684,54,4,,0,69,,12680,54,4,,0,29,,12683,54,4,,0,68,,12679,54,4,,0,29,,12682,54,4,,0,70,,12678,54,4,,0,30,,12738,54,4,,0
4001,'4616',741,,12766,54,4,,0,104,,12767,54,4,,0,72,,12768,54,4,,0,31,,12769,54,4,,0,71,,12770,54,4,,0,30,,12771,54,4,,0,70,,12772,54,4,,0,31,,12773,54,4,,0,70,,12774,54,4,,0,30,,12775,54,4,,0,70,,12776,54,4,,0,30,,12777,54,4,,0,70,,12778,54,4,,0,30,,12779,54,4,,0,70,,12780,54,4,,0,30,,12781,54,4,,0,70,,12782,54,4,,0,29,,12783,54,4,,0,70,,12784,54,4,,0,28,,12785,54,4,,0,70,,12786,54,4,,0,29,,12787,54,4,,0,69,,12788,54,4,,0,30,,12789,54,4,,0,69,,12790,54,4,,0,30,,12791,54,4,,0,69,,12792,54,4,,0,30,,12793,54,4,,0,98,,12794,54,4,,0,98,,12795,54,4,,0,99,,12796,54,4,,0
4001,'4619',1603,,12674,54,4,,0
4001,'5289',1544,,12675,54,4,,0,59,,12676,54,4,,0,99,,12677,54,4,,0
4001,'5299',1603,,12797,54,4,,0
4001,'5454',739,,12739,54,4,,0,106,,12741,54,4,,0,103,,12743,54,4,,0,100,,12745,54,4,,0,70,,12746,54,4,,0,30,,12747,54,4,,0,71,,12748,54,4,,0,31,,12749,54,4,,0,70,,12750,54,4,,0,30,,12751,54,4,,0,71,,12752,54,4,,0,28,,12753,54,4,,0,69,,12754,54,4,,0,30,,12755,54,4,,0,70,,12756,54,4,,0,30,,12757,54,4,,0,70,,12758,54,4,,0,30,,12759,54,4,,0,66,,12760,54,4,,0,30,,12761,54,4,,0,70,,12762,54,4,,0,29,,12744,54,4,,0,69,,12742,54,4,,0,30,,12740,54,4,,0
4001,'5568',1544,,12763,54,4,,0,158,,12764,54,4,,0
1002000,'4614',615,,11370,1,,,0,110,,11371,1,,,0,85,,12882,1,,,0,105,,11372,1,,,0,100,,11738,1,,,0,100,,12880,1,,,0,101,,11739,1,,,0,99,,11367,1,,,0,102,,11373,1,,,0,83,,12881,1,,,0,22,,11369,1,,,0,186,,11374,1,,,0,332,,11375,1,,,0,200,,11376,1,,,0
1002000,'4616',610,,11389,1,,,0,100,,12885,1,,,0,100,,11388,1,,,0,100,,12883,1,,,0,100,,11391,1,,,0,100,,11392,1,,,0,100,,11393,1,,,0,100,,12884,1,,,0,100,,11395,1,,,0,100,,11400,1,,,0,100,,11396,1,,,0,98,,11397,1,,,0,135,,11398,1,,,0,197,,11399,1,,,0,200,,11387,1,,,0
1002000,'5299',1610,,11378,1,,,0,233,,11379,1,,,0
1002000,'5454',647,,11737,1,,,0,100,,11386,1,,,0,200,,11381,1,,,0,200,,11382,1,,,0,200,,11383,1,,,0,200,,11384,1,,,0,200,,11385,1,,,0
1002000,'5567',1610,,11402,1,,,0,233,,11403,1,,,0
1002001,'4614',739,,11408,51,4,,0,183,,11409,68,4,,0,84,,11742,51,4,,0,224,,11404,51,4,,0,102,,11405,51,4,,0,114,,12887,68,4,,0,98,,11406,68,4,,0,97,,11407,68,4,,0,98,,11413,68,4,,0,98,,11414,68,4,,0,98,,11415,68,4,,0,199,,11416,68,4,,0,197,,11417,68,4,,0
1002001,'4616',804,,11438,68,4,,0,132,,12889,68,4,,0,100,,11426,68,4,,0,100,,12890,68,4,,0,101,,11428,68,4,,0,101,,11437,68,4,,0,99,,11429,68,4,,0,100,,11430,68,4,,0,100,,11431,68,4,,0,99,,11432,68,4,,0,100,,11433,68,4,,0,99,,11434,68,4,,0,200,,11435,68,4,,0,197,,11436,68,4,,0
1002001,'5289',1130,,12886,51,4,,0
1002001,'5454',936,,11418,68,4,,0,201,,11419,68,4,,0,203,,11420,68,4,,0,198,,11421,68,4,,0,200,,11422,68,4,,0,199,,11424,68,4,,0,198,,11423,68,4,,0
1002001,'5568',1130,,12888,51,4,,0
