101,'4614',724,,10025,10,,,0,21,,10019,10,,,0,80,,10034,10,,,0,22,,11456,10,,,0,60,,10018,10,,,0,96,,10014,10,,,0,30,,11455,10,,,0,70,,10005,10,,,0,30,,10016,10,,,0,69,,10006,10,,,0,29,,10012,10,,,0,70,,10033,10,,,0,29,,10013,10,,,0,70,,10009,10,,,0,140,,9994,10,,,0,61,,10020,10,,,0,20,,9996,10,,,0,20,,10004,10,,,0,60,,9995,10,,,0,40,,10008,10,,,0,61,,10032,10,,,0,132,,10027,10,,,0,203,,10029,10,,,0,100,,10028,10,,,0,70,,10003,10,,,0,30,,10030,10,,,0,100,,9997,10,,,0
101,'4616',834,,10068,10,,,0,69,,10069,10,,,0,30,,10070,10,,,0,168,,10073,10,,,0,29,,10074,10,,,0,100,,10076,10,,,0,70,,10077,10,,,0,30,,10078,10,,,0,200,,10082,10,,,0,71,,11449,10,,,0,30,,10084,10,,,0,71,,10085,10,,,0,31,,10086,10,,,0,100,,10088,10,,,0,70,,10089,10,,,0,133,,10092,10,,,0,101,,10094,10,,,0,100,,10096,10,,,0,70,,10097,10,,,0,31,,10098,10,,,0
101,'4619',1833,,11801,10,,,0
101,'4931',1833,,11802,10,,,0
101,'5289',805,,12386,10,,,0
101,'5454',804,,10046,10,,,0,101,,10049,10,,,0,129,,10045,10,,,0,70,,10055,10,,,0,99,,10039,10,,,0,29,,10043,10,,,0,69,,10056,10,,,0,231,,11452,10,,,0,101,,10040,10,,,0,70,,10047,10,,,0,30,,10041,10,,,0,70,,10062,10,,,0,31,,10061,10,,,0,70,,10050,10,,,0,103,,10054,10,,,0,30,,10063,10,,,0,100,,10064,10,,,0
101,'5658',834,,11809,10,,,0,100,,11807,10,,,0,70,,11811,10,,,0,130,,11812,10,,,0,198,,11814,10,,,0,70,,11813,10,,,0,30,,11805,10,,,0,70,,11808,10,,,0,101,,11806,10,,,0,331,,11804,10,,,0,173,,11810,10,,,0
101,'5659',643,,11798,10,,,0,61,,11797,10,,,0,101,,11815,10,,,0,128,,11796,10,,,0,497,,11795,10,,,0,70,,11800,10,,,0,20,,11793,10,,,0,201,,11794,10,,,0,183,,11789,10,,,0,103,,11790,10,,,0,30,,11799,10,,,0,70,,11791,10,,,0,100,,11792,10,,,0,200,,11788,10,,,0
101,'5660',643,,12397,10,,,0,61,,12396,10,,,0,229,,12395,10,,,0,497,,12394,10,,,0,70,,12399,10,,,0,20,,12392,10,,,0,201,,12393,10,,,0,183,,12388,10,,,0,103,,12389,10,,,0,30,,12398,10,,,0,70,,12390,10,,,0,100,,12391,10,,,0,200,,12387,10,,,0
101,'5661',834,,12405,10,,,0,100,,12403,10,,,0,70,,12407,10,,,0,130,,12408,10,,,0,198,,12410,10,,,0,70,,12409,10,,,0,30,,12401,10,,,0,70,,12404,10,,,0,101,,12402,10,,,0,331,,12400,10,,,0,173,,12406,10,,,0
101,'5662',805,,12411,10,,,0
101,'5663',704,,12412,10,,,0,30,,12413,10,,,0,70,,12414,10,,,0,199,,12415,10,,,0,28,,12416,10,,,0,169,,12417,10,,,0,200,,12418,10,,,0,30,,12419,10,,,0,70,,12420,10,,,0,303,,12421,10,,,0,130,,12422,10,,,0,73,,12423,10,,,0,101,,12424,10,,,0,100,,12425,10,,,0,231,,12426,10,,,0
2501,'4614',842,,10624,26,,,0,301,,11598,27,,,0,403,,11968,27,,,0,396,,10628,27,,,0,89,,11969,26,,,0
2501,'4616',1144,,10638,27,,,0,400,,10637,27,,,0,199,,10639,27,,,0,200,,10635,27,,,0
2501,'5454',840,,11597,26,,,0,304,,10631,27,,,0,400,,10632,27,,,0,199,,10634,27,,,0,200,,10633,27,,,0
2501,'5659',1322,,11967,26,,,0
2501,'5660',1322,,12534,26,,,0
2501,'5663',840,,12535,26,,,0
