901,'4614',553,,11577,44,,,0,80,,11576,51,,,0,106,,11574,51,,,0,70,,11930,44,,,0,36,,11560,58,,,0,60,,11932,37,,,0,103,,11919,44,,,0,104,,11579,51,,,0,97,,11562,44,,,0,102,,11920,51,,,0,98,,11563,44,,,0,105,,11921,51,,,0,131,,11923,58,,,0,69,,11924,58,,,0,94,,11934,44,,,0,198,,11928,44,,,0,198,,11929,44,,,0,204,,11927,58,,,0
901,'4616',810,,11533,44,,,0,39,,11534,58,,,0,162,,11539,51,,,0,96,,11536,44,,,0,200,,11544,44,,,0,104,,11537,51,,,0,98,,11538,44,,,0,104,,11541,51,,,0,32,,11546,58,,,0,67,,11531,51,,,0,96,,11540,44,,,0,101,,11543,51,,,0,97,,11542,44,,,0,203,,11532,58,,,0
901,'4619',1539,,11935,37,,,0
901,'4931',1539,,11936,37,,,0
901,'5454',806,,11551,44,,,0,45,,11555,58,,,0,189,,11553,51,,,0,170,,11556,51,,,0,97,,11554,44,,,0,105,,11548,51,,,0,96,,11557,44,,,0,104,,11549,51,,,0,35,,11559,58,,,0,65,,11550,51,,,0,130,,11558,58,,,0,167,,11552,58,,,0
901,'5659',710,,11931,44,,,0,900,,11922,44,,,0,132,,11933,51,,,0,168,,11926,51,,,0,199,,11925,51,,,0
901,'5660',710,,12503,44,,,0,900,,12500,44,,,0,132,,12504,51,,,0,168,,12502,51,,,0,199,,12501,51,,,0
901,'5663',713,,12505,58,,,0,198,,12507,44,,,0,300,,12506,51,,,0
9900,'4614',1056,,12322,11,,,0,784,,12323,8,,,0
9900,'4616',1041,,11722,11,,,0,796,,11723,8,,,0
9900,'5454',1041,,11724,11,,,0,798,,11725,8,,,0
