701,'4614',729,,10262,37,,,0,78,,11476,37,,,0,226,,10259,37,,,0,100,,10265,37,,,0,94,,10247,37,,,0,103,,11474,37,,,0,102,,10255,37,,,0,100,,10249,37,,,0,201,,10263,37,,,0,67,,10266,37,,,0,29,,10258,37,,,0,198,,10257,37,,,0,100,,10260,37,,,0,100,,10261,37,,,0,100,,10246,37,,,0
701,'4616',726,,10287,37,,,0,102,,10297,37,,,0,103,,10288,37,,,0,100,,10292,37,,,0,196,,10289,37,,,0,102,,10290,37,,,0,202,,10285,37,,,0,100,,10286,37,,,0,200,,10293,37,,,0,197,,10294,37,,,0
701,'5289',1633,,10267,37,,,0
701,'5454',930,,10280,37,,,0,101,,11473,37,,,0,196,,10272,37,,,0,102,,10271,37,,,0,101,,11472,37,,,0,101,,10269,37,,,0,99,,10281,37,,,0,200,,10276,37,,,0,98,,10270,37,,,0,100,,10268,37,,,0
701,'5568',1633,,10299,37,,,0
701,'5658',726,,11877,37,,,0,102,,11880,37,,,0,304,,11878,37,,,0,598,,11879,37,,,0
701,'5659',629,,11873,24,,,0,208,,11871,37,,,0,96,,11872,37,,,0,770,,11875,37,,,0,155,,11876,37,,,0,69,,11874,37,,,0
701,'5660',629,,12467,24,,,0,208,,12465,37,,,0,96,,12466,37,,,0,770,,12469,37,,,0,155,,12470,37,,,0,69,,12468,37,,,0
701,'5661',726,,12471,37,,,0,102,,12474,37,,,0,304,,12472,37,,,0,598,,12473,37,,,0
701,'5663',1132,,12475,37,,,0,298,,12476,37,,,0,301,,12481,37,,,0,198,,12477,37,,,0,199,,12479,37,,,0,99,,12478,37,,,0,100,,12480,37,,,0
