2000,'4614',619,,10539,52,,,0,103,,10540,52,,,0,108,,10541,52,,,0,80,,10534,35,,,0,201,,10542,35,,,0,202,,10544,35,,,0,100,,10535,35,,,0,206,,10545,35,,,0,97,,10546,35,,,0,98,,10536,35,,,0,203,,10537,52,,,0,197,,10538,52,,,0
2000,'4616',810,,10566,35,,,0,100,,10562,35,,,0,102,,10561,35,,,0,101,,10563,35,,,0,100,,10554,35,,,0,100,,10555,35,,,0,100,,10557,35,,,0,101,,10565,35,,,0,100,,10558,35,,,0,100,,10556,35,,,0,96,,10560,35,,,0,207,,10559,52,,,0,198,,10564,52,,,0
2000,'5454',920,,10548,52,,,0,203,,10551,52,,,0,201,,10550,52,,,0,202,,10552,52,,,0,200,,10549,52,,,0,292,,10553,52,,,0
2000,'5568',1010,,11589,35,,,0,203,,11588,35,,,0
2000,'5602',1010,,11591,35,,,0,203,,11590,35,,,0
2500,'4614',751,,10609,17,0,5,0,480,,10611,17,0,5,0,613,,10613,17,,,0
2500,'4616',750,,10620,17,0,5,0,289,,10622,17,,,0,399,,10621,17,,,0,200,,10623,17,,,0,201,,10619,17,,,0
2500,'5454',750,,11594,17,0,5,0,289,,10615,17,,,0,399,,10616,17,,,0,200,,10618,17,,,0,201,,10617,17,,,0
2500,'5608',1038,,10610,17,,,0,405,,10612,17,,,0
2500,'5611',1038,,11595,17,,,0,405,,11596,17,,,0
1002000,'4614',640,,11370,41,,,0,114,,11371,41,,,0,100,,11377,58,,,0,88,,11372,41,,,0,202,,11365,41,,,0,201,,11367,41,,,0,159,,11373,58,,,0,35,,11368,41,,,0,68,,11369,58,,,0,144,,11374,58,,,0,366,,11375,58,,,0,199,,11376,58,,,0
1002000,'4616',647,,11389,58,,,0,101,,11401,58,,,0,100,,11388,58,,,0,100,,11390,58,,,0,101,,11391,58,,,0,101,,11392,58,,,0,100,,11393,58,,,0,100,,11394,58,,,0,101,,11395,58,,,0,100,,11400,58,,,0,100,,11396,58,,,0,98,,11397,58,,,0,173,,11398,58,,,0,196,,11399,58,,,0,198,,11387,58,,,0
1002000,'5299',1654,,11378,58,,,0,268,,11379,58,,,0
1002000,'5454',723,,11737,58,,,0,100,,11386,58,,,0,190,,11381,41,,,0,201,,11382,41,,,0,200,,11383,41,,,0,202,,11384,41,,,0,199,,11385,41,,,0
1002000,'5567',1654,,11402,58,,,0,268,,11403,58,,,0
1002000,'5608',1043,,11364,41,,,0,214,,11366,58,,,0
1002000,'5611',1043,,11738,41,,,0,214,,11739,58,,,0
