3001,'4614',622,,10741,15,,,0,30,,10734,15,,,0,102,,10736,15,,,0,57,,10739,15,,,0,17,,10738,15,,,0,31,,10735,15,,,0,169,,10713,15,,,0,30,,11604,15,,,0,70,,10714,15,,,0,30,,10716,15,,,0,70,,10718,15,,,0,30,,10720,15,,,0,101,,10717,15,,,0,70,,10722,15,,,0,30,,10719,15,,,0,100,,10723,15,,,0,199,,10725,15,,,0,69,,10726,15,,,0,30,,10727,15,,,0,199,,10730,15,,,0,100,,10731,15,,,0,100,,10728,15,,,0,100,,10732,15,,,0
3001,'4616',727,,10757,15,,,0,100,,10758,15,,,0,100,,10759,15,,,0,31,,10760,15,,,0,70,,10761,15,,,0,30,,10762,15,,,0,70,,10763,15,,,0,101,,10765,15,,,0,30,,10766,15,,,0,70,,10767,15,,,0,30,,10768,15,,,0,70,,10769,15,,,0,100,,10771,15,,,0,30,,10772,15,,,0,99,,10774,15,,,0,169,,10777,15,,,0,30,,10778,15,,,0,200,,10780,15,,,0,299,,10783,15,,,0
3001,'5289',1529,,10743,15,,,0,130,,10742,15,,,0
3001,'5454',958,,10746,15,,,0,100,,10747,15,,,0,201,,10749,15,,,0,100,,10750,15,,,0,200,,10752,15,,,0,100,,10753,15,,,0,198,,10755,15,,,0,100,,10756,15,,,0
3001,'5568',1529,,10785,15,,,0,130,,10784,15,,,0
3001,'5658',756,,12002,15,,,0,101,,12003,15,,,0,302,,12004,15,,,0,300,,12005,15,,,0,299,,12006,15,,,0
3001,'5659',722,,11999,15,,,0,121,,12001,15,,,0,85,,11994,15,,,0,30,,11995,15,,,0,371,,11996,15,,,0,300,,12000,15,,,0,100,,11997,15,,,0,228,,11998,15,,,0
3001,'5660',722,,12564,15,,,0,121,,12566,15,,,0,85,,12559,15,,,0,30,,12560,15,,,0,371,,12561,15,,,0,300,,12565,15,,,0,100,,12562,15,,,0,228,,12563,15,,,0
3001,'5661',756,,12567,15,,,0,101,,12568,15,,,0,302,,12569,15,,,0,300,,12570,15,,,0,299,,12571,15,,,0
3001,'5663',1159,,12572,15,,,0,300,,12573,15,,,0,170,,12574,15,,,0,100,,12575,15,,,0,28,,12576,15,,,0,200,,12577,15,,,0,200,,12578,15,,,0,99,,12579,15,,,0
