1501,'4614',846,,10497,11,,,0,93,,10499,11,,,0,69,,10496,11,,,0,27,,10500,11,,,0,70,,11587,11,,,0,30,,10502,11,,,0,174,,10505,11,,,0,31,,10504,11,,,0,569,,10507,11,,,0,99,,10506,11,,,0,100,,10508,11,,,0
1501,'4616',757,,10528,11,,,0,147,,10532,11,,,0,103,,10529,11,,,0,101,,10526,11,,,0,99,,10530,11,,,0,101,,10527,11,,,0,101,,10525,11,,,0,99,,10520,11,,,0,201,,10523,11,,,0,99,,10533,11,,,0,100,,10524,11,,,0,100,,10521,11,,,0,100,,10531,11,,,0
1501,'5289',909,,12515,11,,,0
1501,'5454',1005,,10518,11,,,0,202,,10514,11,,,0,100,,10511,11,,,0,100,,10519,11,,,0,100,,10512,11,,,0,200,,10510,11,,,0,101,,10517,11,,,0
1501,'5658',757,,11950,11,,,0,349,,11949,11,,,0,501,,11951,11,,,0,301,,11952,11,,,0
1501,'5659',909,,11953,11,,,0,296,,11947,11,,,0
1501,'5660',1205,,12516,11,,,0
1501,'5661',757,,12518,11,,,0,349,,12517,11,,,0,501,,12519,11,,,0,301,,12520,11,,,0
1501,'5662',909,,12521,11,,,0
1501,'5663',1608,,12522,11,,,0
3001,'4614',650,,10741,49,,,0,72,,10734,49,,,0,106,,10736,49,,,0,15,,10739,49,,,0,15,,10738,49,,,0,70,,10735,49,,,0,131,,10713,49,,,0,70,,11604,49,,,0,30,,10714,49,,,0,71,,10716,49,,,0,70,,10718,49,,,0,30,,10720,49,,,0,102,,10717,49,,,0,71,,10722,49,,,0,31,,10719,49,,,0,97,,10723,49,,,0,196,,10725,49,,,0,29,,10726,49,,,0,69,,10727,49,,,0,198,,10730,49,,,0,100,,10731,49,,,0,99,,10728,49,,,0,99,,10732,49,,,0
3001,'4616',755,,10757,49,,,0,101,,10758,49,,,0,100,,10759,49,,,0,72,,10760,49,,,0,30,,10761,49,,,0,70,,10762,49,,,0,30,,10763,49,,,0,101,,10765,49,,,0,70,,10766,49,,,0,30,,10767,49,,,0,70,,10768,49,,,0,30,,10769,49,,,0,100,,10771,49,,,0,69,,10772,49,,,0,98,,10774,49,,,0,128,,10777,49,,,0,70,,10778,49,,,0,200,,10780,49,,,0,297,,10783,49,,,0
3001,'5289',1603,,10743,49,,,0,126,,10742,49,,,0
3001,'5454',1027,,10746,49,,,0,100,,10747,49,,,0,202,,10749,49,,,0,100,,10750,49,,,0,198,,10752,49,,,0,100,,10753,49,,,0,196,,10755,49,,,0,100,,10756,49,,,0
3001,'5568',1603,,10785,49,,,0,126,,10784,49,,,0
3001,'5658',824,,12002,49,,,0,101,,12003,49,,,0,304,,12004,49,,,0,299,,12005,49,,,0,297,,12006,49,,,0
3001,'5659',752,,11999,49,,,0,160,,12001,49,,,0,46,,11994,49,,,0,71,,11995,49,,,0,373,,11996,49,,,0,299,,12000,49,,,0,58,,11997,49,,,0,265,,11998,49,,,0
3001,'5660',752,,12564,49,,,0,160,,12566,49,,,0,46,,12559,49,,,0,71,,12560,49,,,0,373,,12561,49,,,0,299,,12565,49,,,0,58,,12562,49,,,0,265,,12563,49,,,0
3001,'5661',824,,12567,49,,,0,101,,12568,49,,,0,304,,12569,49,,,0,299,,12570,49,,,0,297,,12571,49,,,0
3001,'5663',1229,,12572,49,,,0,300,,12573,49,,,0,128,,12574,49,,,0,99,,12575,49,,,0,68,,12576,49,,,0,200,,12577,49,,,0,199,,12578,49,,,0,99,,12579,49,,,0
1001501,'4614',802,,12329,16,,,0,442,,11354,16,,,0,174,,11355,16,,,0,35,,11356,16,,,0,72,,11357,16,,,0,28,,11358,16,,,0,76,,11359,16,,,0,29,,11360,16,,,0,68,,11361,16,,,0,30,,11363,16,,,0,69,,11362,16,,,0
1001501,'5659',732,,12330,16,,,0
1001501,'5660',732,,12879,16,,,0
