701,'4614',709,,10262,16,0,17,0,37,,11476,16,0,17,0,267,,10259,16,0,17,0,100,,10265,16,0,17,0,96,,10247,16,0,17,0,102,,11474,16,0,17,0,101,,10255,16,0,17,0,100,,10249,16,0,17,0,201,,10263,16,0,17,0,29,,10266,16,0,17,0,70,,10258,16,0,17,0,199,,10257,16,0,17,0,100,,10260,16,0,17,0,100,,10261,16,0,17,0,100,,10246,16,0,17,0
701,'4616',708,,10287,16,0,17,0,102,,10297,16,0,17,0,102,,10288,16,0,17,0,100,,10292,16,0,17,0,197,,10289,16,0,17,0,102,,10290,16,0,17,0,202,,10285,16,0,17,0,100,,10286,16,0,17,0,200,,10293,16,0,17,0,199,,10294,16,0,17,0
701,'5289',1613,,10267,16,0,17,0
701,'5454',912,,10280,16,0,17,0,100,,11473,16,0,17,0,197,,10272,16,0,17,0,102,,10271,16,0,17,0,101,,11472,16,0,17,0,101,,10269,16,0,17,0,100,,10281,16,0,17,0,200,,10276,16,0,17,0,99,,10270,16,0,17,0,100,,10268,16,0,17,0
701,'5568',1613,,10299,16,0,17,0
701,'5658',708,,11877,16,0,17,0,102,,11880,16,0,17,0,302,,11878,16,0,17,0,601,,11879,16,0,17,0
701,'5659',610,,11873,3,0,17,0,204,,11871,16,0,17,0,98,,11872,16,0,17,0,731,,11875,16,0,17,0,199,,11876,16,0,17,0,69,,11874,16,0,17,0
701,'5660',610,,12467,3,0,17,0,204,,12465,16,0,17,0,98,,12466,16,0,17,0,731,,12469,16,0,17,0,199,,12470,16,0,17,0,69,,12468,16,0,17,0
701,'5661',708,,12471,16,0,17,0,102,,12474,16,0,17,0,302,,12472,16,0,17,0,601,,12473,16,0,17,0
701,'5663',1112,,12475,16,0,17,0,300,,12476,16,0,17,0,301,,12481,16,0,17,0,199,,12477,16,0,17,0,200,,12479,16,0,17,0,99,,12478,16,0,17,0,100,,12480,16,0,17,0
