4001,'4614',703,,12708,51,,,0,34,,12709,51,,,0,75,,12711,51,,,0,15,,12713,51,,,0,15,,12710,51,,,0,17,,12714,51,,,0,52,,12688,51,,,0,15,,12715,51,,,0,15,,12690,51,,,0,16,,12716,51,,,0,54,,12689,51,,,0,16,,12717,51,,,0,15,,12691,51,,,0,15,,12718,51,,,0,55,,12692,51,,,0,15,,12719,51,,,0,17,,12693,51,,,0,15,,12720,51,,,0,55,,12694,51,,,0,15,,12721,51,,,0,15,,12695,51,,,0,15,,12722,51,,,0,56,,12696,51,,,0,15,,12723,51,,,0,16,,12697,51,,,0,55,,12724,51,,,0,15,,12698,51,,,0,17,,12725,51,,,0,15,,12699,51,,,0,10,,12726,51,,,0,50,,12727,51,,,0,11,,12700,51,,,0,10,,12728,51,,,0,20,,12701,51,,,0,60,,12730,51,,,0,10,,12703,51,,,0,10,,12729,51,,,0,10,,12731,51,,,0,9,,12702,51,,,0,60,,12732,51,,,0,10,,12704,51,,,0,13,,12733,51,,,0,14,,12712,51,,,0,55,,12734,51,,,0,14,,12706,51,,,0,14,,12735,51,,,0,14,,12705,51,,,0,15,,12736,51,,,0,55,,12707,51,,,0,15,,12737,51,,,0,14,,12687,51,,,0,69,,12686,51,,,0,31,,12685,51,,,0,68,,12681,51,,,0,28,,12684,51,,,0,69,,12680,51,,,0,29,,12683,51,,,0,68,,12679,51,,,0,29,,12682,51,,,0,70,,12678,51,,,0,30,,12738,51,,,0
4001,'4616',738,,12766,51,,,0,104,,12767,51,,,0,71,,12768,51,,,0,31,,12769,51,,,0,71,,12770,51,,,0,30,,12771,51,,,0,70,,12772,51,,,0,31,,12773,51,,,0,70,,12774,51,,,0,30,,12775,51,,,0,70,,12776,51,,,0,30,,12777,51,,,0,70,,12778,51,,,0,30,,12779,51,,,0,70,,12780,51,,,0,30,,12781,51,,,0,70,,12782,51,,,0,30,,12783,51,,,0,70,,12784,51,,,0,28,,12785,51,,,0,70,,12786,51,,,0,29,,12787,51,,,0,69,,12788,51,,,0,30,,12789,51,,,0,69,,12790,51,,,0,30,,12791,51,,,0,69,,12792,51,,,0,30,,12793,51,,,0,98,,12794,51,,,0,98,,12795,51,,,0,99,,12796,51,,,0
4001,'4619',1559,,12674,51,,,0
4001,'5289',1539,,12675,51,,,0,20,,12676,51,,,0,99,,12677,51,,,0
4001,'5299',1559,,12797,51,,,0
4001,'5454',736,,12739,51,,,0,106,,12741,51,,,0,102,,12743,51,,,0,100,,12745,51,,,0,70,,12746,51,,,0,30,,12747,51,,,0,71,,12748,51,,,0,31,,12749,51,,,0,70,,12750,51,,,0,30,,12751,51,,,0,71,,12752,51,,,0,28,,12753,51,,,0,69,,12754,51,,,0,30,,12755,51,,,0,70,,12756,51,,,0,30,,12757,51,,,0,70,,12758,51,,,0,30,,12759,51,,,0,67,,12760,51,,,0,30,,12761,51,,,0,70,,12762,51,,,0,29,,12744,51,,,0,69,,12742,51,,,0,30,,12740,51,,,0
4001,'5568',1539,,12763,51,,,0,119,,12764,51,,,0
1002001,'4614',734,,11408,48,,,0,183,,11409,65,,,0,84,,11742,48,,,0,224,,11404,48,,,0,102,,11405,48,,,0,114,,12887,65,,,0,98,,11406,65,,,0,97,,11407,65,,,0,98,,11413,65,,,0,99,,11414,65,,,0,98,,11415,65,,,0,199,,11416,65,,,0,198,,11417,65,,,0
1002001,'4616',800,,11438,65,,,0,132,,12889,65,,,0,100,,11426,65,,,0,100,,12890,65,,,0,100,,11428,65,,,0,101,,11437,65,,,0,100,,11429,65,,,0,100,,11430,65,,,0,100,,11431,65,,,0,99,,11432,65,,,0,100,,11433,65,,,0,99,,11434,65,,,0,200,,11435,65,,,0,198,,11436,65,,,0
1002001,'5289',1125,,12886,48,,,0
1002001,'5454',932,,11418,65,,,0,201,,11419,65,,,0,202,,11420,65,,,0,199,,11421,65,,,0,200,,11422,65,,,0,199,,11424,65,,,0,198,,11423,65,,,0
1002001,'5568',1125,,12888,48,,,0
