801,'4614',605,,11891,25,0,18,0,137,,10318,10,0,18,0,70,,10304,25,0,18,0,96,,11479,25,0,18,0,200,,10300,25,0,18,0,107,,10310,25,0,18,0,102,,10303,25,0,18,0,202,,10306,25,0,18,0,101,,10305,25,0,18,0,99,,10316,25,0,18,0,99,,10308,25,0,18,0,99,,10309,25,0,18,0,100,,10307,25,0,18,0,100,,10313,25,0,18,0,99,,10314,25,0,18,0,100,,10317,25,0,18,0
801,'4616',704,,10335,25,0,18,0,303,,10337,25,0,18,0,101,,10338,25,0,18,0,107,,10346,25,0,18,0,102,,10347,25,0,18,0,202,,10340,25,0,18,0,100,,10341,25,0,18,0,100,,10349,25,0,18,0,199,,10334,25,0,18,0,100,,10343,25,0,18,0,99,,11477,25,0,18,0,99,,10345,25,0,18,0
801,'5289',1539,,10319,25,0,18,0
801,'5454',806,,10325,25,0,18,0,201,,10323,25,0,18,0,101,,10327,25,0,18,0,209,,10328,25,0,18,0,202,,10322,25,0,18,0,100,,10333,25,0,18,0,100,,10320,25,0,18,0,100,,10321,25,0,18,0,99,,10331,25,0,18,0,100,,10330,25,0,18,0
801,'5568',1439,,10350,25,0,18,0
801,'5658',704,,11892,10,0,18,0,203,,11895,25,0,18,0,308,,11893,25,0,18,0,203,,11894,25,0,18,0
801,'5659',704,,11888,25,0,18,0,304,,11890,25,0,18,0,411,,11889,25,0,18,0
801,'5660',704,,12482,25,0,18,0,304,,12484,25,0,18,0,411,,12483,25,0,18,0
801,'5661',704,,12485,10,0,18,0,203,,12488,25,0,18,0,308,,12486,25,0,18,0,203,,12487,25,0,18,0
801,'5663',806,,12492,25,0,18,0,101,,12489,25,0,18,0,511,,12490,25,0,18,0,401,,12491,25,0,18,0
