4001,'4614',1521,,12179,13,0,19 20 7,0
4001,'4619',1532,,12674,23,,,0
4001,'5289',1512,,12675,23,,,0,20,,12676,23,,,0,100,,12677,23,,,0
4001,'5658',715,,12185,23,,,0,103,,12187,23,,,0,101,,12189,23,,,0,100,,12191,23,,,0,30,,12192,23,,,0,70,,12193,23,,,0,31,,12194,23,,,0,70,,12195,23,,,0,30,,12196,23,,,0,70,,12197,23,,,0,30,,12198,23,,,0,70,,12199,23,,,0,30,,12200,23,,,0,70,,12201,23,,,0,30,,12202,23,,,0,70,,12203,23,,,0,30,,12204,23,,,0,70,,12205,23,,,0,28,,12206,23,,,0,70,,12207,23,,,0,30,,12208,23,,,0,70,,12190,23,,,0,30,,12188,23,,,0,70,,12186,23,,,0
4001,'5659',641,,12148,23,,,0,72,,12149,23,,,0,32,,12151,23,,,0,55,,12153,23,,,0,17,,12150,23,,,0,17,,12154,23,,,0,13,,12128,23,,,0,56,,12155,23,,,0,15,,12130,23,,,0,16,,12156,23,,,0,14,,12129,23,,,0,55,,12157,23,,,0,15,,12131,23,,,0,15,,12158,23,,,0,15,,12132,23,,,0,55,,12159,23,,,0,16,,12133,23,,,0,15,,12160,23,,,0,15,,12134,23,,,0,55,,12161,23,,,0,15,,12135,23,,,0,15,,12162,23,,,0,15,,12136,23,,,0,55,,12163,23,,,0,15,,12137,23,,,0,15,,12164,23,,,0,15,,12138,23,,,0,55,,12211,13,0,19 20 7,0,1,,12165,23,,,0,15,,12139,23,,,0,11,,12166,23,,,0,10,,12167,23,,,0,11,,12140,23,,,0,50,,12168,23,,,0,10,,12209,23,,,0,10,,12141,23,,,0,10,,12184,23,,,0,10,,12170,23,,,0,10,,12143,23,,,0,50,,12169,23,,,0,10,,12171,23,,,0,10,,12142,23,,,0,10,,12210,23,,,0,10,,12172,23,,,0,10,,12144,23,,,0,54,,12173,23,,,0,15,,12152,23,,,0,15,,12174,23,,,0,15,,12146,23,,,0,54,,12175,23,,,0,14,,12145,23,,,0,15,,12176,23,,,0,15,,12147,23,,,0,55,,12177,23,,,0,14,,12127,23,,,0,29,,12126,23,,,0,71,,12125,23,,,0,29,,12121,23,,,0,69,,12124,23,,,0,30,,12120,23,,,0,69,,12123,23,,,0,29,,12119,23,,,0,69,,12122,23,,,0,30,,12118,23,,,0,70,,12178,23,,,0
4001,'5660',641,,12708,23,,,0,72,,12709,23,,,0,32,,12711,23,,,0,55,,12713,23,,,0,17,,12710,23,,,0,17,,12714,23,,,0,13,,12688,23,,,0,56,,12715,23,,,0,15,,12690,23,,,0,16,,12716,23,,,0,14,,12689,23,,,0,55,,12717,23,,,0,15,,12691,23,,,0,15,,12718,23,,,0,15,,12692,23,,,0,55,,12719,23,,,0,16,,12693,23,,,0,15,,12720,23,,,0,15,,12694,23,,,0,55,,12721,23,,,0,15,,12695,23,,,0,15,,12722,23,,,0,15,,12696,23,,,0,55,,12723,23,,,0,15,,12697,23,,,0,15,,12724,23,,,0,15,,12698,23,,,0,56,,12725,23,,,0,15,,12699,23,,,0,11,,12726,23,,,0,10,,12727,23,,,0,11,,12700,23,,,0,50,,12728,23,,,0,20,,12701,23,,,0,20,,12730,23,,,0,10,,12703,23,,,0,50,,12729,23,,,0,10,,12731,23,,,0,10,,12702,23,,,0,20,,12732,23,,,0,10,,12704,23,,,0,54,,12733,23,,,0,15,,12712,23,,,0,15,,12734,23,,,0,15,,12706,23,,,0,54,,12735,23,,,0,14,,12705,23,,,0,15,,12736,23,,,0,15,,12707,23,,,0,55,,12737,23,,,0,14,,12687,23,,,0,29,,12686,23,,,0,71,,12685,23,,,0,29,,12681,23,,,0,69,,12684,23,,,0,30,,12680,23,,,0,69,,12683,23,,,0,29,,12679,23,,,0,69,,12682,23,,,0,30,,12678,23,,,0,70,,12738,23,,,0
4001,'5661',715,,12739,23,,,0,103,,12741,23,,,0,101,,12743,23,,,0,100,,12745,23,,,0,30,,12746,23,,,0,70,,12747,23,,,0,31,,12748,23,,,0,70,,12749,23,,,0,30,,12750,23,,,0,70,,12751,23,,,0,30,,12752,23,,,0,70,,12753,23,,,0,30,,12754,23,,,0,70,,12755,23,,,0,30,,12756,23,,,0,70,,12757,23,,,0,30,,12758,23,,,0,70,,12759,23,,,0,28,,12760,23,,,0,70,,12761,23,,,0,30,,12762,23,,,0,70,,12744,23,,,0,30,,12742,23,,,0,70,,12740,23,,,0
4001,'5662',1404,,12765,13,0,19 20 7,0,108,,12763,23,,,0,120,,12764,23,,,0
4001,'5663',716,,12766,23,,,0,102,,12767,23,,,0,31,,12768,23,,,0,70,,12769,23,,,0,30,,12770,23,,,0,70,,12771,23,,,0,30,,12772,23,,,0,71,,12773,23,,,0,30,,12774,23,,,0,69,,12775,23,,,0,30,,12776,23,,,0,70,,12777,23,,,0,30,,12778,23,,,0,70,,12779,23,,,0,30,,12780,23,,,0,71,,12781,23,,,0,30,,12782,23,,,0,71,,12783,23,,,0,30,,12784,23,,,0,70,,12785,23,,,0,30,,12786,23,,,0,69,,12787,23,,,0,29,,12788,23,,,0,70,,12789,23,,,0,29,,12790,23,,,0,70,,12791,23,,,0,29,,12792,23,,,0,70,,12793,23,,,0,99,,12794,23,,,0,99,,12795,23,,,0,100,,12796,23,,,0
4001,'5664',1532,,12797,23,,,0
