2000,'4614',621,,10539,53,,,0,103,,10540,53,,,0,108,,10541,53,,,0,80,,10534,36,,,0,201,,10542,36,,,0,202,,10544,36,,,0,100,,10535,36,,,0,206,,10545,36,,,0,97,,10546,36,,,0,98,,10536,36,,,0,203,,10537,53,,,0,197,,10538,53,,,0
2000,'4616',812,,10566,36,,,0,100,,10562,36,,,0,102,,10561,36,,,0,101,,10563,36,,,0,100,,10554,36,,,0,100,,10555,36,,,0,100,,10557,36,,,0,101,,10565,36,,,0,100,,10558,36,,,0,100,,10556,36,,,0,96,,10560,36,,,0,207,,10559,53,,,0,198,,10564,53,,,0
2000,'5454',922,,10548,53,,,0,203,,10551,53,,,0,202,,10550,53,,,0,201,,10552,53,,,0,200,,10549,53,,,0,292,,10553,53,,,0
2000,'5568',1012,,11589,36,,,0,203,,11588,36,,,0
2000,'5602',1012,,11591,36,,,0,203,,11590,36,,,0
2001,'4614',647,,10573,11,,,0,86,,10579,11,0,9 10 11,0,70,,10572,11,0,9 10 11,0,105,,10567,11,,,0,45,,10578,11,0,9 10 11,0,75,,10568,11,,,0,201,,10574,11,,,0,100,,10575,11,,,0,97,,10576,11,0,9 10 11,0,407,,10569,11,,,0,320,,10570,11,0,9 10 11,0,198,,10571,11,0,9 10 11,0
2001,'4616',823,,10602,11,0,9 10 11,0,110,,10597,11,,,0,100,,10601,11,,,0,100,,10598,11,,,0,101,,10591,11,,,0,100,,10600,11,,,0,100,,10604,11,,,0,101,,10594,11,,,0,99,,10599,11,,,0,100,,10595,11,,,0,99,,10592,11,,,0,120,,10603,11,0,9 10 11,0,200,,10596,11,0,9 10 11,0,198,,10593,11,0,9 10 11,0
2001,'5289',1634,,10581,11,,,0
2001,'5299',1534,,10584,11,,,0,200,,10582,11,,,0,219,,10583,11,0,9 10 11,0
2001,'5454',752,,11592,11,,,0,202,,10585,11,,,0,200,,10587,11,,,0,200,,10586,11,,,0,201,,10588,11,,,0,199,,10589,11,,,0
2001,'5567',1534,,10607,11,,,0,200,,10605,11,,,0,219,,10606,11,0,9 10 11,0
2001,'5568',1634,,10608,11,,,0
2001,'5608',1128,,10577,11,,,0
2001,'5611',1128,,11593,11,,,0
2500,'4614',758,5,10609,18,0,5,0,480,5,10611,18,0,5,0,613,5,10613,18,,,0
2500,'4616',757,5,10620,18,0,5,0,289,5,10622,18,,,0,399,5,10621,18,,,0,200,5,10623,18,,,0,201,5,10619,18,,,0
2500,'5454',757,5,11594,18,0,5,0,289,5,10615,18,,,0,399,5,10616,18,,,0,200,5,10618,18,,,0,201,5,10617,18,,,0
2500,'5608',1045,5,10610,18,,,0,405,5,10612,18,,,0
2500,'5611',1045,5,11595,18,,,0,405,5,11596,18,,,0
2501,'4614',826,5,10624,11,,,0,481,5,10626,11,,,0,621,5,10628,12,,,0
2501,'4616',827,5,10636,11,,,0,303,5,10638,12,,,0,400,5,10637,12,,,0,200,5,10639,12,,,0,200,5,10635,12,,,0
2501,'5454',827,5,11597,11,,,0,303,5,10631,12,,,0,400,5,10632,12,,,0,200,5,10634,12,,,0,200,5,10633,12,,,0
2501,'5608',1128,5,10625,12,,,0,401,5,10627,12,,,0,489,5,10629,11,,,0
2501,'5611',1128,5,11598,12,,,0,401,5,11599,12,,,0,489,5,11600,11,,,0
1002000,'4614',642,,11370,42,,,0,114,,11371,42,,,0,100,,11377,59,,,0,88,,11372,42,,,0,202,,11365,42,,,0,201,,11367,42,,,0,159,,11373,59,,,0,35,,11368,42,,,0,68,,11369,59,,,0,144,,11374,59,,,0,366,,11375,59,,,0,199,,11376,59,,,0
1002000,'4616',649,,11389,59,,,0,101,,11401,59,,,0,100,,11388,59,,,0,100,,11390,59,,,0,101,,11391,59,,,0,101,,11392,59,,,0,100,,11393,59,,,0,100,,11394,59,,,0,101,,11395,59,,,0,100,,11400,59,,,0,100,,11396,59,,,0,98,,11397,59,,,0,173,,11398,59,,,0,196,,11399,59,,,0,198,,11387,59,,,0
1002000,'5299',1656,,11378,59,,,0,268,,11379,59,,,0
1002000,'5454',725,,11737,59,,,0,100,,11386,59,,,0,190,,11381,42,,,0,201,,11382,42,,,0,200,,11383,42,,,0,202,,11384,42,,,0,199,,11385,42,,,0
1002000,'5567',1656,,11402,59,,,0,268,,11403,59,,,0
1002000,'5608',1045,,11364,42,,,0,214,,11366,59,,,0
1002000,'5611',1045,,11738,42,,,0,214,,11739,59,,,0
1002001,'4614',707,,11408,11,,,0,126,,11409,11,,,0,325,,11404,11,,,0,101,,11405,11,,,0,95,,11412,11,,,0,100,,11406,11,,,0,100,,11407,11,,,0,100,,11413,11,,,0,100,,11414,11,,,0,99,,11415,11,,,0,200,,11416,11,,,0,199,,11417,11,,,0
1002001,'4616',722,,11438,11,,,0,131,,11425,11,,,0,100,,11426,11,,,0,100,,11427,11,,,0,100,,11428,11,,,0,101,,11437,11,,,0,100,,11429,11,,,0,100,,11430,11,,,0,100,,11431,11,,,0,100,,11432,11,,,0,100,,11433,11,,,0,99,,11434,11,,,0,200,,11435,11,,,0,199,,11436,11,,,0
1002001,'5454',853,,11418,11,,,0,201,,11419,11,,,0,200,,11420,11,,,0,200,,11421,11,,,0,200,,11422,11,,,0,199,,11424,11,,,0,200,,11423,11,,,0
1002001,'5568',1058,,11740,11,,,0
1002001,'5602',1058,,11741,11,,,0
1002001,'5608',933,,11410,11,,,0
1002001,'5611',933,,11742,11,,,0
