4000,'4614',637,,10853,17,,,0,15,,10879,17,,,0,78,,10880,17,0,6 7,0,7,,11643,17,,,0,11,,10884,17,0,6 7,0,68,,11648,17,0,6 7,0,92,,10831,17,,,0,15,,11644,17,,,0,100,,10860,17,,,0,200,,10864,17,,,0,216,,10841,17,,,0,569,,10827,17,,,0,30,,10825,17,,,0
4000,'4616',737,,10937,17,,,0,70,,10938,17,,,0,30,,10939,17,,,0,473,,10914,17,,,0,100,,10917,17,,,0,30,,11638,17,,,0,70,,10929,17,,,0,30,,10924,17,,,0,70,,10911,17,,,0
4000,'4619',1724,,12075,17,,,0
4000,'4931',1724,,12076,17,,,0
4000,'5454',938,,10892,17,,,0,100,,10894,17,,,0,501,,10904,17,,,0,70,,10905,17,,,0
4000,'5658',707,,12077,17,,,0,100,,12079,17,,,0,100,,12081,17,,,0,101,,12082,17,,,0,100,,12083,17,,,0,30,,12084,17,,,0,70,,12085,17,,,0,30,,12086,17,,,0,71,,12087,17,,,0,30,,12088,17,,,0,70,,12089,17,,,0,32,,12090,17,,,0,68,,12091,17,,,0,130,,12092,17,,,0,70,,12093,17,,,0,28,,12094,17,,,0,71,,12095,17,,,0,30,,12096,17,,,0,70,,12078,17,,,0,30,,12080,17,,,0
4000,'5659',607,,12051,17,,,0,100,,12052,17,,,0,15,,12072,17,,,0,22,,12073,17,0,6 7,0,9,,12071,17,,,0,48,,12074,17,0,6 7,0,7,,12053,17,,,0,15,,12070,17,,,0,15,,12031,17,,,0,15,,12054,17,,,0,85,,12032,17,,,0,15,,12055,17,,,0,55,,12033,17,,,0,30,,12034,17,,,0,15,,12056,17,,,0,55,,12035,17,,,0,15,,12057,17,,,0,15,,12036,17,,,0,15,,12058,17,,,0,55,,12037,17,,,0,30,,12038,17,,,0,15,,12059,17,,,0,55,,12039,17,,,0,15,,12060,17,,,0,15,,12040,17,,,0,16,,12061,17,,,0,55,,12041,17,,,0,15,,12062,17,,,0,30,,12063,17,,,0,55,,12042,17,,,0,16,,12064,17,,,0,14,,12043,17,,,0,15,,12065,17,,,0,55,,12044,17,,,0,15,,12066,17,,,0,15,,12045,17,,,0,15,,12067,17,,,0,55,,12046,17,,,0,29,,12047,17,,,0,15,,12068,17,,,0,55,,12048,17,,,0,30,,12049,17,,,0,70,,12050,17,,,0,30,,12028,17,,,0,170,,12029,17,,,0,29,,12027,17,,,0,70,,12030,17,,,0,30,,12026,17,,,0,69,,12069,17,,,0
4000,'5660',607,,12609,17,,,0,100,,12610,17,,,0,15,,12630,17,,,0,22,,12631,17,0,6 7,0,9,,12629,17,,,0,48,,12632,17,0,6 7,0,7,,12611,17,,,0,15,,12628,17,,,0,15,,12589,17,,,0,15,,12612,17,,,0,85,,12590,17,,,0,15,,12613,17,,,0,55,,12591,17,,,0,30,,12592,17,,,0,15,,12614,17,,,0,55,,12593,17,,,0,15,,12615,17,,,0,15,,12594,17,,,0,15,,12616,17,,,0,55,,12595,17,,,0,30,,12596,17,,,0,15,,12617,17,,,0,55,,12597,17,,,0,15,,12618,17,,,0,15,,12598,17,,,0,16,,12619,17,,,0,55,,12599,17,,,0,15,,12620,17,,,0,30,,12621,17,,,0,55,,12600,17,,,0,16,,12622,17,,,0,14,,12601,17,,,0,15,,12623,17,,,0,55,,12602,17,,,0,15,,12624,17,,,0,15,,12603,17,,,0,15,,12625,17,,,0,55,,12604,17,,,0,29,,12605,17,,,0,15,,12626,17,,,0,55,,12606,17,,,0,30,,12607,17,,,0,70,,12608,17,,,0,30,,12586,17,,,0,170,,12587,17,,,0,29,,12585,17,,,0,70,,12588,17,,,0,30,,12584,17,,,0,69,,12627,17,,,0
4000,'5661',707,,12633,17,,,0,100,,12635,17,,,0,100,,12637,17,,,0,101,,12638,17,,,0,100,,12639,17,,,0,30,,12640,17,,,0,70,,12641,17,,,0,30,,12642,17,,,0,71,,12643,17,,,0,30,,12644,17,,,0,70,,12645,17,,,0,32,,12646,17,,,0,68,,12647,17,,,0,130,,12648,17,,,0,70,,12649,17,,,0,28,,12650,17,,,0,71,,12651,17,,,0,30,,12652,17,,,0,70,,12634,17,,,0,30,,12636,17,,,0
4000,'5663',637,,12672,17,,,0,270,,12673,17,,,0,31,,12661,17,,,0,70,,12658,17,,,0,30,,12656,17,,,0,71,,12665,17,,,0,30,,12671,17,,,0,71,,12653,17,,,0,30,,12657,17,,,0,100,,12667,17,,,0,300,,12659,17,,,0,69,,12660,17,,,0,30,,12664,17,,,0,70,,12662,17,,,0,30,,12666,17,,,0,70,,12669,17,,,0,29,,12655,17,,,0,70,,12663,17,,,0,100,,12668,17,,,0,100,,12654,17,,,0,99,,12670,17,,,0
