2000,'4614',623,,10539,55,,,0,103,,10540,55,,,0,108,,10541,55,,,0,80,,10534,38,,,0,100,,10547,38,,,0,101,,10542,38,,,0,102,,10543,38,,,0,100,,10544,38,,,0,100,,10535,38,,,0,206,,10545,38,,,0,97,,10546,38,,,0,98,,10536,38,,,0,203,,10537,55,,,0,197,,10538,55,,,0
2000,'5544',924,,10548,55,,,0,203,,10551,55,,,0,202,,10550,55,,,0,201,,10552,55,,,0,200,,10549,55,,,0,292,,10553,55,,,0
2000,'5547',814,,10566,38,,,0,100,,10562,38,,,0,102,,10561,38,,,0,101,,10563,38,,,0,100,,10554,38,,,0,100,,10555,38,,,0,100,,10557,38,,,0,101,,10565,38,,,0,100,,10558,38,,,0,100,,10556,38,,,0,96,,10560,38,,,0,207,,10559,55,,,0,198,,10564,55,,,0
2500,'4614',800,,10609,20,0,5,0,247,,10610,20,,,0,193,,10611,20,0,5,0,212,,10612,20,,,0,401,,10613,20,,,0
2500,'5544',759,,10614,20,0,5,0,289,,10615,20,,,0,399,,10616,20,,,0,200,,10618,20,,,0,201,,10617,20,,,0
2500,'5547',759,,10620,20,0,5,0,289,,10622,20,,,0,399,,10621,20,,,0,200,,10623,20,,,0,201,,10619,20,,,0
1002000,'4614',644,,11370,44,,,0,114,,11371,44,,,0,100,,11377,61,,,0,88,,11372,44,,,0,101,,11364,44,,,0,101,,11365,44,,,0,153,,11366,61,,,0,48,,11367,44,,,0,159,,11373,61,,,0,35,,11368,44,,,0,68,,11369,61,,,0,144,,11374,61,,,0,366,,11375,61,,,0,199,,11376,61,,,0
1002000,'5299',1658,,11378,61,,,0,268,,11379,61,,,0
1002000,'5544',727,,11380,61,,,0,100,,11386,61,,,0,190,,11381,44,,,0,201,,11382,44,,,0,200,,11383,44,,,0,202,,11384,44,,,0,199,,11385,44,,,0
1002000,'5547',651,,11389,61,,,0,101,,11401,61,,,0,100,,11388,61,,,0,100,,11390,61,,,0,101,,11391,61,,,0,101,,11392,61,,,0,100,,11393,61,,,0,100,,11394,61,,,0,101,,11395,61,,,0,100,,11400,61,,,0,100,,11396,61,,,0,98,,11397,61,,,0,173,,11398,61,,,0,196,,11399,61,,,0,198,,11387,61,,,0
1002000,'5567',1658,,11402,61,,,0,268,,11403,61,,,0
