501,'4614',752,,10111,12,0,8,0,70,,10118,12,0,8,0,100,,10100,12,0,8,0,100,,10117,12,0,8,0,100,,10105,12,0,8,0,187,,10103,12,0,8,0,101,,10110,12,0,8,0,95,,10101,12,0,8,0,215,,10116,12,0,8,0,96,,10108,12,0,8,0,98,,10106,12,0,8,0,300,,10112,12,0,8,0
501,'4616',719,,10134,12,0,8,0,200,,10148,12,0,8,0,100,,10133,12,0,8,0,100,,10135,12,0,8,0,103,,10136,12,0,8,0,100,,10137,12,0,8,0,101,,10138,12,0,8,0,300,,10141,12,0,8,0,491,,10145,12,0,8,0,99,,10147,12,0,8,0
501,'5454',1119,,10120,12,0,8,0,100,,10121,12,0,8,0,100,,10127,12,0,8,0,100,,10122,12,0,8,0,100,,10132,12,0,8,0,295,,10129,12,0,8,0,100,,10126,12,0,8,0,115,,10124,12,0,8,0
501,'5658',819,,11842,12,0,8,0,100,,11838,12,0,8,0,100,,11839,12,0,8,0,600,,11841,12,0,8,0,100,,11840,12,0,8,0
501,'5659',721,,11837,12,0,8,0,503,,11831,12,0,8,0,396,,11833,12,0,8,0,394,,11834,12,0,8,0,100,,11835,12,0,8,0,199,,11836,12,0,8,0
501,'5660',721,,12433,12,0,8,0,503,,12427,12,0,8,0,396,,12429,12,0,8,0,394,,12430,12,0,8,0,100,,12431,12,0,8,0,199,,12432,12,0,8,0
501,'5661',819,,12438,12,0,8,0,100,,12434,12,0,8,0,100,,12435,12,0,8,0,600,,12437,12,0,8,0,100,,12436,12,0,8,0
501,'5663',1523,,12439,12,0,8,0,101,,12440,12,0,8,0,190,,12445,12,0,8,0,100,,12441,12,0,8,0,100,,12442,12,0,8,0,100,,12443,12,0,8,0
801,'4614',635,,11891,58,,,0,180,,10318,43,,,0,30,,10304,58,,,0,96,,11479,58,,,0,200,,10300,58,,,0,105,,10310,58,,,0,102,,10303,58,,,0,203,,10306,58,,,0,101,,10305,58,,,0,97,,10316,58,,,0,98,,10308,58,,,0,98,,10309,58,,,0,99,,10307,58,,,0,99,,10313,58,,,0,99,,10314,58,,,0,99,,10317,58,,,0
801,'4616',733,,10335,58,,,0,305,,10337,58,,,0,101,,10338,58,,,0,105,,10346,58,,,0,102,,10347,58,,,0,202,,10340,58,,,0,100,,10341,58,,,0,99,,10349,58,,,0,198,,10334,58,,,0,100,,10343,58,,,0,98,,11477,58,,,0,99,,10345,58,,,0
801,'5454',835,,10325,58,,,0,202,,10323,58,,,0,101,,10327,58,,,0,208,,10328,58,,,0,201,,10322,58,,,0,100,,10333,58,,,0,100,,10320,58,,,0,100,,10321,58,,,0,98,,10331,58,,,0,100,,10330,58,,,0
801,'5658',733,,11892,43,,,0,204,,11895,58,,,0,306,,11893,58,,,0,204,,11894,58,,,0
801,'5659',735,,11888,58,,,0,306,,11890,58,,,0,410,,11889,58,,,0
801,'5660',735,,12482,58,,,0,306,,12484,58,,,0,410,,12483,58,,,0
801,'5661',733,,12485,43,,,0,204,,12488,58,,,0,306,,12486,58,,,0,204,,12487,58,,,0
801,'5663',835,,12492,58,,,0,102,,12489,58,,,0,510,,12490,58,,,0,400,,12491,58,,,0
