600,'4614',650,,11853,10,,,0,251,,10154,10,,,0,57,,11464,10,,,0,200,,10150,10,,,0,144,,10160,10,,,0,102,,10152,10,,,0,204,,10156,10,,,0,100,,10165,10,,,0,97,,10157,10,,,0,98,,10155,10,,,0,100,,10158,10,,,0,99,,10162,10,,,0,100,,10163,10,,,0,100,,10164,10,,,0
600,'4616',649,,10186,10,,,0,102,,10189,10,,,0,307,,10193,10,,,0,100,,10184,10,,,0,144,,10187,10,,,0,100,,10188,10,,,0,101,,10190,10,,,0,101,,10192,10,,,0,100,,10181,10,,,0,99,,10185,10,,,0,200,,10182,10,,,0,100,,10194,10,,,0,99,,11462,10,,,0,100,,10191,10,,,0
600,'5454',857,,10175,10,,,0,200,,10180,10,,,0,100,,10170,10,,,0,101,,10177,10,,,0,143,,10167,10,,,0,201,,10172,10,,,0,101,,10179,10,,,0,100,,10178,10,,,0,100,,10171,10,,,0
600,'5658',657,,11854,10,,,0,94,,11858,10,,,0,206,,11856,10,,,0,545,,11857,10,,,0,501,,11855,10,,,0
600,'5659',752,,11850,10,,,0,306,,11852,10,,,0,452,,11851,10,,,0
600,'5660',752,,12446,10,,,0,306,,12448,10,,,0,452,,12447,10,,,0
600,'5661',657,,12449,10,,,0,94,,12453,10,,,0,206,,12451,10,,,0,545,,12452,10,,,0,501,,12450,10,,,0
600,'5663',857,,12455,10,,,0,100,,12454,10,,,0,946,,12456,10,,,0
801,'4614',552,,11891,8,0,18,0,205,,10304,8,0,18,0,96,,11479,8,0,18,0,201,,10300,8,0,18,0,104,,10310,8,0,18,0,142,,10303,8,0,18,0,200,,10306,8,0,18,0,101,,10305,8,0,18,0,100,,10316,8,0,18,0,99,,10308,8,0,18,0,100,,10309,8,0,18,0,100,,10307,8,0,18,0,100,,10313,8,0,18,0,101,,10314,8,0,18,0,100,,10317,8,0,18,0
801,'4616',651,,10335,8,0,18,0,302,,10337,8,0,18,0,101,,10338,8,0,18,0,105,,10346,8,0,18,0,141,,10347,8,0,18,0,202,,10340,8,0,18,0,100,,10341,8,0,18,0,100,,10349,8,0,18,0,199,,10334,8,0,18,0,100,,10343,8,0,18,0,100,,11477,8,0,18,0,100,,10345,8,0,18,0
801,'5289',1520,,10319,8,0,18,0
801,'5454',753,,10325,8,0,18,0,200,,10323,8,0,18,0,101,,10327,8,0,18,0,246,,10328,8,0,18,0,202,,10322,8,0,18,0,100,,10333,8,0,18,0,100,,10320,8,0,18,0,100,,10321,8,0,18,0,99,,10331,8,0,18,0,100,,10330,8,0,18,0
801,'5568',1420,,10350,8,0,18,0
801,'5658',854,,11895,8,0,18,0,305,,11893,8,0,18,0,242,,11894,8,0,18,0
801,'5659',651,,11888,8,0,18,0,303,,11890,8,0,18,0,446,,11889,8,0,18,0
801,'5660',651,,12482,8,0,18,0,303,,12484,8,0,18,0,446,,12483,8,0,18,0
801,'5661',854,,12488,8,0,18,0,305,,12486,8,0,18,0,242,,12487,8,0,18,0
801,'5663',753,,12492,8,0,18,0,101,,12489,8,0,18,0,547,,12490,8,0,18,0,401,,12491,8,0,18,0
