101,'4614',641,,11798,8,,,0,61,,11797,8,,,0,20,,10025,8,,,0,21,,10019,8,,,0,80,,10034,8,,,0,22,,11456,8,,,0,60,,10018,8,,,0,26,,11796,8,,,0,70,,10014,8,,,0,30,,11455,8,,,0,70,,10005,8,,,0,30,,10016,8,,,0,70,,10006,8,,,0,29,,10012,8,,,0,70,,10033,8,,,0,29,,10013,8,,,0,30,,10009,8,,,0,70,,11795,8,,,0,30,,11800,8,,,0,60,,11793,8,,,0,20,,9994,8,,,0,20,,10020,8,,,0,60,,9996,8,,,0,20,,10004,8,,,0,20,,9995,8,,,0,60,,11794,8,,,0,20,,10008,8,,,0,61,,10032,8,,,0,102,,11789,8,,,0,30,,10027,8,,,0,73,,11790,8,,,0,30,,11799,8,,,0,70,,11791,8,,,0,30,,10029,8,,,0,71,,11792,8,,,0,30,,10028,8,,,0,70,,10003,8,,,0,30,,10030,8,,,0,70,,11788,8,,,0,30,,9997,8,,,0
101,'4616',702,,11816,8,,,0,30,,11817,8,,,0,70,,11818,8,,,0,30,,10068,8,,,0,69,,10069,8,,,0,30,,10070,8,,,0,70,,11819,8,,,0,28,,11820,8,,,0,30,,10073,8,,,0,70,,10074,8,,,0,30,,11821,8,,,0,70,,10076,8,,,0,30,,10077,8,,,0,70,,10078,8,,,0,30,,11822,8,,,0,70,,11823,8,,,0,30,,11824,8,,,0,70,,10082,8,,,0,30,,11449,8,,,0,70,,10084,8,,,0,71,,10085,8,,,0,31,,10086,8,,,0,70,,11825,8,,,0,30,,10088,8,,,0,70,,10089,8,,,0,30,,11826,8,,,0,73,,11827,8,,,0,31,,10092,8,,,0,71,,11828,8,,,0,30,,10094,8,,,0,70,,11829,8,,,0,30,,10096,8,,,0,70,,10097,8,,,0,31,,10098,8,,,0,100,,11830,8,,,0
101,'4619',1831,,11801,8,,,0
101,'4931',1831,,11802,8,,,0
101,'5289',803,,11803,8,,,0
101,'5454',802,,10046,8,,,0,30,,11809,8,,,0,71,,10049,8,,,0,29,,11807,8,,,0,70,,11811,8,,,0,30,,10045,8,,,0,70,,10055,8,,,0,30,,11812,8,,,0,69,,10039,8,,,0,29,,10043,8,,,0,70,,10056,8,,,0,30,,11814,8,,,0,70,,11813,8,,,0,30,,11805,8,,,0,70,,11808,8,,,0,30,,11452,8,,,0,71,,11806,8,,,0,30,,10040,8,,,0,70,,10047,8,,,0,30,,10041,8,,,0,70,,10062,8,,,0,31,,10061,8,,,0,70,,10050,8,,,0,30,,11804,8,,,0,74,,10054,8,,,0,30,,10063,8,,,0,70,,11810,8,,,0,30,,10064,8,,,0
101,'5568',803,,11815,8,,,0
2501,'4614',841,,10624,24,,,0,301,,11598,25,,,0,179,,11967,24,,,0,224,,11968,25,,,0,396,,10628,25,,,0,89,,11969,24,,,0
2501,'4616',839,,11970,24,,,0,304,,10638,25,,,0,400,,10637,25,,,0,199,,10639,25,,,0,200,,10635,25,,,0
2501,'5454',839,,11597,24,,,0,304,,10631,25,,,0,400,,10632,25,,,0,199,,10634,25,,,0,200,,10633,25,,,0
