4000,'4614',647,,10853,28,,,0,55,,10879,28,,,0,39,,10880,28,0,6 7,0,7,,11643,28,,,0,52,,10884,28,0,6 7,0,28,,11648,28,0,6 7,0,92,,10831,28,,,0,15,,11644,28,,,0,99,,10860,28,,,0,200,,10864,28,,,0,218,,10841,28,,,0,566,,10827,28,,,0,30,,10825,28,,,0
4000,'4616',747,,10937,28,,,0,70,,10938,28,,,0,30,,10939,28,,,0,474,,10914,28,,,0,101,,10917,28,,,0,30,,11638,28,,,0,70,,10929,28,,,0,30,,10924,28,,,0,70,,10911,28,,,0
4000,'4619',1736,,12075,28,,,0
4000,'4931',1736,,12076,28,,,0
4000,'5454',950,,10892,28,,,0,98,,10894,28,,,0,503,,10904,28,,,0,70,,10905,28,,,0
4000,'5658',717,,12077,28,,,0,100,,12079,28,,,0,100,,12081,28,,,0,101,,12082,28,,,0,101,,12083,28,,,0,30,,12084,28,,,0,70,,12085,28,,,0,30,,12086,28,,,0,72,,12087,28,,,0,30,,12088,28,,,0,70,,12089,28,,,0,32,,12090,28,,,0,68,,12091,28,,,0,130,,12092,28,,,0,70,,12093,28,,,0,28,,12094,28,,,0,70,,12095,28,,,0,30,,12096,28,,,0,69,,12078,28,,,0,30,,12080,28,,,0
4000,'5659',617,,12051,28,,,0,100,,12052,28,,,0,16,,12072,28,,,0,23,,12073,28,0,6 7,0,49,,12071,28,,,0,8,,12074,28,0,6 7,0,7,,12053,28,,,0,15,,12070,28,,,0,15,,12031,28,,,0,55,,12054,28,,,0,45,,12032,28,,,0,54,,12055,28,,,0,15,,12033,28,,,0,30,,12034,28,,,0,55,,12056,28,,,0,15,,12035,28,,,0,15,,12057,28,,,0,15,,12036,28,,,0,55,,12058,28,,,0,15,,12037,28,,,0,30,,12038,28,,,0,55,,12059,28,,,0,15,,12039,28,,,0,15,,12060,28,,,0,15,,12040,28,,,0,56,,12061,28,,,0,17,,12041,28,,,0,15,,12062,28,,,0,70,,12063,28,,,0,15,,12042,28,,,0,16,,12064,28,,,0,13,,12043,28,,,0,55,,12065,28,,,0,15,,12044,28,,,0,15,,12066,28,,,0,15,,12045,28,,,0,55,,12067,28,,,0,15,,12046,28,,,0,29,,12047,28,,,0,55,,12068,28,,,0,15,,12048,28,,,0,28,,12049,28,,,0,70,,12050,28,,,0,30,,12028,28,,,0,170,,12029,28,,,0,29,,12027,28,,,0,69,,12030,28,,,0,30,,12026,28,,,0,69,,12069,28,,,0
4000,'5660',617,,12609,28,,,0,100,,12610,28,,,0,16,,12630,28,,,0,23,,12631,28,0,6 7,0,49,,12629,28,,,0,8,,12632,28,0,6 7,0,7,,12611,28,,,0,15,,12628,28,,,0,15,,12589,28,,,0,55,,12612,28,,,0,45,,12590,28,,,0,54,,12613,28,,,0,15,,12591,28,,,0,30,,12592,28,,,0,55,,12614,28,,,0,15,,12593,28,,,0,15,,12615,28,,,0,15,,12594,28,,,0,55,,12616,28,,,0,15,,12595,28,,,0,30,,12596,28,,,0,55,,12617,28,,,0,15,,12597,28,,,0,15,,12618,28,,,0,15,,12598,28,,,0,56,,12619,28,,,0,17,,12599,28,,,0,15,,12620,28,,,0,70,,12621,28,,,0,15,,12600,28,,,0,16,,12622,28,,,0,13,,12601,28,,,0,55,,12623,28,,,0,15,,12602,28,,,0,15,,12624,28,,,0,15,,12603,28,,,0,55,,12625,28,,,0,15,,12604,28,,,0,29,,12605,28,,,0,55,,12626,28,,,0,15,,12606,28,,,0,28,,12607,28,,,0,70,,12608,28,,,0,30,,12586,28,,,0,170,,12587,28,,,0,29,,12585,28,,,0,69,,12588,28,,,0,30,,12584,28,,,0,69,,12627,28,,,0
4000,'5661',717,,12633,28,,,0,100,,12635,28,,,0,100,,12637,28,,,0,101,,12638,28,,,0,101,,12639,28,,,0,30,,12640,28,,,0,70,,12641,28,,,0,30,,12642,28,,,0,72,,12643,28,,,0,30,,12644,28,,,0,70,,12645,28,,,0,32,,12646,28,,,0,68,,12647,28,,,0,130,,12648,28,,,0,70,,12649,28,,,0,28,,12650,28,,,0,70,,12651,28,,,0,30,,12652,28,,,0,69,,12634,28,,,0,30,,12636,28,,,0
4000,'5663',647,,12672,28,,,0,270,,12673,28,,,0,32,,12661,28,,,0,70,,12658,28,,,0,30,,12656,28,,,0,71,,12665,28,,,0,30,,12671,28,,,0,71,,12653,28,,,0,30,,12657,28,,,0,100,,12667,28,,,0,301,,12659,28,,,0,68,,12660,28,,,0,30,,12664,28,,,0,70,,12662,28,,,0,30,,12666,28,,,0,70,,12669,28,,,0,29,,12655,28,,,0,69,,12663,28,,,0,100,,12668,28,,,0,100,,12654,28,,,0,99,,12670,28,,,0
