2000,'4614',606,,10539,35,0,9 12 2 5,0,102,,10540,35,0,9 12 2 5,0,106,,10541,35,0,9 12 2 5,0,1189,,10537,35,0,9 12 2 5,0,198,,10538,35,0,9 12 2 5,0
2000,'4616',2004,,10559,35,0,9 12 2 5,0,198,,10564,35,0,9 12 2 5,0
2000,'5454',909,,10548,35,0,9 12 2 5,0,202,,10551,35,0,9 12 2 5,0,201,,10550,35,0,9 12 2 5,0,202,,10552,35,0,9 12 2 5,0,200,,10549,35,0,9 12 2 5,0,293,,10553,35,0,9 12 2 5,0
2001,'4614',746,,10579,27,0,9 10 11,0,72,,10572,27,0,9 10 11,0,188,,10578,27,0,9 10 11,0,434,,10576,27,0,9 10 11,0,764,,10570,27,0,9 10 11,0,197,,10571,27,0,9 10 11,0
2001,'4616',2005,,10603,27,0,9 10 11,0,200,,10596,27,0,9 10 11,0,197,,10593,27,0,9 10 11,0
2001,'5299',2004,,10583,27,0,9 10 11,0
2001,'5567',2004,,10606,27,0,9 10 11,0
2001,'5640',835,,11963,27,0,9 10 11,0
7201,'4614',725,,11677,30,,,0,30,,11181,30,,,0,69,,12283,30,,,0,33,,11183,30,,,0,71,,12284,30,,,0,30,,11678,30,,,0,70,,11186,30,,,0,30,,11187,30,,,0,70,,11188,30,,,0,29,,11189,30,,,0,70,,11190,30,,,0,30,,11191,30,,,0,70,,11192,30,,,0,30,,11193,30,,,0,70,,11194,30,,,0,30,,11195,30,,,0,70,,12285,30,,,0,30,,11197,30,,,0,70,,11198,30,,,0,30,,11199,30,,,0,70,,11200,30,,,0,30,,11201,30,,,0,70,,11202,30,,,0,30,,11203,30,,,0,70,,12286,30,,,0,100,,11205,30,,,0,100,,11206,30,,,0,100,,12287,30,,,0,130,,11208,30,,,0
7201,'4616',727,,11228,30,,,0,100,,11229,30,,,0,100,,11230,30,,,0,100,,11232,30,,,0,730,,11247,30,,,0,100,,11249,30,,,0,370,,11225,30,,,0
7201,'5454',827,,11209,30,,,0,100,,11210,30,,,0,100,,11211,30,,,0,100,,11212,30,,,0,99,,12288,30,,,0,100,,12289,30,,,0,100,,11215,30,,,0,100,,11216,30,,,0,101,,11217,30,,,0,100,,11218,30,,,0,100,,12290,30,,,0,100,,12291,30,,,0,100,,12292,30,,,0
7201,'5640',957,,12298,30,,,0,100,,12299,30,,,0,70,,12300,30,,,0,30,,12301,30,,,0,70,,12302,30,,,0,30,,12303,30,,,0,70,,12304,30,,,0,30,,12305,30,,,0,70,,12306,30,,,0,30,,12307,30,,,0,70,,12308,30,,,0,30,,12309,30,,,0,70,,12310,30,,,0,30,,12311,30,,,0,70,,12312,30,,,0,100,,12313,30,,,0,100,,12293,30,,,0,100,,12294,30,,,0,100,,12295,30,,,0,200,,12296,30,,,0,100,,12297,30,,,0
1002000,'4614',839,,12333,41,,,0,404,,11739,41,,,0,205,,11373,41,,,0,104,,11369,41,,,0,184,,11374,41,,,0,368,,11375,41,,,0,199,,11376,41,,,0
1002000,'4616',634,,11389,41,,,0,201,,11388,41,,,0,200,,11391,41,,,0,101,,11392,41,,,0,100,,11393,41,,,0,201,,11395,41,,,0,100,,11400,41,,,0,100,,11396,41,,,0,98,,11397,41,,,0,174,,11398,41,,,0,196,,11399,41,,,0,198,,11387,41,,,0
1002000,'5299',1639,,11378,41,,,0,269,,11379,41,,,0
1002000,'5454',711,,11737,41,,,0,100,,11386,41,,,0
1002000,'5567',1639,,11402,41,,,0,269,,11403,41,,,0
1002000,'5640',735,,12336,41,,,0,200,,12334,41,,,0,401,,12335,41,,,0
1002001,'4614',847,,11409,27,,,0,560,,12337,27,,,0,101,,11406,27,,,0,99,,11407,27,,,0,100,,11413,27,,,0,100,,11414,27,,,0,98,,11415,27,,,0,199,,11416,27,,,0,199,,11417,27,,,0
1002001,'4616',734,,11438,27,,,0,271,,11426,27,,,0,200,,11428,27,,,0,101,,11437,27,,,0,100,,11429,27,,,0,100,,11430,27,,,0,100,,11431,27,,,0,100,,11432,27,,,0,100,,11433,27,,,0,99,,11434,27,,,0,200,,11435,27,,,0,198,,11436,27,,,0
1002001,'5454',905,,11418,27,,,0,201,,11419,27,,,0,201,,11420,27,,,0,200,,11421,27,,,0,200,,11422,27,,,0,199,,11424,27,,,0,199,,11423,27,,,0
1002001,'5640',905,,12340,27,,,0,200,,12341,27,,,0
