801,'4614',633,,11891,56,,,0,179,,10318,41,,,0,30,,10304,56,,,0,96,,11479,56,,,0,200,,10300,56,,,0,105,,10310,56,,,0,102,,10303,56,,,0,203,,10306,56,,,0,101,,10305,56,,,0,98,,10316,56,,,0,98,,10308,56,,,0,98,,10309,56,,,0,99,,10307,56,,,0,99,,10313,56,,,0,99,,10314,56,,,0,99,,10317,56,,,0
801,'4616',731,,10335,56,,,0,305,,10337,56,,,0,101,,10338,56,,,0,105,,10346,56,,,0,102,,10347,56,,,0,202,,10340,56,,,0,100,,10341,56,,,0,99,,10349,56,,,0,198,,10334,56,,,0,100,,10343,56,,,0,98,,11477,56,,,0,99,,10345,56,,,0
801,'5454',833,,10325,56,,,0,202,,10323,56,,,0,101,,10327,56,,,0,208,,10328,56,,,0,201,,10322,56,,,0,100,,10333,56,,,0,100,,10320,56,,,0,100,,10321,56,,,0,98,,10331,56,,,0,100,,10330,56,,,0
801,'5658',731,,11892,41,,,0,204,,11895,56,,,0,306,,11893,56,,,0,204,,11894,56,,,0
801,'5659',733,,11888,56,,,0,305,,11890,56,,,0,410,,11889,56,,,0
801,'5660',733,,12482,56,,,0,305,,12484,56,,,0,410,,12483,56,,,0
801,'5661',731,,12485,41,,,0,204,,12488,56,,,0,306,,12486,56,,,0,204,,12487,56,,,0
801,'5663',833,,12492,56,,,0,102,,12489,56,,,0,510,,12490,56,,,0,400,,12491,56,,,0
4000,'4614',703,,10853,45,,,0,17,,10879,45,,,0,88,,11643,45,,,0,131,,10831,45,,,0,15,,11644,45,,,0,99,,10860,45,,,0,201,,10864,45,,,0,260,,10841,45,,,0,523,,10827,45,,,0,70,,10825,45,,,0
4000,'4616',803,,10937,45,,,0,30,,10938,45,,,0,71,,10939,45,,,0,436,,10914,45,,,0,103,,10917,45,,,0,70,,11638,45,,,0,30,,10929,45,,,0,70,,10924,45,,,0,29,,10911,45,,,0
4000,'4619',1755,,12075,45,,,0
4000,'4931',1755,,12076,45,,,0
4000,'5454',1007,,10892,45,,,0,98,,10894,45,,,0,505,,10904,45,,,0,29,,10905,45,,,0
4000,'5658',733,,12077,45,,,0,100,,12079,45,,,0,101,,12081,45,,,0,101,,12082,45,,,0,101,,12083,45,,,0,71,,12084,45,,,0,30,,12085,45,,,0,71,,12086,45,,,0,32,,12087,45,,,0,70,,12088,45,,,0,30,,12089,45,,,0,72,,12090,45,,,0,28,,12091,45,,,0,169,,12092,45,,,0,30,,12093,45,,,0,68,,12094,45,,,0,30,,12095,45,,,0,70,,12096,45,,,0,29,,12078,45,,,0,69,,12080,45,,,0
4000,'5659',633,,12051,45,,,0,103,,12052,45,,,0,16,,12072,45,,,0,76,,12071,45,,,0,14,,12053,45,,,0,13,,12070,45,,,0,55,,12031,45,,,0,14,,12054,45,,,0,85,,12032,45,,,0,14,,12055,45,,,0,15,,12033,45,,,0,70,,12034,45,,,0,16,,12056,45,,,0,15,,12035,45,,,0,15,,12057,45,,,0,55,,12036,45,,,0,15,,12058,45,,,0,15,,12037,45,,,0,70,,12038,45,,,0,15,,12059,45,,,0,15,,12039,45,,,0,16,,12060,45,,,0,55,,12040,45,,,0,17,,12061,45,,,0,17,,12041,45,,,0,15,,12062,45,,,0,70,,12063,45,,,0,14,,12042,45,,,0,16,,12064,45,,,0,53,,12043,45,,,0,15,,12065,45,,,0,15,,12044,45,,,0,16,,12066,45,,,0,55,,12045,45,,,0,14,,12067,45,,,0,14,,12046,45,,,0,68,,12047,45,,,0,15,,12068,45,,,0,15,,12048,45,,,0,68,,12049,45,,,0,30,,12050,45,,,0,70,,12028,45,,,0,128,,12029,45,,,0,68,,12027,45,,,0,29,,12030,45,,,0,70,,12026,45,,,0,29,,12069,45,,,0
4000,'5660',633,,12609,45,,,0,103,,12610,45,,,0,16,,12630,45,,,0,76,,12629,45,,,0,14,,12611,45,,,0,13,,12628,45,,,0,55,,12589,45,,,0,14,,12612,45,,,0,85,,12590,45,,,0,14,,12613,45,,,0,15,,12591,45,,,0,70,,12592,45,,,0,16,,12614,45,,,0,15,,12593,45,,,0,15,,12615,45,,,0,55,,12594,45,,,0,15,,12616,45,,,0,15,,12595,45,,,0,70,,12596,45,,,0,15,,12617,45,,,0,15,,12597,45,,,0,16,,12618,45,,,0,55,,12598,45,,,0,17,,12619,45,,,0,17,,12599,45,,,0,15,,12620,45,,,0,70,,12621,45,,,0,14,,12600,45,,,0,16,,12622,45,,,0,53,,12601,45,,,0,15,,12623,45,,,0,15,,12602,45,,,0,16,,12624,45,,,0,55,,12603,45,,,0,14,,12625,45,,,0,14,,12604,45,,,0,68,,12605,45,,,0,15,,12626,45,,,0,15,,12606,45,,,0,68,,12607,45,,,0,30,,12608,45,,,0,70,,12586,45,,,0,128,,12587,45,,,0,68,,12585,45,,,0,29,,12588,45,,,0,70,,12584,45,,,0,29,,12627,45,,,0
4000,'5661',733,,12633,45,,,0,100,,12635,45,,,0,101,,12637,45,,,0,101,,12638,45,,,0,101,,12639,45,,,0,71,,12640,45,,,0,30,,12641,45,,,0,71,,12642,45,,,0,32,,12643,45,,,0,70,,12644,45,,,0,30,,12645,45,,,0,72,,12646,45,,,0,28,,12647,45,,,0,169,,12648,45,,,0,30,,12649,45,,,0,68,,12650,45,,,0,30,,12651,45,,,0,70,,12652,45,,,0,29,,12634,45,,,0,69,,12636,45,,,0
4000,'5663',703,,12672,45,,,0,231,,12673,45,,,0,72,,12661,45,,,0,31,,12658,45,,,0,70,,12656,45,,,0,32,,12665,45,,,0,70,,12671,45,,,0,31,,12653,45,,,0,70,,12657,45,,,0,102,,12667,45,,,0,300,,12659,45,,,0,28,,12660,45,,,0,70,,12664,45,,,0,30,,12662,45,,,0,70,,12666,45,,,0,29,,12669,45,,,0,69,,12655,45,,,0,29,,12663,45,,,0,99,,12668,45,,,0,100,,12654,45,,,0,97,,12670,45,,,0
