801,'4614',554,,11891,12,0,18,0,205,,10304,12,0,18,0,96,,11479,12,0,18,0,201,,10300,12,0,18,0,144,,10310,12,0,18,0,102,,10303,12,0,18,0,201,,10306,12,0,18,0,101,,10305,12,0,18,0,100,,10316,12,0,18,0,99,,10308,12,0,18,0,99,,10309,12,0,18,0,100,,10307,12,0,18,0,100,,10313,12,0,18,0,101,,10314,12,0,18,0,100,,10317,12,0,18,0
801,'4616',653,,10335,12,0,18,0,302,,10337,12,0,18,0,101,,10338,12,0,18,0,145,,10346,12,0,18,0,101,,10347,12,0,18,0,202,,10340,12,0,18,0,100,,10341,12,0,18,0,100,,10349,12,0,18,0,199,,10334,12,0,18,0,100,,10343,12,0,18,0,100,,11477,12,0,18,0,100,,10345,12,0,18,0
801,'5289',1523,,10319,12,0,18,0
801,'5454',755,,10325,12,0,18,0,200,,10323,12,0,18,0,101,,10327,12,0,18,0,246,,10328,12,0,18,0,202,,10322,12,0,18,0,100,,10333,12,0,18,0,100,,10320,12,0,18,0,100,,10321,12,0,18,0,99,,10331,12,0,18,0,100,,10330,12,0,18,0
801,'5568',1423,,10350,12,0,18,0
801,'5658',856,,11895,12,0,18,0,345,,11893,12,0,18,0,202,,11894,12,0,18,0
801,'5659',653,,11888,12,0,18,0,303,,11890,12,0,18,0,447,,11889,12,0,18,0
801,'5660',653,,12482,12,0,18,0,303,,12484,12,0,18,0,447,,12483,12,0,18,0
801,'5661',856,,12488,12,0,18,0,345,,12486,12,0,18,0,202,,12487,12,0,18,0
801,'5663',755,,12492,12,0,18,0,101,,12489,12,0,18,0,547,,12490,12,0,18,0,401,,12491,12,0,18,0
