801,'4614',605,,11891,24,0,18,0,137,,10318,9,0,18,0,70,,10304,24,0,18,0,96,,11479,24,0,18,0,200,,10300,24,0,18,0,107,,10310,24,0,18,0,102,,10303,24,0,18,0,201,,10306,24,0,18,0,101,,10305,24,0,18,0,100,,10316,24,0,18,0,99,,10308,24,0,18,0,99,,10309,24,0,18,0,100,,10307,24,0,18,0,99,,10313,24,0,18,0,99,,10314,24,0,18,0,100,,10317,24,0,18,0
801,'4616',704,,10335,24,0,18,0,303,,10337,24,0,18,0,101,,10338,24,0,18,0,107,,10346,24,0,18,0,102,,10347,24,0,18,0,202,,10340,24,0,18,0,100,,10341,24,0,18,0,100,,10349,24,0,18,0,199,,10334,24,0,18,0,100,,10343,24,0,18,0,99,,11477,24,0,18,0,99,,10345,24,0,18,0
801,'5289',1538,,10319,24,0,18,0
801,'5454',806,,10325,24,0,18,0,201,,10323,24,0,18,0,101,,10327,24,0,18,0,209,,10328,24,0,18,0,202,,10322,24,0,18,0,100,,10333,24,0,18,0,100,,10320,24,0,18,0,100,,10321,24,0,18,0,99,,10331,24,0,18,0,100,,10330,24,0,18,0
801,'5568',1438,,10350,24,0,18,0
801,'5658',704,,11892,9,0,18,0,203,,11895,24,0,18,0,308,,11893,24,0,18,0,203,,11894,24,0,18,0
801,'5659',704,,11888,24,0,18,0,304,,11890,24,0,18,0,410,,11889,24,0,18,0
801,'5660',704,,12482,24,0,18,0,304,,12484,24,0,18,0,410,,12483,24,0,18,0
801,'5661',704,,12485,9,0,18,0,203,,12488,24,0,18,0,308,,12486,24,0,18,0,203,,12487,24,0,18,0
801,'5663',806,,12492,24,0,18,0,101,,12489,24,0,18,0,511,,12490,24,0,18,0,401,,12491,24,0,18,0
