4000,'4614',628,,10853,5,,,0,15,,10879,5,,,0,78,,10880,5,0,6 7,0,7,,11643,5,,,0,10,,10884,5,0,6 7,0,68,,11648,5,0,6 7,0,52,,10831,5,,,0,55,,11644,5,,,0,100,,10860,5,,,0,200,,10864,5,,,0,215,,10841,5,,,0,530,,10827,5,,,0,70,,10825,5,,,0
4000,'4616',728,,10937,5,,,0,30,,10938,5,,,0,70,,10939,5,,,0,431,,10914,5,,,0,100,,10917,5,,,0,70,,11638,5,,,0,30,,10929,5,,,0,70,,10924,5,,,0,30,,10911,5,,,0
4000,'4619',1713,,12075,5,,,0
4000,'4931',1713,,12076,5,,,0
4000,'5454',928,,10892,5,,,0,100,,10894,5,,,0,500,,10904,5,,,0,30,,10905,5,,,0
4000,'5658',658,,12077,5,,,0,100,,12079,5,,,0,100,,12081,5,,,0,100,,12082,5,,,0,100,,12083,5,,,0,70,,12084,5,,,0,30,,12085,5,,,0,70,,12086,5,,,0,31,,12087,5,,,0,70,,12088,5,,,0,30,,12089,5,,,0,71,,12090,5,,,0,28,,12091,5,,,0,170,,12092,5,,,0,30,,12093,5,,,0,69,,12094,5,,,0,31,,12095,5,,,0,70,,12096,5,,,0,30,,12078,5,,,0,70,,12080,5,,,0
4000,'5659',558,,12051,5,,,0,100,,12052,5,,,0,55,,12072,5,,,0,21,,12073,5,0,6 7,0,9,,12071,5,,,0,8,,12074,5,0,6 7,0,7,,12053,5,,,0,55,,12070,5,,,0,15,,12031,5,,,0,15,,12054,5,,,0,85,,12032,5,,,0,15,,12055,5,,,0,15,,12033,5,,,0,70,,12034,5,,,0,15,,12056,5,,,0,15,,12035,5,,,0,55,,12057,5,,,0,15,,12036,5,,,0,15,,12058,5,,,0,15,,12037,5,,,0,70,,12038,5,,,0,15,,12059,5,,,0,15,,12039,5,,,0,55,,12060,5,,,0,15,,12040,5,,,0,15,,12061,5,,,0,15,,12041,5,,,0,55,,12062,5,,,0,30,,12063,5,,,0,15,,12042,5,,,0,55,,12064,5,,,0,15,,12043,5,,,0,15,,12065,5,,,0,15,,12044,5,,,0,55,,12066,5,,,0,15,,12045,5,,,0,15,,12067,5,,,0,15,,12046,5,,,0,70,,12047,5,,,0,15,,12068,5,,,0,15,,12048,5,,,0,70,,12049,5,,,0,30,,12050,5,,,0,70,,12028,5,,,0,130,,12029,5,,,0,70,,12027,5,,,0,30,,12030,5,,,0,70,,12026,5,,,0,30,,12069,5,,,0
4000,'5660',558,,12609,5,,,0,100,,12610,5,,,0,55,,12630,5,,,0,21,,12631,5,0,6 7,0,9,,12629,5,,,0,8,,12632,5,0,6 7,0,7,,12611,5,,,0,55,,12628,5,,,0,15,,12589,5,,,0,15,,12612,5,,,0,85,,12590,5,,,0,15,,12613,5,,,0,15,,12591,5,,,0,70,,12592,5,,,0,15,,12614,5,,,0,15,,12593,5,,,0,55,,12615,5,,,0,15,,12594,5,,,0,15,,12616,5,,,0,15,,12595,5,,,0,70,,12596,5,,,0,15,,12617,5,,,0,15,,12597,5,,,0,55,,12618,5,,,0,15,,12598,5,,,0,15,,12619,5,,,0,15,,12599,5,,,0,55,,12620,5,,,0,30,,12621,5,,,0,15,,12600,5,,,0,55,,12622,5,,,0,15,,12601,5,,,0,15,,12623,5,,,0,15,,12602,5,,,0,55,,12624,5,,,0,15,,12603,5,,,0,15,,12625,5,,,0,15,,12604,5,,,0,70,,12605,5,,,0,15,,12626,5,,,0,15,,12606,5,,,0,70,,12607,5,,,0,30,,12608,5,,,0,70,,12586,5,,,0,130,,12587,5,,,0,70,,12585,5,,,0,30,,12588,5,,,0,70,,12584,5,,,0,30,,12627,5,,,0
4000,'5661',658,,12633,5,,,0,100,,12635,5,,,0,100,,12637,5,,,0,100,,12638,5,,,0,100,,12639,5,,,0,70,,12640,5,,,0,30,,12641,5,,,0,70,,12642,5,,,0,31,,12643,5,,,0,70,,12644,5,,,0,30,,12645,5,,,0,71,,12646,5,,,0,28,,12647,5,,,0,170,,12648,5,,,0,30,,12649,5,,,0,69,,12650,5,,,0,31,,12651,5,,,0,70,,12652,5,,,0,30,,12634,5,,,0,70,,12636,5,,,0
4000,'5663',628,,12672,5,,,0,230,,12673,5,,,0,70,,12661,5,,,0,30,,12658,5,,,0,70,,12656,5,,,0,30,,12665,5,,,0,70,,12671,5,,,0,31,,12653,5,,,0,70,,12657,5,,,0,100,,12667,5,,,0,300,,12659,5,,,0,29,,12660,5,,,0,70,,12664,5,,,0,30,,12662,5,,,0,70,,12666,5,,,0,30,,12669,5,,,0,70,,12655,5,,,0,30,,12663,5,,,0,100,,12668,5,,,0,100,,12654,5,,,0,100,,12670,5,,,0
1002000,'4614',617,,11370,5,,,0,111,,11371,5,,,0,190,,11372,5,,,0,100,,11738,5,,,0,201,,11739,5,,,0,99,,11367,5,,,0,102,,11373,5,,,0,105,,11369,5,,,0,186,,11374,5,,,0,332,,11375,5,,,0,199,,11376,5,,,0
1002000,'4616',612,,11389,5,,,0,200,,11388,5,,,0,200,,11391,5,,,0,101,,11392,5,,,0,100,,11393,5,,,0,200,,11395,5,,,0,100,,11400,5,,,0,100,,11396,5,,,0,98,,11397,5,,,0,135,,11398,5,,,0,197,,11399,5,,,0,199,,11387,5,,,0
1002000,'5299',1613,,11378,5,,,0,233,,11379,5,,,0
1002000,'5454',649,,11737,5,,,0,100,,11386,5,,,0,200,,11381,5,,,0,201,,11382,5,,,0,200,,11383,5,,,0,200,,11384,5,,,0,200,,11385,5,,,0
1002000,'5567',1613,,11402,5,,,0,233,,11403,5,,,0
1002000,'5659',813,,12333,5,,,0,305,,12331,5,,,0,385,,12332,5,,,0
1002000,'5660',813,,12882,5,,,0,305,,12880,5,,,0,385,,12881,5,,,0
1002000,'5663',712,,12885,5,,,0,200,,12883,5,,,0,401,,12884,5,,,0
