2000,'4614',622,,10539,54,,,0,104,,10540,54,,,0,108,,10541,54,,,0,80,,10534,37,,,0,201,,10542,37,,,0,202,,10544,37,,,0,100,,10535,37,,,0,206,,10545,37,,,0,97,,10546,37,,,0,98,,10536,37,,,0,202,,10537,54,,,0,197,,10538,54,,,0
2000,'4616',913,,10562,37,,,0,204,,10563,37,,,0,200,,10555,37,,,0,100,,10557,37,,,0,101,,10565,37,,,0,99,,10558,37,,,0,100,,10556,37,,,0,96,,10560,37,,,0,207,,10559,54,,,0,198,,10564,54,,,0
2000,'5289',1014,,12524,37,,,0,203,,12523,37,,,0
2000,'5454',923,,10548,54,,,0,203,,10551,54,,,0,203,,10550,54,,,0,201,,10552,54,,,0,199,,10549,54,,,0,292,,10553,54,,,0
2000,'5659',1014,,11958,37,,,0,203,,11957,37,,,0
2000,'5662',1014,,12526,37,,,0,203,,12525,37,,,0
2000,'5663',813,,12529,37,,,0,203,,12528,37,,,0,201,,12527,37,,,0
2500,'4614',759,,10609,19,0,5,0,288,,11595,19,,,0,405,,11965,19,,,0,400,,10613,19,,,0
2500,'4616',1047,,10622,19,,,0,400,,10621,19,,,0,200,,10623,19,,,0,200,,10619,19,,,0
2500,'5454',759,,11594,19,0,5,0,288,,10615,19,,,0,400,,10616,19,,,0,200,,10618,19,,,0,200,,10617,19,,,0
2500,'5659',1240,,11964,19,0,5,0
2500,'5660',1240,,12532,19,0,5,0
2500,'5663',759,,12533,19,0,5,0
1002000,'4614',643,,11370,43,,,0,115,,11371,43,,,0,188,,11372,43,,,0,101,,11738,43,,,0,254,,11739,60,,,0,48,,11367,43,,,0,159,,11373,60,,,0,103,,11369,60,,,0,144,,11374,60,,,0,365,,11375,60,,,0,199,,11376,60,,,0
1002000,'4616',650,,11389,60,,,0,201,,11388,60,,,0,202,,11391,60,,,0,101,,11392,60,,,0,100,,11393,60,,,0,201,,11395,60,,,0,100,,11400,60,,,0,99,,11396,60,,,0,98,,11397,60,,,0,173,,11398,60,,,0,196,,11399,60,,,0,198,,11387,60,,,0
1002000,'5299',1658,,11378,60,,,0,267,,11379,60,,,0
1002000,'5454',726,,11737,60,,,0,100,,11386,60,,,0,190,,11381,43,,,0,201,,11382,43,,,0,201,,11383,43,,,0,201,,11384,43,,,0,199,,11385,43,,,0
1002000,'5567',1658,,11402,60,,,0,267,,11403,60,,,0
1002000,'5659',858,,12333,60,,,0,290,,12331,43,,,0,395,,12332,43,,,0
1002000,'5660',858,,12882,60,,,0,290,,12880,43,,,0,395,,12881,43,,,0
1002000,'5663',751,,12885,60,,,0,200,,12883,60,,,0,403,,12884,60,,,0
