601,'4614',637,,12458,23,,,0,96,,11864,23,,,0,93,,11467,23,,,0,15,,11469,23,,,0,106,,10198,23,,,0,97,,11468,23,,,0,100,,12457,23,,,0,104,,10199,23,,,0,101,,10214,23,,,0,105,,10203,23,,,0,146,,10205,23,,,0,59,,10206,23,,,0,100,,10215,23,,,0,91,,10204,23,,,0,100,,10216,23,,,0,100,,10207,23,,,0,100,,10209,23,,,0,100,,10211,23,,,0,100,,10212,23,,,0
601,'4616',740,,10237,23,,,0,106,,10244,23,,,0,101,,10238,23,,,0,100,,10235,23,,,0,99,,10239,23,,,0,101,,10236,23,,,0,101,,10234,23,,,0,100,,10229,23,,,0,101,,12463,23,,,0,101,,10232,23,,,0,100,,10245,23,,,0,101,,10233,23,,,0,100,,10230,23,,,0,100,,10242,23,,,0,100,,10243,23,,,0,99,,11465,23,,,0,102,,12464,23,,,0
601,'5454',740,,12460,23,,,0,207,,10227,23,,,0,100,,12459,23,,,0,101,,10223,23,,,0,100,,10218,23,,,0,99,,10228,23,,,0,100,,10220,23,,,0,102,,12461,23,,,0,100,,10219,23,,,0,101,,10226,23,,,0,100,,12462,23,,,0,100,,10222,23,,,0
4001,'4614',629,,12708,10,,,0,71,,12709,10,,,0,31,,12711,10,,,0,15,,12713,10,,,0,56,,12710,10,,,0,16,,12714,10,,,0,14,,12688,10,,,0,17,,12715,10,,,0,55,,12690,10,,,0,16,,12716,10,,,0,15,,12689,10,,,0,15,,12717,10,,,0,55,,12691,10,,,0,15,,12718,10,,,0,15,,12692,10,,,0,15,,12719,10,,,0,55,,12693,10,,,0,15,,12720,10,,,0,15,,12694,10,,,0,15,,12721,10,,,0,55,,12695,10,,,0,15,,12722,10,,,0,15,,12696,10,,,0,15,,12723,10,,,0,55,,12697,10,,,0,15,,12724,10,,,0,15,,12698,10,,,0,15,,12725,10,,,0,55,,12699,10,,,0,11,,12726,10,,,0,10,,12727,10,,,0,10,,12700,10,,,0,10,,12728,10,,,0,60,,12701,10,,,0,20,,12730,10,,,0,11,,12703,10,,,0,10,,12729,10,,,0,10,,12731,10,,,0,50,,12702,10,,,0,20,,12732,10,,,0,10,,12704,10,,,0,14,,12733,10,,,0,55,,12712,10,,,0,15,,12734,10,,,0,15,,12706,10,,,0,15,,12735,10,,,0,55,,12705,10,,,0,15,,12736,10,,,0,15,,12707,10,,,0,15,,12737,10,,,0,54,,12687,10,,,0,30,,12686,10,,,0,71,,12685,10,,,0,29,,12681,10,,,0,69,,12684,10,,,0,30,,12680,10,,,0,69,,12683,10,,,0,30,,12679,10,,,0,70,,12682,10,,,0,30,,12678,10,,,0,70,,12738,10,,,0
4001,'4616',704,,12766,10,,,0,101,,12767,10,,,0,30,,12768,10,,,0,70,,12769,10,,,0,30,,12770,10,,,0,70,,12771,10,,,0,30,,12772,10,,,0,70,,12773,10,,,0,30,,12774,10,,,0,69,,12775,10,,,0,30,,12776,10,,,0,70,,12777,10,,,0,30,,12778,10,,,0,70,,12779,10,,,0,30,,12780,10,,,0,71,,12781,10,,,0,30,,12782,10,,,0,71,,12783,10,,,0,30,,12784,10,,,0,70,,12785,10,,,0,30,,12786,10,,,0,70,,12787,10,,,0,30,,12788,10,,,0,70,,12789,10,,,0,30,,12790,10,,,0,70,,12791,10,,,0,29,,12792,10,,,0,70,,12793,10,,,0,99,,12794,10,,,0,100,,12795,10,,,0,100,,12796,10,,,0
4001,'4619',1516,,12674,10,,,0
4001,'5289',1456,,12675,10,,,0,60,,12676,10,,,0,101,,12677,10,,,0
4001,'5299',1516,,12797,10,,,0
4001,'5454',704,,12739,10,,,0,101,,12741,10,,,0,100,,12743,10,,,0,100,,12745,10,,,0,30,,12746,10,,,0,70,,12747,10,,,0,31,,12748,10,,,0,70,,12749,10,,,0,30,,12750,10,,,0,70,,12751,10,,,0,30,,12752,10,,,0,70,,12753,10,,,0,30,,12754,10,,,0,70,,12755,10,,,0,30,,12756,10,,,0,70,,12757,10,,,0,30,,12758,10,,,0,70,,12759,10,,,0,30,,12760,10,,,0,70,,12761,10,,,0,30,,12762,10,,,0,70,,12744,10,,,0,30,,12742,10,,,0,70,,12740,10,,,0
4001,'5568',1456,,12763,10,,,0,161,,12764,10,,,0
