701,'4614',707,,10262,14,0,17,0,37,,11476,14,0,17,0,267,,10259,14,0,17,0,100,,10265,14,0,17,0,96,2,10247,14,0,17,0,102,2,11474,14,0,17,0,101,2,10255,14,0,17,0,100,2,10249,14,0,17,0,201,2,10263,14,0,17,0,29,2,10266,14,0,17,0,70,2,10258,14,0,17,0,199,2,10257,14,0,17,0,100,2,10260,14,0,17,0,100,2,10261,14,0,17,0,100,2,10246,14,0,17,0
701,'4616',706,,10287,14,0,17,0,102,,10297,14,0,17,0,102,,10288,14,0,17,0,100,,10292,14,0,17,0,197,2,10289,14,0,17,0,102,2,10290,14,0,17,0,202,2,10285,14,0,17,0,100,2,10286,14,0,17,0,200,2,10293,14,0,17,0,199,2,10294,14,0,17,0
701,'5289',1611,2,10267,14,0,17,0
701,'5454',910,,10280,14,0,17,0,100,,11473,14,0,17,0,197,2,10272,14,0,17,0,102,2,10271,14,0,17,0,101,2,11472,14,0,17,0,101,2,10269,14,0,17,0,100,2,10281,14,0,17,0,200,2,10276,14,0,17,0,99,2,10270,14,0,17,0,100,2,10268,14,0,17,0
701,'5568',1611,2,10299,14,0,17,0
701,'5658',706,,11877,14,0,17,0,102,,11880,14,0,17,0,302,,11878,14,0,17,0,601,2,11879,14,0,17,0
701,'5659',608,,11873,1,0,17,0,204,,11871,14,0,17,0,98,,11872,14,0,17,0,731,2,11875,14,0,17,0,199,2,11876,14,0,17,0,69,2,11874,14,0,17,0
701,'5660',608,,12467,1,0,17,0,204,,12465,14,0,17,0,98,,12466,14,0,17,0,731,2,12469,14,0,17,0,199,2,12470,14,0,17,0,69,2,12468,14,0,17,0
701,'5661',706,,12471,14,0,17,0,102,,12474,14,0,17,0,302,,12472,14,0,17,0,601,2,12473,14,0,17,0
701,'5663',1110,,12475,14,0,17,0,300,2,12476,14,0,17,0,301,2,12481,14,0,17,0,199,2,12477,14,0,17,0,200,2,12479,14,0,17,0,99,2,12478,14,0,17,0,100,2,12480,14,0,17,0
801,'4614',558,,11891,16,0,18,0,176,,10318,1,0,18,0,70,,10304,16,0,18,0,96,,11479,16,0,18,0,200,,10300,16,0,18,0,107,2,10310,16,0,18,0,102,2,10303,16,0,18,0,201,2,10306,16,0,18,0,101,2,10305,16,0,18,0,100,2,10316,16,0,18,0,99,2,10308,16,0,18,0,99,2,10309,16,0,18,0,100,2,10307,16,0,18,0,100,2,10313,16,0,18,0,100,2,10314,16,0,18,0,100,2,10317,16,0,18,0
801,'4616',657,,10335,16,0,18,0,302,,10337,16,0,18,0,141,,10338,16,0,18,0,107,2,10346,16,0,18,0,102,2,10347,16,0,18,0,202,2,10340,16,0,18,0,100,2,10341,16,0,18,0,100,2,10349,16,0,18,0,199,2,10334,16,0,18,0,100,2,10343,16,0,18,0,100,2,11477,16,0,18,0,99,2,10345,16,0,18,0
801,'5289',1530,2,10319,16,0,18,0
801,'5454',759,,10325,16,0,18,0,200,,10323,16,0,18,0,141,,10327,16,0,18,0,209,2,10328,16,0,18,0,202,2,10322,16,0,18,0,100,2,10333,16,0,18,0,100,2,10320,16,0,18,0,100,2,10321,16,0,18,0,99,2,10331,16,0,18,0,100,2,10330,16,0,18,0
801,'5568',1430,2,10350,16,0,18,0
801,'5658',657,,11892,1,0,18,0,243,,11895,16,0,18,0,307,2,11893,16,0,18,0,203,2,11894,16,0,18,0
801,'5659',657,,11888,16,0,18,0,343,,11890,16,0,18,0,410,2,11889,16,0,18,0
801,'5660',657,,12482,16,0,18,0,343,,12484,16,0,18,0,410,2,12483,16,0,18,0
801,'5661',657,,12485,1,0,18,0,243,,12488,16,0,18,0,307,2,12486,16,0,18,0,203,2,12487,16,0,18,0
801,'5663',759,,12492,16,0,18,0,141,,12489,16,0,18,0,510,2,12490,16,0,18,0,401,2,12491,16,0,18,0
7001,'4614',622,,11088,2,,,0,136,,11090,2,,,0,378,,11092,2,,,0,290,,11094,2,,,0,321,,11093,2,,,0
7001,'4616',803,,11105,2,,,0,304,,11103,2,,,0,315,,11104,2,,,0,178,,11102,2,,,0,202,,11106,2,,,0,205,,11108,2,,,0
7001,'4619',1855,,11095,2,,,0,152,,11096,2,,,0
7001,'5454',803,,11101,2,,,0,148,,11098,2,,,0,156,,11664,2,,,0,695,,11100,2,,,0
7001,'5658',1422,,12250,2,,,0
7001,'5659',516,,12248,2,,,0,1100,,12249,2,,,0
7001,'5660',516,,12803,2,,,0,1100,,12804,2,,,0
7001,'5661',1422,,12805,2,,,0
7001,'5663',706,,12807,2,,,0,245,,12806,2,,,0
7801,'4614',936,,11252,2,0,15 16 2,0
7801,'5659',606,,12314,2,0,15 16 2,0,100,,12315,2,0,15 16 2,0,834,,12316,2,0,15 16 2,0,269,,12317,2,0,15 16 2,0
7801,'5660',606,,12869,2,0,15 16 2,0,100,,12870,2,0,15 16 2,0,834,,12871,2,0,15 16 2,0,269,,12872,2,0,15 16 2,0
