501,'4614',822,,10111,38,,,0,29,,10118,38,,,0,97,,10100,38,,,0,100,,10117,38,,,0,100,,10105,38,,,0,188,,10103,38,,,0,101,,10110,38,,,0,95,,10101,38,,,0,213,,10116,38,,,0,96,,10108,38,,,0,98,,10106,38,,,0,298,,10112,38,,,0
501,'4616',743,,10134,38,,,0,201,,10148,38,,,0,100,,10133,38,,,0,101,,10135,38,,,0,103,,10136,38,,,0,100,,10137,38,,,0,101,,10138,38,,,0,300,,10141,38,,,0,488,,10145,38,,,0,99,,10147,38,,,0
501,'5454',1144,,10120,38,,,0,101,,10121,38,,,0,100,,10127,38,,,0,100,,10122,38,,,0,100,,10132,38,,,0,294,,10129,38,,,0,99,,10126,38,,,0
501,'5658',842,,11842,38,,,0,101,,11838,38,,,0,100,,11839,38,,,0,602,,11841,38,,,0,100,,11840,38,,,0
501,'5659',635,,11832,26,,,0,110,,11837,38,,,0,505,,11831,38,,,0,397,,11833,38,,,0,391,,11834,38,,,0,100,,11835,38,,,0,198,,11836,38,,,0
501,'5660',635,,12428,26,,,0,110,,12433,38,,,0,505,,12427,38,,,0,397,,12429,38,,,0,391,,12430,38,,,0,100,,12431,38,,,0,198,,12432,38,,,0
501,'5661',842,,12438,38,,,0,101,,12434,38,,,0,100,,12435,38,,,0,602,,12437,38,,,0,100,,12436,38,,,0
501,'5663',1549,,12439,38,,,0,101,,12440,38,,,0,190,,12445,38,,,0,98,,12441,38,,,0,100,,12442,38,,,0,99,,12443,38,,,0
801,'4614',548,,11891,2,0,18,0,205,,10304,2,0,18,0,96,,11479,2,0,18,0,201,,10300,2,0,18,0,104,,10310,2,0,18,0,102,,10303,2,0,18,0,199,,10306,2,0,18,0,101,,10305,2,0,18,0,101,,10316,2,0,18,0,99,,10308,2,0,18,0,100,,10309,2,0,18,0,100,,10307,2,0,18,0,100,,10313,2,0,18,0,101,,10314,2,0,18,0,100,,10317,2,0,18,0
801,'4616',647,,10335,2,0,18,0,302,,10337,2,0,18,0,101,,10338,2,0,18,0,105,,10346,2,0,18,0,101,,10347,2,0,18,0,202,,10340,2,0,18,0,100,,10341,2,0,18,0,100,,10349,2,0,18,0,199,,10334,2,0,18,0,100,,10343,2,0,18,0,100,,11477,2,0,18,0,100,,10345,2,0,18,0
801,'5289',1515,,10319,2,0,18,0
801,'5454',749,,10325,2,0,18,0,200,,10323,2,0,18,0,101,,10327,2,0,18,0,206,,10328,2,0,18,0,202,,10322,2,0,18,0,100,,10333,2,0,18,0,100,,10320,2,0,18,0,100,,10321,2,0,18,0,99,,10331,2,0,18,0,100,,10330,2,0,18,0
801,'5568',1415,,10350,2,0,18,0
801,'5658',850,,11895,2,0,18,0,305,,11893,2,0,18,0,202,,11894,2,0,18,0
801,'5659',647,,11888,2,0,18,0,303,,11890,2,0,18,0,406,,11889,2,0,18,0
801,'5660',647,,12482,2,0,18,0,303,,12484,2,0,18,0,406,,12483,2,0,18,0
801,'5661',850,,12488,2,0,18,0,305,,12486,2,0,18,0,202,,12487,2,0,18,0
801,'5663',749,,12492,2,0,18,0,101,,12489,2,0,18,0,507,,12490,2,0,18,0,401,,12491,2,0,18,0
