2000,'4614',554,,10539,15,0,9 12 2 5,0,100,,10540,15,0,9 12 2 5,0,103,,10541,15,0,9 12 2 5,0,99,,10534,15,,,0,100,,10547,15,,,0,100,,10542,15,,,0,101,,10543,15,,,0,100,,10544,15,,,0,100,,10535,15,,,0,246,,10545,15,,,0,97,,10546,15,,,0,59,,10536,15,,,0,191,,10537,15,0,9 12 2 5,0,199,,10538,15,0,9 12 2 5,0
2000,'5544',856,,10548,15,0,9 12 2 5,0,201,,10551,15,0,9 12 2 5,0,201,,10550,15,0,9 12 2 5,0,201,,10552,15,0,9 12 2 5,0,200,,10549,15,0,9 12 2 5,0,295,,10553,15,0,9 12 2 5,0
2000,'5547',756,,10566,15,,,0,100,,10562,15,,,0,101,,10561,15,,,0,101,,10563,15,,,0,100,,10554,15,,,0,100,,10555,15,,,0,100,,10557,15,,,0,101,,10565,15,,,0,100,,10558,15,,,0,100,,10556,15,,,0,97,,10560,15,,,0,195,,10559,15,0,9 12 2 5,0,198,,10564,15,0,9 12 2 5,0
9200,'4619',1408,,11282,11,,,0,2,,11281,11,,,0
9200,'5289',1517,,11284,11,,,0,2,,11283,11,,,0
9200,'5299',1423,,11285,11,,,0,2,,11286,11,,,0
1002000,'4614',626,,11370,21,,,0,112,,11371,21,,,0,87,,11377,21,,,0,103,,11372,21,,,0,100,,11364,21,,,0,100,,11365,21,,,0,101,,11366,21,,,0,100,,11367,21,,,0,103,,11373,21,,,0,89,,11368,21,,,0,16,,11369,21,,,0,185,,11374,21,,,0,330,,11375,21,,,0,199,,11376,21,,,0
1002000,'5299',1625,,11378,21,,,0,230,,11379,21,,,0
1002000,'5544',658,,11380,21,,,0,100,,11386,21,,,0,200,,11381,21,,,0,201,,11382,21,,,0,200,,11383,21,,,0,241,,11384,21,,,0,200,,11385,21,,,0
1002000,'5547',621,,11389,21,,,0,100,,11401,21,,,0,100,,11388,21,,,0,100,,11390,21,,,0,100,,11391,21,,,0,101,,11392,21,,,0,100,,11393,21,,,0,100,,11394,21,,,0,101,,11395,21,,,0,100,,11400,21,,,0,100,,11396,21,,,0,98,,11397,21,,,0,135,,11398,21,,,0,196,,11399,21,,,0,199,,11387,21,,,0
1002000,'5567',1625,,11402,21,,,0,230,,11403,21,,,0
