1501,'4528',843,,9371,8,,,0,69,,9372,8,,,0,30,,9373,8,,,0,70,,9370,8,,,0,30,,9374,8,,,0,70,,9375,8,,,0,29,,9376,8,,,0,71,,9377,8,,,0,103,,8007,8,,,0,27,,9378,8,,,0,509,,9380,8,,,0,150,,9379,8,,,0,110,,9381,8,,,0
1501,'4532',1045,,8017,8,,,0,158,,8021,8,,,0,221,,8016,8,,,0,219,,8013,8,,,0,259,,8015,8,,,0
1501,'5221',943,,8032,8,,,0,260,,8028,8,,,0,110,,8025,8,,,0,329,,8024,8,,,0
1501,'5560',832,,8027,8,,,0,221,,8023,8,,,0,370,,8026,8,,,0,110,,8029,8,,,0,219,,8031,8,,,0,150,,8030,8,,,0
1501,'5562',758,,9386,8,,,0,185,,9387,8,,,0,372,,9385,8,,,0,219,,9382,8,,,0,220,,9384,8,,,0,260,,9383,8,,,0,107,,9388,8,,,0
1501,'5563',832,,9391,8,,,0,221,,9389,8,,,0,370,,9390,8,,,0,110,,9392,8,,,0,219,,9394,8,,,0,150,,9393,8,,,0
3001,'4528',658,,9515,46,,,0,88,,9514,46,,,0,79,,9516,46,,,0,34,,8213,46,,,0,74,,8188,46,,,0,75,,9498,46,,,0,35,,9499,46,,,0,75,,9500,46,,,0,35,,9501,46,,,0,76,,9502,46,,,0,75,,9503,46,,,0,35,,9504,46,,,0,76,,9505,46,,,0,36,,8194,46,,,0,76,,8198,46,,,0,77,,9506,46,,,0,34,,8200,46,,,0,73,,8201,46,,,0,34,,9507,46,,,0,74,,9508,46,,,0,34,,9509,46,,,0,74,,9510,46,,,0,75,,9512,46,,,0,107,,9513,46,,,0,100,,8209,46,,,0,97,,9511,46,,,0,100,,8210,46,,,0
3001,'4532',1257,,8235,46,,,0,186,,8219,46,,,0,183,,8230,46,,,0,107,,8238,46,,,0,110,,8237,46,,,0
3001,'5221',836,,8245,46,,,0,272,,8239,46,,,0,221,,8246,46,,,0,329,,8241,46,,,0,252,,8240,46,,,0,115,,8244,46,,,0
3001,'5560',958,,8242,46,,,0,261,,8248,46,,,0,220,,8249,46,,,0,112,,8247,46,,,0,257,,8243,46,,,0
3001,'5562',811,,9533,46,,,0,108,,9526,46,,,0,37,,9529,46,,,0,76,,9528,46,,,0,77,,9525,46,,,0,35,,9530,46,,,0,77,,9520,46,,,0,111,,9535,46,,,0,76,,9518,46,,,0,106,,9524,46,,,0,37,,9532,46,,,0,149,,9522,46,,,0,108,,9517,46,,,0,109,,9521,46,,,0,35,,9523,46,,,0,148,,9531,46,,,0,108,,9519,46,,,0,100,,9534,46,,,0,101,,9527,46,,,0
3001,'5563',958,,9536,46,,,0,261,,9539,46,,,0,220,,9540,46,,,0,112,,9538,46,,,0,257,,9537,46,,,0
1001501,'4528',731,,9842,13,,,0,78,,9841,13,,,0,440,,9844,13,,,0,170,,9843,13,,,0,36,,8782,13,,,0,76,,8785,13,,,0,77,,9846,13,,,0,37,,8787,13,,,0,74,,8784,13,,,0,35,,9845,13,,,0,74,,8789,13,,,0
