801,'4614',611,,11891,35,,,0,137,,10318,20,,,0,70,,10304,35,,,0,96,,11479,35,,,0,200,,10300,35,,,0,107,,10310,35,,,0,102,,10303,35,,,0,202,,10306,35,,,0,101,,10305,35,,,0,99,,10316,35,,,0,99,,10308,35,,,0,98,,10309,35,,,0,100,,10307,35,,,0,99,,10313,35,,,0,99,,10314,35,,,0,100,,10317,35,,,0
801,'4616',709,,10335,35,,,0,303,,10337,35,,,0,101,,10338,35,,,0,107,,10346,35,,,0,102,,10347,35,,,0,202,,10340,35,,,0,100,,10341,35,,,0,100,,10349,35,,,0,199,,10334,35,,,0,100,,10343,35,,,0,99,,11477,35,,,0,99,,10345,35,,,0
801,'5289',1545,,10319,35,0,24 25 26 7,0
801,'5454',811,,10325,35,,,0,201,,10323,35,,,0,101,,10327,35,,,0,209,,10328,35,,,0,202,,10322,35,,,0,100,,10333,35,,,0,100,,10320,35,,,0,100,,10321,35,,,0,99,,10331,35,,,0,100,,10330,35,,,0
801,'5568',1445,,10350,35,0,24 25 26 7,0
801,'5658',709,,11892,20,,,0,203,,11895,35,,,0,308,,11893,35,,,0,203,,11894,35,,,0
801,'5659',710,,11888,35,,,0,304,,11890,35,,,0,411,,11889,35,,,0
801,'5660',710,,12482,35,,,0,304,,12484,35,,,0,411,,12483,35,,,0
801,'5661',709,,12485,20,,,0,203,,12488,35,,,0,308,,12486,35,,,0,203,,12487,35,,,0
801,'5663',811,,12492,35,,,0,101,,12489,35,,,0,511,,12490,35,,,0,401,,12491,35,,,0
