4001,'4614',1517,,12179,8,0,19 20 7,0
4001,'4619',1528,,12674,18,,,0
4001,'5289',1508,,12675,18,,,0,20,,12676,18,,,0,100,,12677,18,,,0
4001,'5658',712,,12185,18,,,0,102,,12187,18,,,0,101,,12189,18,,,0,100,,12191,18,,,0,30,,12192,18,,,0,70,,12193,18,,,0,31,,12194,18,,,0,70,,12195,18,,,0,30,,12196,18,,,0,70,,12197,18,,,0,30,,12198,18,,,0,70,,12199,18,,,0,30,,12200,18,,,0,70,,12201,18,,,0,30,,12202,18,,,0,70,,12203,18,,,0,30,,12204,18,,,0,70,,12205,18,,,0,29,,12206,18,,,0,70,,12207,18,,,0,30,,12208,18,,,0,70,,12190,18,,,0,30,,12188,18,,,0,70,,12186,18,,,0
4001,'5659',638,,12148,18,,,0,71,,12149,18,,,0,32,,12151,18,,,0,15,,12153,18,,,0,57,,12150,18,,,0,17,,12154,18,,,0,13,,12128,18,,,0,16,,12155,18,,,0,55,,12130,18,,,0,16,,12156,18,,,0,14,,12129,18,,,0,15,,12157,18,,,0,55,,12131,18,,,0,15,,12158,18,,,0,15,,12132,18,,,0,15,,12159,18,,,0,56,,12133,18,,,0,15,,12160,18,,,0,15,,12134,18,,,0,55,,12161,18,,,0,15,,12135,18,,,0,15,,12162,18,,,0,15,,12136,18,,,0,55,,12163,18,,,0,15,,12137,18,,,0,15,,12164,18,,,0,15,,12138,18,,,0,55,,12211,8,0,19 20 7,0,1,,12165,18,,,0,15,,12139,18,,,0,11,,12166,18,,,0,10,,12167,18,,,0,11,,12140,18,,,0,10,,12168,18,,,0,50,,12209,18,,,0,10,,12141,18,,,0,10,,12184,18,,,0,10,,12170,18,,,0,10,,12143,18,,,0,10,,12169,18,,,0,50,,12171,18,,,0,10,,12142,18,,,0,10,,12210,18,,,0,10,,12172,18,,,0,10,,12144,18,,,0,54,,12173,18,,,0,15,,12152,18,,,0,15,,12174,18,,,0,15,,12146,18,,,0,54,,12175,18,,,0,14,,12145,18,,,0,15,,12176,18,,,0,15,,12147,18,,,0,55,,12177,18,,,0,14,,12127,18,,,0,30,,12126,18,,,0,71,,12125,18,,,0,29,,12121,18,,,0,69,,12124,18,,,0,30,,12120,18,,,0,69,,12123,18,,,0,30,,12119,18,,,0,69,,12122,18,,,0,30,,12118,18,,,0,70,,12178,18,,,0
4001,'5660',638,,12708,18,,,0,71,,12709,18,,,0,32,,12711,18,,,0,15,,12713,18,,,0,57,,12710,18,,,0,17,,12714,18,,,0,13,,12688,18,,,0,16,,12715,18,,,0,55,,12690,18,,,0,16,,12716,18,,,0,14,,12689,18,,,0,15,,12717,18,,,0,55,,12691,18,,,0,15,,12718,18,,,0,15,,12692,18,,,0,15,,12719,18,,,0,56,,12693,18,,,0,15,,12720,18,,,0,15,,12694,18,,,0,55,,12721,18,,,0,15,,12695,18,,,0,15,,12722,18,,,0,15,,12696,18,,,0,55,,12723,18,,,0,15,,12697,18,,,0,15,,12724,18,,,0,15,,12698,18,,,0,56,,12725,18,,,0,15,,12699,18,,,0,11,,12726,18,,,0,10,,12727,18,,,0,11,,12700,18,,,0,10,,12728,18,,,0,60,,12701,18,,,0,20,,12730,18,,,0,10,,12703,18,,,0,10,,12729,18,,,0,50,,12731,18,,,0,10,,12702,18,,,0,20,,12732,18,,,0,10,,12704,18,,,0,54,,12733,18,,,0,15,,12712,18,,,0,15,,12734,18,,,0,15,,12706,18,,,0,54,,12735,18,,,0,14,,12705,18,,,0,15,,12736,18,,,0,15,,12707,18,,,0,55,,12737,18,,,0,14,,12687,18,,,0,30,,12686,18,,,0,71,,12685,18,,,0,29,,12681,18,,,0,69,,12684,18,,,0,30,,12680,18,,,0,69,,12683,18,,,0,30,,12679,18,,,0,69,,12682,18,,,0,30,,12678,18,,,0,70,,12738,18,,,0
4001,'5661',712,,12739,18,,,0,102,,12741,18,,,0,101,,12743,18,,,0,100,,12745,18,,,0,30,,12746,18,,,0,70,,12747,18,,,0,31,,12748,18,,,0,70,,12749,18,,,0,30,,12750,18,,,0,70,,12751,18,,,0,30,,12752,18,,,0,70,,12753,18,,,0,30,,12754,18,,,0,70,,12755,18,,,0,30,,12756,18,,,0,70,,12757,18,,,0,30,,12758,18,,,0,70,,12759,18,,,0,29,,12760,18,,,0,70,,12761,18,,,0,30,,12762,18,,,0,70,,12744,18,,,0,30,,12742,18,,,0,70,,12740,18,,,0
4001,'5662',1400,,12765,8,0,19 20 7,0,108,,12763,18,,,0,120,,12764,18,,,0
4001,'5663',713,,12766,18,,,0,102,,12767,18,,,0,30,,12768,18,,,0,70,,12769,18,,,0,30,,12770,18,,,0,70,,12771,18,,,0,30,,12772,18,,,0,71,,12773,18,,,0,30,,12774,18,,,0,69,,12775,18,,,0,30,,12776,18,,,0,70,,12777,18,,,0,30,,12778,18,,,0,70,,12779,18,,,0,30,,12780,18,,,0,71,,12781,18,,,0,30,,12782,18,,,0,71,,12783,18,,,0,30,,12784,18,,,0,70,,12785,18,,,0,30,,12786,18,,,0,69,,12787,18,,,0,29,,12788,18,,,0,70,,12789,18,,,0,30,,12790,18,,,0,70,,12791,18,,,0,29,,12792,18,,,0,70,,12793,18,,,0,99,,12794,18,,,0,99,,12795,18,,,0,100,,12796,18,,,0
4001,'5664',1528,,12797,18,,,0
