2000,'4528',551,,9400,6,0,9 12 2 5,0,107,,9401,6,0,9 12 2 5,0,145,,9402,6,0,9 12 2 5,0,39,,9395,6,,,0,110,,8034,6,,,0,149,,9396,6,,,0,105,,8036,6,0,9 12 2 5,0,114,,9397,6,,,0,38,,9398,6,,,0,150,,8039,6,,,0,20,,8040,6,0,9 12 2 5,0,278,,9399,6,,,0,136,,8042,6,0,9 12 2 5,0,204,,8043,6,0,9 12 2 5,0
2000,'4532',918,,8055,6,,,0,436,,8050,6,,,0,891,,8054,6,0,9 12 2 5,0
2000,'4623',1648,,9403,6,0,9 12 2 5,0
2000,'5221',815,,8060,6,,,0,696,,8064,6,,,0,225,,8061,6,,,0
2000,'5222',1648,,9404,6,0,9 12 2 5,0
2000,'5560',1033,,8063,6,,,0,218,,8062,6,,,0
2000,'5562',806,,9411,6,,,0,212,,9412,6,,,0,117,,9405,6,,,0,108,,9406,6,,,0,262,,9408,6,,,0,111,,9407,6,,,0,103,,9410,6,,,0,204,,9409,6,0,9 12 2 5,0,219,,9413,6,0,9 12 2 5,0
2000,'5563',1033,,9415,6,,,0,218,,9414,6,,,0
1002000,'4528',625,,9847,12,,,0,107,,9848,12,,,0,185,,9849,12,,,0,219,,8793,12,,,0,110,,9850,12,,,0,369,,9851,12,,,0,113,,9852,12,,,0,113,,9853,12,,,0,206,,9854,12,,,0,200,,8799,12,,,0
1002000,'4532',624,,8805,12,,,0,689,,8802,12,,,0,230,,8803,12,,,0,275,,8804,12,,,0,225,,8800,12,,,0
1002000,'4623',1027,,9855,12,,,0,397,,9856,12,,,0
1002000,'5221',918,,8815,12,,,0,209,,8814,12,,,0,231,,8819,12,,,0,497,,8817,12,,,0
1002000,'5222',1027,,9857,12,,,0,397,,9858,12,,,0
1002000,'5560',700,,8818,12,,,0,915,,8816,12,,,0
1002000,'5562',736,,9860,12,,,0,110,,9859,12,,,0,107,,9862,12,,,0,154,,9863,12,,,0,106,,9861,12,,,0,212,,9864,12,,,0,228,,9865,12,,,0
1002000,'5563',700,,9867,12,,,0,915,,9866,12,,,0
