2000,'4528',604,,9400,27,0,9 12 2 5,0,108,,9401,27,0,9 12 2 5,0,107,,9402,27,0,9 12 2 5,0,38,,9395,27,,,0,149,,8034,27,,,0,110,,9396,27,,,0,105,,8036,27,0,9 12 2 5,0,115,,9397,27,,,0,78,,9398,27,,,0,110,,8039,27,,,0,20,,8040,27,0,9 12 2 5,0,277,,9399,27,,,0,136,,8042,27,0,9 12 2 5,0,243,,8043,27,0,9 12 2 5,0
2000,'4532',932,,8055,27,,,0,477,,8050,27,,,0,849,,8054,27,0,9 12 2 5,0
2000,'4623',1704,,9403,27,0,9 12 2 5,0
2000,'5221',829,,8060,27,,,0,698,,8064,27,,,0,225,,8061,27,,,0
2000,'5222',1704,,9404,27,0,9 12 2 5,0
2000,'5560',1047,,8063,27,,,0,259,,8062,27,,,0
2000,'5562',820,,9411,27,,,0,212,,9412,27,,,0,118,,9405,27,,,0,108,,9406,27,,,0,262,,9408,27,,,0,111,,9407,27,,,0,103,,9410,27,,,0,204,,9409,27,0,9 12 2 5,0,218,,9413,27,0,9 12 2 5,0
2000,'5563',1047,,9415,27,,,0,259,,9414,27,,,0
1002000,'4528',638,,9847,33,,,0,108,,9848,33,,,0,184,,9849,33,,,0,220,,8793,33,,,0,150,,9850,33,,,0,330,,9851,33,,,0,113,,9852,33,,,0,112,,9853,33,,,0,245,,9854,33,,,0,200,,8799,33,,,0
1002000,'4532',637,,8805,33,,,0,689,,8802,33,,,0,230,,8803,33,,,0,275,,8804,33,,,0,225,,8800,33,,,0
1002000,'4623',1040,,9855,33,,,0,400,,9856,33,,,0
1002000,'5221',931,,8815,33,,,0,209,,8814,33,,,0,272,,8819,33,,,0,496,,8817,33,,,0
1002000,'5222',1040,,9857,33,,,0,400,,9858,33,,,0
1002000,'5560',713,,8818,33,,,0,917,,8816,33,,,0
1002000,'5562',749,,9860,33,,,0,110,,9859,33,,,0,147,,9862,33,,,0,114,,9863,33,,,0,106,,9861,33,,,0,212,,9864,33,,,0,268,,9865,33,,,0
1002000,'5563',713,,9867,33,,,0,917,,9866,33,,,0
