801,'4614',556,,11891,14,0,18,0,245,,10304,14,0,18,0,56,,11479,14,0,18,0,201,,10300,14,0,18,0,144,,10310,14,0,18,0,102,,10303,14,0,18,0,201,,10306,14,0,18,0,101,,10305,14,0,18,0,100,,10316,14,0,18,0,99,,10308,14,0,18,0,99,,10309,14,0,18,0,100,,10307,14,0,18,0,100,,10313,14,0,18,0,101,,10314,14,0,18,0,100,,10317,14,0,18,0
801,'4616',655,,10335,14,0,18,0,302,,10337,14,0,18,0,101,,10338,14,0,18,0,145,,10346,14,0,18,0,101,,10347,14,0,18,0,202,,10340,14,0,18,0,100,,10341,14,0,18,0,100,,10349,14,0,18,0,199,,10334,14,0,18,0,100,,10343,14,0,18,0,100,,11477,14,0,18,0,100,,10345,14,0,18,0
801,'5289',1525,,10319,14,0,18,0
801,'5454',757,,10325,14,0,18,0,200,,10323,14,0,18,0,101,,10327,14,0,18,0,246,,10328,14,0,18,0,202,,10322,14,0,18,0,100,,10333,14,0,18,0,100,,10320,14,0,18,0,100,,10321,14,0,18,0,99,,10331,14,0,18,0,100,,10330,14,0,18,0
801,'5568',1425,,10350,14,0,18,0
801,'5658',858,,11895,14,0,18,0,345,,11893,14,0,18,0,202,,11894,14,0,18,0
801,'5659',655,,11888,14,0,18,0,303,,11890,14,0,18,0,447,,11889,14,0,18,0
801,'5660',655,,12482,14,0,18,0,303,,12484,14,0,18,0,447,,12483,14,0,18,0
801,'5661',858,,12488,14,0,18,0,345,,12486,14,0,18,0,202,,12487,14,0,18,0
801,'5663',757,,12492,14,0,18,0,101,,12489,14,0,18,0,547,,12490,14,0,18,0,401,,12491,14,0,18,0
