3001,'4614',633,,10741,29,,,0,70,,10734,29,,,0,104,,10736,29,,,0,17,,10739,29,,,0,15,,10738,29,,,0,71,,10735,29,,,0,129,,10713,29,,,0,70,,11604,29,,,0,30,,10714,29,,,0,70,,10716,29,,,0,30,,10718,29,,,0,70,,10720,29,,,0,102,,10717,29,,,0,30,,10722,29,,,0,70,,10719,29,,,0,99,,10723,29,,,0,199,,10725,29,,,0,29,,10726,29,,,0,70,,10727,29,,,0,199,,10730,29,,,0,100,,10731,29,,,0,99,,10728,29,,,0,100,,10732,29,,,0
3001,'4616',738,,10757,29,,,0,100,,10758,29,,,0,100,,10759,29,,,0,71,,10760,29,,,0,30,,10761,29,,,0,70,,10762,29,,,0,30,,10763,29,,,0,101,,10765,29,,,0,70,,10766,29,,,0,30,,10767,29,,,0,70,,10768,29,,,0,30,,10769,29,,,0,100,,10771,29,,,0,70,,10772,29,,,0,99,,10774,29,,,0,129,,10777,29,,,0,70,,10778,29,,,0,200,,10780,29,,,0,297,,10783,29,,,0
3001,'5289',1541,,10743,29,,,0,169,,10742,29,,,0
3001,'5454',1009,,10746,29,,,0,100,,10747,29,,,0,201,,10749,29,,,0,100,,10750,29,,,0,200,,10752,29,,,0,100,,10753,29,,,0,197,,10755,29,,,0,100,,10756,29,,,0
3001,'5568',1541,,10785,29,,,0,169,,10784,29,,,0
3001,'5658',807,,12002,29,,,0,101,,12003,29,,,0,302,,12004,29,,,0,300,,12005,29,,,0,299,,12006,29,,,0
3001,'5659',733,,11999,29,,,0,121,,12001,29,,,0,85,,11994,29,,,0,70,,11995,29,,,0,332,,11996,29,,,0,299,,12000,29,,,0,100,,11997,29,,,0,268,,11998,29,,,0
3001,'5660',733,,12564,29,,,0,121,,12566,29,,,0,85,,12559,29,,,0,70,,12560,29,,,0,332,,12561,29,,,0,299,,12565,29,,,0,100,,12562,29,,,0,268,,12563,29,,,0
3001,'5661',807,,12567,29,,,0,101,,12568,29,,,0,302,,12569,29,,,0,300,,12570,29,,,0,299,,12571,29,,,0
3001,'5663',1210,,12572,29,,,0,300,,12573,29,,,0,130,,12574,29,,,0,100,,12575,29,,,0,68,,12576,29,,,0,200,,12577,29,,,0,199,,12578,29,,,0,99,,12579,29,,,0
