2000,'4528',608,,9400,32,0,9 12 2 5,0,108,,9401,32,0,9 12 2 5,0,108,,9402,32,0,9 12 2 5,0,402,,8036,32,0,9 12 2 5,0,323,,8040,32,0,9 12 2 5,0,452,,8042,32,0,9 12 2 5,0,203,,8043,32,0,9 12 2 5,0
2000,'4532',2302,,8054,32,0,9 12 2 5,0
2000,'4623',1709,,9403,32,0,9 12 2 5,0
2000,'5222',1709,,9404,32,0,9 12 2 5,0
2000,'5562',1942,,9409,32,0,9 12 2 5,0,258,,9413,32,0,9 12 2 5,0
2001,'4528',819,,8078,24,0,9 10 11,0,695,,9419,24,0,9 10 11,0,322,,8073,24,0,9 10 11,0,319,,8075,24,0,9 10 11,0,198,,8076,24,0,9 10 11,0
2001,'4532',2153,,8084,24,0,9 10 11,0,199,,8081,24,0,9 10 11,0
7201,'4528',731,,9797,27,,,0,78,,9795,27,,,0,34,,9796,27,,,0,74,,9781,27,,,0,35,,9782,27,,,0,75,,9784,27,,,0,76,,8596,27,,,0,35,,9783,27,,,0,75,,9785,27,,,0,35,,8595,27,,,0,75,,9786,27,,,0,35,,8599,27,,,0,75,,9787,27,,,0,110,,9788,27,,,0,75,,9789,27,,,0,35,,9790,27,,,0,75,,8604,27,,,0,74,,9791,27,,,0,35,,9792,27,,,0,75,,9794,27,,,0,35,,8609,27,,,0,105,,8610,27,,,0,100,,9793,27,,,0,98,,8611,27,,,0,99,,8612,27,,,0
7201,'4532',942,,8625,27,,,0,111,,8628,27,,,0,75,,8620,27,,,0,75,,8626,27,,,0,35,,8621,27,,,0,514,,8635,27,,,0,149,,8637,27,,,0
7201,'4623',1508,,9798,27,,,0
7201,'5221',809,,8641,27,,,0,224,,8645,27,,,0,116,,8646,27,,,0,104,,8644,27,,,0,155,,8648,27,,,0,107,,8649,27,,,0,111,,8650,27,,,0,216,,8642,27,,,0
7201,'5222',1508,,9799,27,,,0
7201,'5560',922,,8643,27,,,0,810,,8651,27,,,0,224,,8647,27,,,0
7201,'5562',736,,9802,27,,,0,110,,9800,27,,,0,174,,9803,27,,,0,293,,9807,27,,,0,43,,9808,27,,,0,67,,9809,27,,,0,83,,9810,27,,,0,27,,9811,27,,,0,83,,9812,27,,,0,27,,9801,27,,,0,77,,9813,27,,,0,107,,9814,27,,,0,109,,9816,27,,,0,96,,9815,27,,,0,122,,9804,27,,,0,100,,9805,27,,,0,99,,9806,27,,,0
7201,'5563',922,,9817,27,,,0,810,,9819,27,,,0,224,,9818,27,,,0
1002000,'4528',2104,,9854,38,,,0,200,,8799,38,,,0
1002000,'4532',641,,8805,38,,,0,689,,8802,38,,,0,270,,8803,38,,,0,235,,8804,38,,,0,265,,8800,38,,,0
1002000,'4623',1445,,9856,38,,,0
1002000,'5221',935,,8815,38,,,0,209,,8814,38,,,0,272,,8819,38,,,0,496,,8817,38,,,0
1002000,'5222',1445,,9858,38,,,0
1002000,'5560',717,,8818,38,,,0,917,,8816,38,,,0
1002000,'5562',753,,9860,38,,,0,150,,9859,38,,,0,107,,9862,38,,,0,114,,9863,38,,,0,106,,9861,38,,,0,212,,9864,38,,,0,268,,9865,38,,,0
1002000,'5563',717,,9867,38,,,0,917,,9866,38,,,0
1002001,'4528',1404,,9872,24,,,0,35,,9873,24,,,0,218,,9874,24,,,0,396,,9877,24,,,0,201,,9878,24,,,0
1002001,'4532',731,,8838,24,,,0,478,,8845,24,,,0,117,,8844,24,,,0,330,,8836,24,,,0,149,,8842,24,,,0,227,,8846,24,,,0,219,,8843,24,,,0
1002001,'4623',940,,9879,24,,,0,608,,9880,24,,,0
1002001,'5221',1019,,8853,24,,,0,232,,8849,24,,,0,262,,8851,24,,,0,217,,8850,24,,,0
1002001,'5222',940,,9881,24,,,0,608,,9882,24,,,0
1002001,'5560',807,,8854,24,,,0,1228,,8852,24,,,0
1002001,'5562',844,,9886,24,,,0,111,,9883,24,,,0,151,,9885,24,,,0,330,,9884,24,,,0,104,,9888,24,,,0,389,,9887,24,,,0
1002001,'5563',807,,9890,24,,,0,1228,,9889,24,,,0
