2000,'4528',605,,9400,29,0,9 12 2 5,0,108,,9401,29,0,9 12 2 5,0,108,,9402,29,0,9 12 2 5,0,402,,8036,29,0,9 12 2 5,0,323,,8040,29,0,9 12 2 5,0,412,,8042,29,0,9 12 2 5,0,243,,8043,29,0,9 12 2 5,0
2000,'4532',2259,,8054,29,0,9 12 2 5,0
2000,'4623',1706,,9403,29,0,9 12 2 5,0
2000,'5222',1706,,9404,29,0,9 12 2 5,0
2000,'5562',1939,,9409,29,0,9 12 2 5,0,218,,9413,29,0,9 12 2 5,0
2001,'4528',816,,8078,21,0,9 10 11,0,694,,9419,21,0,9 10 11,0,324,,8073,21,0,9 10 11,0,319,,8075,21,0,9 10 11,0,197,,8076,21,0,9 10 11,0
2001,'4532',2151,,8084,21,0,9 10 11,0,199,,8081,21,0,9 10 11,0
1002000,'4528',2101,,9854,35,,,0,200,,8799,35,,,0
1002000,'4532',638,,8805,35,,,0,689,,8802,35,,,0,230,,8803,35,,,0,275,,8804,35,,,0,225,,8800,35,,,0
1002000,'4623',1442,,9856,35,,,0
1002000,'5221',932,,8815,35,,,0,209,,8814,35,,,0,272,,8819,35,,,0,496,,8817,35,,,0
1002000,'5222',1442,,9858,35,,,0
1002000,'5560',714,,8818,35,,,0,917,,8816,35,,,0
1002000,'5562',750,,9860,35,,,0,150,,9859,35,,,0,107,,9862,35,,,0,114,,9863,35,,,0,106,,9861,35,,,0,212,,9864,35,,,0,268,,9865,35,,,0
1002000,'5563',714,,9867,35,,,0,917,,9866,35,,,0
1002001,'4528',1400,,9872,21,,,0,35,,9873,21,,,0,219,,9874,21,,,0,397,,9877,21,,,0,200,,9878,21,,,0
1002001,'4532',729,,8838,21,,,0,478,,8845,21,,,0,117,,8844,21,,,0,330,,8836,21,,,0,149,,8842,21,,,0,227,,8846,21,,,0,219,,8843,21,,,0
1002001,'4623',937,,9879,21,,,0,608,,9880,21,,,0
1002001,'5221',1017,,8853,21,,,0,232,,8849,21,,,0,262,,8851,21,,,0,217,,8850,21,,,0
1002001,'5222',937,,9881,21,,,0,608,,9882,21,,,0
1002001,'5560',805,,8854,21,,,0,1228,,8852,21,,,0
1002001,'5562',842,,9886,21,,,0,111,,9883,21,,,0,151,,9885,21,,,0,330,,9884,21,,,0,104,,9888,21,,,0,389,,9887,21,,,0
1002001,'5563',805,,9890,21,,,0,1228,,9889,21,,,0
