1501,'4614',849,,10497,14,,,0,93,,10499,14,,,0,69,,10496,14,,,0,27,,10500,14,,,0,70,,11587,14,,,0,30,,10502,14,,,0,174,,10505,14,,,0,31,,10504,14,,,0,569,,10507,14,,,0,99,,10506,14,,,0,100,,10508,14,,,0
1501,'4616',800,,10528,14,,,0,107,,10532,14,,,0,103,,10529,14,,,0,101,,10526,14,,,0,99,,10530,14,,,0,101,,10527,14,,,0,101,,10525,14,,,0,99,,10520,14,,,0,201,,10523,14,,,0,99,,10533,14,,,0,100,,10524,14,,,0,100,,10521,14,,,0,100,,10531,14,,,0
1501,'5289',912,,12515,14,,,0
1501,'5454',1008,,10518,14,,,0,202,,10514,14,,,0,100,,10511,14,,,0,100,,10519,14,,,0,100,,10512,14,,,0,200,,10510,14,,,0,101,,10517,14,,,0
1501,'5658',800,,11950,14,,,0,309,,11949,14,,,0,501,,11951,14,,,0,301,,11952,14,,,0
1501,'5659',912,,11953,14,,,0,296,,11947,14,,,0
1501,'5660',1208,,12516,14,,,0
1501,'5661',800,,12518,14,,,0,309,,12517,14,,,0,501,,12519,14,,,0,301,,12520,14,,,0
1501,'5662',912,,12521,14,,,0
1501,'5663',1611,,12522,14,,,0
3001,'4614',652,,10741,52,,,0,72,,10734,52,,,0,107,,10736,52,,,0,15,,10739,52,,,0,55,,10738,52,,,0,30,,10735,52,,,0,171,,10713,52,,,0,30,,11604,52,,,0,70,,10714,52,,,0,31,,10716,52,,,0,70,,10718,52,,,0,30,,10720,52,,,0,102,,10717,52,,,0,71,,10722,52,,,0,31,,10719,52,,,0,97,,10723,52,,,0,196,,10725,52,,,0,28,,10726,52,,,0,69,,10727,52,,,0,198,,10730,52,,,0,100,,10731,52,,,0,99,,10728,52,,,0,99,,10732,52,,,0
3001,'4616',757,,10757,52,,,0,102,,10758,52,,,0,100,,10759,52,,,0,72,,10760,52,,,0,70,,10761,52,,,0,30,,10762,52,,,0,70,,10763,52,,,0,101,,10765,52,,,0,30,,10766,52,,,0,70,,10767,52,,,0,30,,10768,52,,,0,70,,10769,52,,,0,100,,10771,52,,,0,29,,10772,52,,,0,98,,10774,52,,,0,128,,10777,52,,,0,69,,10778,52,,,0,200,,10780,52,,,0,297,,10783,52,,,0
3001,'5289',1606,,10743,52,,,0,126,,10742,52,,,0
3001,'5454',1030,,10746,52,,,0,100,,10747,52,,,0,202,,10749,52,,,0,100,,10750,52,,,0,198,,10752,52,,,0,99,,10753,52,,,0,196,,10755,52,,,0,100,,10756,52,,,0
3001,'5568',1606,,10785,52,,,0,126,,10784,52,,,0
3001,'5658',827,,12002,52,,,0,101,,12003,52,,,0,304,,12004,52,,,0,299,,12005,52,,,0,296,,12006,52,,,0
3001,'5659',755,,11999,52,,,0,160,,12001,52,,,0,86,,11994,52,,,0,31,,11995,52,,,0,373,,11996,52,,,0,299,,12000,52,,,0,98,,11997,52,,,0,224,,11998,52,,,0
3001,'5660',755,,12564,52,,,0,160,,12566,52,,,0,86,,12559,52,,,0,31,,12560,52,,,0,373,,12561,52,,,0,299,,12565,52,,,0,98,,12562,52,,,0,224,,12563,52,,,0
3001,'5661',827,,12567,52,,,0,101,,12568,52,,,0,304,,12569,52,,,0,299,,12570,52,,,0,296,,12571,52,,,0
3001,'5663',1232,,12572,52,,,0,300,,12573,52,,,0,168,,12574,52,,,0,59,,12575,52,,,0,68,,12576,52,,,0,199,,12577,52,,,0,199,,12578,52,,,0,99,,12579,52,,,0
1001501,'4614',805,,12329,19,,,0,442,,11354,19,,,0,174,,11355,19,,,0,35,,11356,19,,,0,73,,11357,19,,,0,28,,11358,19,,,0,75,,11359,19,,,0,69,,11360,19,,,0,28,,11361,19,,,0,30,,11363,19,,,0,69,,11362,19,,,0
1001501,'5659',735,,12330,19,,,0
1001501,'5660',735,,12879,19,,,0
