1500,'4614',900,,10456,2,,,0,54,,10457,2,,,0,70,,10461,2,,,0,32,,10459,2,,,0,71,,10460,2,,,0,31,,10458,2,,,0,143,,10465,2,,,0,28,,10464,2,,,0,73,,10463,2,,,0,23,,10462,2,,,0,405,,10466,2,,,0,100,,10467,2,,,0,100,,10468,2,,,0
1500,'4616',925,,10494,2,,,0,100,,10492,2,,,0,105,,10488,2,,,0,100,,10487,2,,,0,101,,10485,2,,,0,101,,10490,2,,,0,100,,10491,2,,,0,99,,10495,2,,,0,200,,10483,2,,,0,101,,10486,2,,,0,100,,11584,2,,,0
1500,'5454',726,,10477,2,,,0,199,,10481,2,,,0,100,,10474,2,,,0,205,,10478,2,,,0,100,,10470,2,,,0,102,,10473,2,,,0,100,,10469,2,,,0,100,,10479,2,,,0,100,,10480,2,,,0,100,,10475,2,,,0
1500,'5658',827,,11943,2,,,0,302,,11942,2,,,0,803,,11941,2,,,0
1500,'5659',924,,11940,2,,,0
1500,'5660',924,,12508,2,,,0
1500,'5661',827,,12511,2,,,0,302,,12510,2,,,0,803,,12509,2,,,0
1500,'5663',726,,12514,2,,,0,101,,12513,2,,,0,905,,12512,2,,,0
3000,'4614',646,,10665,3,,,0,55,,10669,3,,,0,15,,10661,3,,,0,99,,10668,3,,,0,31,,10662,3,,,0,70,,10640,3,,,0,30,,10641,3,,,0,170,,10644,3,,,0,30,,11602,3,,,0,70,,10646,3,,,0,30,,10648,3,,,0,70,,10649,3,,,0,103,,10647,3,,,0,30,,10651,3,,,0,71,,10666,3,,,0,31,,10652,3,,,0,69,,10667,3,,,0,29,,10653,3,,,0,199,,10656,3,,,0,100,,10657,3,,,0,200,,10659,3,,,0,100,,10660,3,,,0
3000,'4616',616,,10684,3,,,0,100,,10685,3,,,0,100,,10686,3,,,0,100,,10688,3,,,0,30,,10689,3,,,0,70,,10690,3,,,0,30,,10691,3,,,0,70,,10692,3,,,0,30,,10693,3,,,0,70,,10694,3,,,0,101,,10696,3,,,0,30,,10697,3,,,0,100,,10699,3,,,0,170,,10702,3,,,0,30,,10703,3,,,0,99,,10705,3,,,0,402,,10709,3,,,0,100,,10710,3,,,0
3000,'5454',748,,10672,3,,,0,300,,10675,3,,,0,100,,10676,3,,,0,200,,10678,3,,,0,100,,10679,3,,,0,200,,10681,3,,,0,100,,10682,3,,,0,100,,10683,3,,,0
3000,'5658',648,,11980,3,,,0,200,,11981,3,,,0,100,,11982,3,,,0,300,,11983,3,,,0,300,,11984,3,,,0
3000,'5659',616,,11977,3,,,0,114,,11979,3,,,0,15,,11978,3,,,0,271,,11971,3,,,0,30,,11972,3,,,0,300,,11973,3,,,0,373,,11974,3,,,0,30,,11975,3,,,0,299,,11976,3,,,0
3000,'5660',616,,12542,3,,,0,114,,12544,3,,,0,15,,12543,3,,,0,271,,12536,3,,,0,30,,12537,3,,,0,300,,12538,3,,,0,373,,12539,3,,,0,30,,12540,3,,,0,299,,12541,3,,,0
3000,'5661',648,,12545,3,,,0,200,,12546,3,,,0,100,,12547,3,,,0,300,,12548,3,,,0,300,,12549,3,,,0
3000,'5663',846,,12550,3,,,0,400,,12551,3,,,0,170,,12552,3,,,0,100,,12553,3,,,0,31,,12554,3,,,0,170,,12555,3,,,0,131,,12556,3,,,0,100,,12557,3,,,0,100,,12558,3,,,0
1001500,'4614',722,,11343,2,,,0,28,,11341,2,,,0,474,,11345,2,,,0,232,,11351,2,,,0,67,,11347,2,,,0,30,,11346,2,,,0,71,,11348,2,,,0,35,,11349,2,,,0,65,,11350,2,,,0
1001500,'5289',823,,12876,2,,,0
1001500,'5659',642,,12326,2,,,0,181,,12328,2,,,0
1001500,'5660',642,,12877,2,,,0
1001500,'5662',823,,12878,2,,,0
