4000,'4614',639,,10853,20,,,0,15,,10879,20,,,0,78,,10880,20,0,6 7,0,7,,11643,20,,,0,12,,10884,20,0,6 7,0,68,,11648,20,0,6 7,0,92,,10831,20,,,0,15,,11644,20,,,0,99,,10860,20,,,0,200,,10864,20,,,0,217,,10841,20,,,0,568,,10827,20,,,0,30,,10825,20,,,0
4000,'4616',739,,10937,20,,,0,70,,10938,20,,,0,30,,10939,20,,,0,473,,10914,20,,,0,101,,10917,20,,,0,30,,11638,20,,,0,70,,10929,20,,,0,30,,10924,20,,,0,70,,10911,20,,,0
4000,'4619',1727,,12075,20,,,0
4000,'4931',1727,,12076,20,,,0
4000,'5454',941,,10892,20,,,0,99,,10894,20,,,0,502,,10904,20,,,0,70,,10905,20,,,0
4000,'5658',709,,12077,20,,,0,100,,12079,20,,,0,100,,12081,20,,,0,101,,12082,20,,,0,100,,12083,20,,,0,30,,12084,20,,,0,70,,12085,20,,,0,30,,12086,20,,,0,72,,12087,20,,,0,30,,12088,20,,,0,70,,12089,20,,,0,32,,12090,20,,,0,68,,12091,20,,,0,130,,12092,20,,,0,70,,12093,20,,,0,28,,12094,20,,,0,70,,12095,20,,,0,30,,12096,20,,,0,70,,12078,20,,,0,30,,12080,20,,,0
4000,'5659',609,,12051,20,,,0,100,,12052,20,,,0,15,,12072,20,,,0,23,,12073,20,0,6 7,0,9,,12071,20,,,0,48,,12074,20,0,6 7,0,7,,12053,20,,,0,15,,12070,20,,,0,15,,12031,20,,,0,15,,12054,20,,,0,85,,12032,20,,,0,14,,12055,20,,,0,55,,12033,20,,,0,30,,12034,20,,,0,15,,12056,20,,,0,55,,12035,20,,,0,15,,12057,20,,,0,15,,12036,20,,,0,15,,12058,20,,,0,55,,12037,20,,,0,30,,12038,20,,,0,15,,12059,20,,,0,55,,12039,20,,,0,15,,12060,20,,,0,15,,12040,20,,,0,16,,12061,20,,,0,56,,12041,20,,,0,15,,12062,20,,,0,30,,12063,20,,,0,55,,12042,20,,,0,15,,12064,20,,,0,15,,12043,20,,,0,15,,12065,20,,,0,55,,12044,20,,,0,15,,12066,20,,,0,15,,12045,20,,,0,15,,12067,20,,,0,55,,12046,20,,,0,29,,12047,20,,,0,15,,12068,20,,,0,55,,12048,20,,,0,29,,12049,20,,,0,70,,12050,20,,,0,30,,12028,20,,,0,170,,12029,20,,,0,29,,12027,20,,,0,70,,12030,20,,,0,30,,12026,20,,,0,69,,12069,20,,,0
4000,'5660',609,,12609,20,,,0,100,,12610,20,,,0,15,,12630,20,,,0,23,,12631,20,0,6 7,0,9,,12629,20,,,0,48,,12632,20,0,6 7,0,7,,12611,20,,,0,15,,12628,20,,,0,15,,12589,20,,,0,15,,12612,20,,,0,85,,12590,20,,,0,14,,12613,20,,,0,55,,12591,20,,,0,30,,12592,20,,,0,15,,12614,20,,,0,55,,12593,20,,,0,15,,12615,20,,,0,15,,12594,20,,,0,15,,12616,20,,,0,55,,12595,20,,,0,30,,12596,20,,,0,15,,12617,20,,,0,55,,12597,20,,,0,15,,12618,20,,,0,15,,12598,20,,,0,16,,12619,20,,,0,56,,12599,20,,,0,15,,12620,20,,,0,30,,12621,20,,,0,55,,12600,20,,,0,15,,12622,20,,,0,15,,12601,20,,,0,15,,12623,20,,,0,55,,12602,20,,,0,15,,12624,20,,,0,15,,12603,20,,,0,15,,12625,20,,,0,55,,12604,20,,,0,29,,12605,20,,,0,15,,12626,20,,,0,55,,12606,20,,,0,29,,12607,20,,,0,70,,12608,20,,,0,30,,12586,20,,,0,170,,12587,20,,,0,29,,12585,20,,,0,70,,12588,20,,,0,30,,12584,20,,,0,69,,12627,20,,,0
4000,'5661',709,,12633,20,,,0,100,,12635,20,,,0,100,,12637,20,,,0,101,,12638,20,,,0,100,,12639,20,,,0,30,,12640,20,,,0,70,,12641,20,,,0,30,,12642,20,,,0,72,,12643,20,,,0,30,,12644,20,,,0,70,,12645,20,,,0,32,,12646,20,,,0,68,,12647,20,,,0,130,,12648,20,,,0,70,,12649,20,,,0,28,,12650,20,,,0,70,,12651,20,,,0,30,,12652,20,,,0,70,,12634,20,,,0,30,,12636,20,,,0
4000,'5663',639,,12672,20,,,0,270,,12673,20,,,0,31,,12661,20,,,0,70,,12658,20,,,0,30,,12656,20,,,0,71,,12665,20,,,0,30,,12671,20,,,0,71,,12653,20,,,0,30,,12657,20,,,0,100,,12667,20,,,0,301,,12659,20,,,0,68,,12660,20,,,0,30,,12664,20,,,0,70,,12662,20,,,0,30,,12666,20,,,0,70,,12669,20,,,0,29,,12655,20,,,0,70,,12663,20,,,0,100,,12668,20,,,0,100,,12654,20,,,0,99,,12670,20,,,0
