4000,'4614',625,,10853,1,,,0,15,,10879,1,,,0,78,,10880,1,0,6 7,0,7,,11643,1,,,0,10,,10884,1,0,6 7,0,68,,11648,1,0,6 7,0,52,,10831,1,,,0,55,,11644,1,,,0,100,,10860,1,,,0,200,,10864,1,,,0,215,,10841,1,,,0,530,,10827,1,,,0,70,,10825,1,,,0
4000,'4616',725,,10937,1,,,0,30,,10938,1,,,0,70,,10939,1,,,0,431,,10914,1,,,0,100,,10917,1,,,0,70,,11638,1,,,0,30,,10929,1,,,0,70,,10924,1,,,0,30,,10911,1,,,0
4000,'4619',1710,,12075,1,,,0
4000,'4931',1710,,12076,1,,,0
4000,'5454',925,,10892,1,,,0,100,,10894,1,,,0,500,,10904,1,,,0,30,,10905,1,,,0
4000,'5658',655,,12077,1,,,0,100,,12079,1,,,0,100,,12081,1,,,0,100,,12082,1,,,0,100,,12083,1,,,0,70,,12084,1,,,0,30,,12085,1,,,0,70,,12086,1,,,0,31,,12087,1,,,0,70,,12088,1,,,0,30,,12089,1,,,0,71,,12090,1,,,0,28,,12091,1,,,0,170,,12092,1,,,0,30,,12093,1,,,0,69,,12094,1,,,0,31,,12095,1,,,0,70,,12096,1,,,0,30,,12078,1,,,0,70,,12080,1,,,0
4000,'5659',555,,12051,1,,,0,100,,12052,1,,,0,55,,12072,1,,,0,21,,12073,1,0,6 7,0,9,,12071,1,,,0,8,,12074,1,0,6 7,0,7,,12053,1,,,0,55,,12070,1,,,0,15,,12031,1,,,0,15,,12054,1,,,0,85,,12032,1,,,0,15,,12055,1,,,0,15,,12033,1,,,0,70,,12034,1,,,0,15,,12056,1,,,0,15,,12035,1,,,0,55,,12057,1,,,0,15,,12036,1,,,0,15,,12058,1,,,0,15,,12037,1,,,0,70,,12038,1,,,0,15,,12059,1,,,0,15,,12039,1,,,0,55,,12060,1,,,0,15,,12040,1,,,0,15,,12061,1,,,0,15,,12041,1,,,0,55,,12062,1,,,0,30,,12063,1,,,0,15,,12042,1,,,0,55,,12064,1,,,0,15,,12043,1,,,0,15,,12065,1,,,0,15,,12044,1,,,0,55,,12066,1,,,0,15,,12045,1,,,0,15,,12067,1,,,0,15,,12046,1,,,0,70,,12047,1,,,0,15,,12068,1,,,0,15,,12048,1,,,0,70,,12049,1,,,0,30,,12050,1,,,0,70,,12028,1,,,0,130,,12029,1,,,0,70,,12027,1,,,0,30,,12030,1,,,0,70,,12026,1,,,0,30,,12069,1,,,0
4000,'5660',555,,12609,1,,,0,100,,12610,1,,,0,55,,12630,1,,,0,21,,12631,1,0,6 7,0,9,,12629,1,,,0,8,,12632,1,0,6 7,0,7,,12611,1,,,0,55,,12628,1,,,0,15,,12589,1,,,0,15,,12612,1,,,0,85,,12590,1,,,0,15,,12613,1,,,0,15,,12591,1,,,0,70,,12592,1,,,0,15,,12614,1,,,0,15,,12593,1,,,0,55,,12615,1,,,0,15,,12594,1,,,0,15,,12616,1,,,0,15,,12595,1,,,0,70,,12596,1,,,0,15,,12617,1,,,0,15,,12597,1,,,0,55,,12618,1,,,0,15,,12598,1,,,0,15,,12619,1,,,0,15,,12599,1,,,0,55,,12620,1,,,0,30,,12621,1,,,0,15,,12600,1,,,0,55,,12622,1,,,0,15,,12601,1,,,0,15,,12623,1,,,0,15,,12602,1,,,0,55,,12624,1,,,0,15,,12603,1,,,0,15,,12625,1,,,0,15,,12604,1,,,0,70,,12605,1,,,0,15,,12626,1,,,0,15,,12606,1,,,0,70,,12607,1,,,0,30,,12608,1,,,0,70,,12586,1,,,0,130,,12587,1,,,0,70,,12585,1,,,0,30,,12588,1,,,0,70,,12584,1,,,0,30,,12627,1,,,0
4000,'5661',655,,12633,1,,,0,100,,12635,1,,,0,100,,12637,1,,,0,100,,12638,1,,,0,100,,12639,1,,,0,70,,12640,1,,,0,30,,12641,1,,,0,70,,12642,1,,,0,31,,12643,1,,,0,70,,12644,1,,,0,30,,12645,1,,,0,71,,12646,1,,,0,28,,12647,1,,,0,170,,12648,1,,,0,30,,12649,1,,,0,69,,12650,1,,,0,31,,12651,1,,,0,70,,12652,1,,,0,30,,12634,1,,,0,70,,12636,1,,,0
4000,'5663',625,,12672,1,,,0,230,,12673,1,,,0,70,,12661,1,,,0,30,,12658,1,,,0,70,,12656,1,,,0,30,,12665,1,,,0,70,,12671,1,,,0,31,,12653,1,,,0,70,,12657,1,,,0,100,,12667,1,,,0,300,,12659,1,,,0,29,,12660,1,,,0,70,,12664,1,,,0,30,,12662,1,,,0,70,,12666,1,,,0,30,,12669,1,,,0,70,,12655,1,,,0,30,,12663,1,,,0,100,,12668,1,,,0,100,,12654,1,,,0,100,,12670,1,,,0
