701,'4614',727,,10262,35,,,0,78,,11476,35,,,0,226,,10259,35,,,0,100,,10265,35,,,0,94,,10247,35,,,0,103,,11474,35,,,0,102,,10255,35,,,0,100,,10249,35,,,0,201,,10263,35,,,0,27,,10266,35,,,0,70,,10258,35,,,0,197,,10257,35,,,0,100,,10260,35,,,0,100,,10261,35,,,0,100,,10246,35,,,0
701,'4616',725,,10287,35,,,0,102,,10297,35,,,0,102,,10288,35,,,0,100,,10292,35,,,0,196,,10289,35,,,0,102,,10290,35,,,0,202,,10285,35,,,0,100,,10286,35,,,0,200,,10293,35,,,0,198,,10294,35,,,0
701,'5289',1631,,10267,35,,,0
701,'5454',929,,10280,35,,,0,100,,11473,35,,,0,196,,10272,35,,,0,102,,10271,35,,,0,101,,11472,35,,,0,101,,10269,35,,,0,100,,10281,35,,,0,200,,10276,35,,,0,98,,10270,35,,,0,100,,10268,35,,,0
701,'5568',1631,,10299,35,,,0
701,'5658',725,,11877,35,,,0,102,,11880,35,,,0,303,,11878,35,,,0,599,,11879,35,,,0
701,'5659',628,,11873,22,,,0,207,,11871,35,,,0,96,,11872,35,,,0,770,,11875,35,,,0,156,,11876,35,,,0,69,,11874,35,,,0
701,'5660',628,,12467,22,,,0,207,,12465,35,,,0,96,,12466,35,,,0,770,,12469,35,,,0,156,,12470,35,,,0,69,,12468,35,,,0
701,'5661',725,,12471,35,,,0,102,,12474,35,,,0,303,,12472,35,,,0,599,,12473,35,,,0
701,'5663',1130,,12475,35,,,0,298,,12476,35,,,0,301,,12481,35,,,0,198,,12477,35,,,0,200,,12479,35,,,0,99,,12478,35,,,0,99,,12480,35,,,0
