1500,'4614',904,,10456,8,,,0,24,,11940,8,,,0,30,,10457,8,,,0,70,,10461,8,,,0,72,,10459,8,,,0,31,,10460,8,,,0,71,,10458,8,,,0,103,,10465,8,,,0,28,,10464,8,,,0,74,,10463,8,,,0,24,,10462,8,,,0,403,,10466,8,,,0,100,,10467,8,,,0,99,,10468,8,,,0
1500,'4616',929,,10494,8,,,0,100,,10492,8,,,0,105,,10488,8,,,0,101,,10487,8,,,0,101,,10485,8,,,0,101,,10490,8,,,0,100,,10491,8,,,0,99,,10495,8,,,0,199,,10483,8,,,0,101,,10486,8,,,0,100,,11584,8,,,0
1500,'5454',729,,10477,8,,,0,101,,11943,8,,,0,98,,10481,8,,,0,101,,10474,8,,,0,105,,11942,8,,,0,101,,10478,8,,,0,100,,10470,8,,,0,102,,10473,8,,,0,100,,10469,8,,,0,100,,10479,8,,,0,100,,10480,8,,,0,99,,10475,8,,,0,100,,11941,8,,,0
1500,'5640',729,,11946,8,,,0,101,,11945,8,,,0,906,,11944,8,,,0
3000,'4614',619,,11977,9,,,0,30,,10665,9,,,0,55,,10669,9,,,0,16,,10661,9,,,0,14,,11979,9,,,0,15,,11978,9,,,0,70,,10668,9,,,0,31,,10662,9,,,0,70,,10640,9,,,0,30,,10641,9,,,0,70,,11971,9,,,0,30,,11972,9,,,0,71,,10644,9,,,0,30,,11602,9,,,0,70,,10646,9,,,0,30,,10648,9,,,0,70,,10649,9,,,0,30,,11973,9,,,0,72,,10647,9,,,0,30,,10651,9,,,0,71,,10666,9,,,0,31,,10652,9,,,0,69,,10667,9,,,0,29,,10653,9,,,0,70,,11974,9,,,0,30,,11975,9,,,0,100,,10656,9,,,0,99,,10657,9,,,0,100,,11976,9,,,0,100,,10659,9,,,0,99,,10660,9,,,0
3000,'4616',619,,10684,9,,,0,100,,10685,9,,,0,100,,10686,9,,,0,101,,10688,9,,,0,30,,10689,9,,,0,70,,10690,9,,,0,31,,10691,9,,,0,70,,10692,9,,,0,30,,10693,9,,,0,70,,10694,9,,,0,100,,10696,9,,,0,30,,10697,9,,,0,100,,10699,9,,,0,170,,10702,9,,,0,30,,10703,9,,,0,100,,10705,9,,,0,401,,10709,9,,,0,99,,10710,9,,,0
3000,'5454',651,,11980,9,,,0,100,,10672,9,,,0,101,,11981,9,,,0,100,,11982,9,,,0,100,,10675,9,,,0,101,,10676,9,,,0,100,,11983,9,,,0,100,,10678,9,,,0,100,,10679,9,,,0,100,,11984,9,,,0,100,,10681,9,,,0,100,,10682,9,,,0,99,,10683,9,,,0
3000,'5640',850,,11985,9,,,0,401,,11986,9,,,0,169,,11987,9,,,0,100,,11988,9,,,0,31,,11989,9,,,0,170,,11990,9,,,0,132,,11991,9,,,0,100,,11992,9,,,0,99,,11993,9,,,0
1001500,'4614',645,,12326,8,,,0,80,,11343,8,,,0,30,,11341,8,,,0,473,,11345,8,,,0,274,,11351,8,,,0,26,,11347,8,,,0,30,,11346,8,,,0,71,,11348,8,,,0,75,,11349,8,,,0,24,,11350,8,,,0
1001500,'5289',827,,12327,8,,,0
1001500,'5568',827,,12328,8,,,0
