101,'4614',647,,12397,12,,,0,61,,12396,12,,,0,20,,10025,12,,,0,22,,10019,12,,,0,80,,10034,12,,,0,22,,11456,12,,,0,60,,10018,12,,,0,26,,12395,12,,,0,70,,10014,12,,,0,30,,11455,12,,,0,70,,10005,12,,,0,30,,10016,12,,,0,70,,10006,12,,,0,29,,10012,12,,,0,70,,10033,12,,,0,30,,10013,12,,,0,70,,10009,12,,,0,30,,12394,12,,,0,70,,12399,12,,,0,20,,12392,12,,,0,20,,9994,12,,,0,60,,10020,12,,,0,20,,9996,12,,,0,20,,10004,12,,,0,60,,9995,12,,,0,20,,12393,12,,,0,20,,10008,12,,,0,60,,10032,12,,,0,101,,12388,12,,,0,30,,10027,12,,,0,73,,12389,12,,,0,30,,12398,12,,,0,70,,12390,12,,,0,30,,10029,12,,,0,70,,12391,12,,,0,30,,10028,12,,,0,70,,10003,12,,,0,30,,10030,12,,,0,70,,12387,12,,,0,30,,9997,12,,,0
101,'4616',708,,12412,12,,,0,30,,12413,12,,,0,70,,12414,12,,,0,30,,10068,12,,,0,70,,10069,12,,,0,30,,10070,12,,,0,70,,12415,12,,,0,29,,12416,12,,,0,70,,10073,12,,,0,30,,10074,12,,,0,70,,12417,12,,,0,30,,10076,12,,,0,70,,10077,12,,,0,30,,10078,12,,,0,70,,12418,12,,,0,30,,12419,12,,,0,70,,12420,12,,,0,30,,10082,12,,,0,70,,11449,12,,,0,30,,10084,12,,,0,70,,10085,12,,,0,31,,10086,12,,,0,70,,12421,12,,,0,30,,10088,12,,,0,70,,10089,12,,,0,30,,12422,12,,,0,73,,12423,12,,,0,30,,10092,12,,,0,70,,12424,12,,,0,30,,10094,12,,,0,70,,12425,12,,,0,30,,10096,12,,,0,70,,10097,12,,,0,31,,10098,12,,,0,100,,12426,12,,,0
101,'4619',1838,,11801,12,,,0
101,'4931',1838,,11802,12,,,0
101,'5289',810,,12386,12,,,0
101,'5454',808,,10046,12,,,0,30,,12405,12,,,0,71,,10049,12,,,0,30,,12403,12,,,0,70,,12407,12,,,0,30,,10045,12,,,0,70,,10055,12,,,0,30,,12408,12,,,0,69,,10039,12,,,0,30,,10043,12,,,0,70,,10056,12,,,0,30,,12410,12,,,0,70,,12409,12,,,0,30,,12401,12,,,0,70,,12404,12,,,0,30,,11452,12,,,0,70,,12402,12,,,0,30,,10040,12,,,0,70,,10047,12,,,0,30,,10041,12,,,0,70,,10062,12,,,0,30,,10061,12,,,0,70,,10050,12,,,0,30,,12400,12,,,0,73,,10054,12,,,0,30,,10063,12,,,0,70,,12406,12,,,0,30,,10064,12,,,0
101,'5568',810,,12411,12,,,0
1501,'4614',849,,10497,15,,,0,93,,10499,15,,,0,69,,10496,15,,,0,27,,10500,15,,,0,70,,11587,15,,,0,30,,10502,15,,,0,70,,12516,15,,,0,104,,10505,15,,,0,31,,10504,15,,,0,570,,10507,15,,,0,98,,10506,15,,,0,100,,10508,15,,,0
1501,'4616',800,,10528,15,,,0,108,,10532,15,,,0,102,,10529,15,,,0,101,,10526,15,,,0,99,,10530,15,,,0,101,,10527,15,,,0,101,,10525,15,,,0,100,,10520,15,,,0,100,,12522,15,,,0,101,,10523,15,,,0,98,,10533,15,,,0,100,,10524,15,,,0,100,,10521,15,,,0,100,,10531,15,,,0
1501,'5289',912,,12515,15,,,0
1501,'5454',801,,12518,15,,,0,208,,10518,15,,,0,100,,12517,15,,,0,101,,10514,15,,,0,100,,10511,15,,,0,100,,10519,15,,,0,100,,10512,15,,,0,101,,12519,15,,,0,100,,10510,15,,,0,100,,10517,15,,,0,100,,12520,15,,,0
1501,'5568',912,,12521,15,,,0
3001,'4614',653,,10741,53,,,0,72,,10734,53,,,0,31,,12564,53,,,0,75,,10736,53,,,0,16,,10739,53,,,0,55,,10738,53,,,0,14,,12566,53,,,0,16,,10735,53,,,0,69,,12559,53,,,0,31,,12560,53,,,0,70,,10713,53,,,0,30,,11604,53,,,0,70,,10714,53,,,0,31,,10716,53,,,0,70,,10718,53,,,0,30,,10720,53,,,0,72,,12561,53,,,0,30,,10717,53,,,0,71,,10722,53,,,0,31,,10719,53,,,0,97,,10723,53,,,0,70,,12565,53,,,0,99,,12562,53,,,0,28,,10725,53,,,0,28,,10726,53,,,0,69,,10727,53,,,0,99,,12563,53,,,0,99,,10730,53,,,0,100,,10731,53,,,0,98,,10728,53,,,0,99,,10732,53,,,0
3001,'4616',758,,10757,53,,,0,142,,10758,53,,,0,100,,10759,53,,,0,31,,10760,53,,,0,70,,10761,53,,,0,30,,10762,53,,,0,70,,10763,53,,,0,31,,12572,53,,,0,70,,10765,53,,,0,30,,10766,53,,,0,70,,10767,53,,,0,30,,10768,53,,,0,70,,10769,53,,,0,30,,12573,53,,,0,70,,10771,53,,,0,29,,10772,53,,,0,70,,12574,53,,,0,29,,10774,53,,,0,70,,12575,53,,,0,28,,12576,53,,,0,30,,10777,53,,,0,69,,10778,53,,,0,100,,12577,53,,,0,100,,10780,53,,,0,99,,12578,53,,,0,98,,12579,53,,,0,99,,10783,53,,,0
3001,'5289',1606,,10743,53,,,0,127,,10742,53,,,0
3001,'5454',828,,12567,53,,,0,101,,12568,53,,,0,101,,10746,53,,,0,100,,10747,53,,,0,102,,12569,53,,,0,100,,10749,53,,,0,100,,10750,53,,,0,100,,12570,53,,,0,99,,10752,53,,,0,99,,10753,53,,,0,98,,12571,53,,,0,98,,10755,53,,,0,100,,10756,53,,,0
3001,'5568',1606,,10785,53,,,0,127,,10784,53,,,0
1001501,'4614',735,,12879,20,,,0,70,,12329,20,,,0,442,,11354,20,,,0,174,,11355,20,,,0,35,,11356,20,,,0,73,,11357,20,,,0,28,,11358,20,,,0,75,,11359,20,,,0,69,,11360,20,,,0,29,,11361,20,,,0,70,,11363,20,,,0,29,,11362,20,,,0
