701,'4614',701,,10262,7,0,17,0,37,,11476,7,0,17,0,267,,10259,7,0,17,0,100,,10265,7,0,17,0,54,,10247,7,0,17,0,142,,11474,7,0,17,0,101,,10255,7,0,17,0,100,,10249,7,0,17,0,201,,10263,7,0,17,0,29,,10266,7,0,17,0,70,,10258,7,0,17,0,199,,10257,7,0,17,0,100,,10260,7,0,17,0,100,,10261,7,0,17,0,100,,10246,7,0,17,0
701,'4616',700,,10287,7,0,17,0,102,,10297,7,0,17,0,102,,10288,7,0,17,0,100,,10292,7,0,17,0,155,,10289,7,0,17,0,142,,10290,7,0,17,0,202,,10285,7,0,17,0,100,,10286,7,0,17,0,200,,10293,7,0,17,0,199,,10294,7,0,17,0
701,'5289',1603,,10267,7,0,17,0
701,'5454',904,,10280,7,0,17,0,100,,11473,7,0,17,0,155,,10272,7,0,17,0,142,,10271,7,0,17,0,101,,11472,7,0,17,0,101,,10269,7,0,17,0,100,,10281,7,0,17,0,200,,10276,7,0,17,0,99,,10270,7,0,17,0,100,,10268,7,0,17,0
701,'5568',1603,,10299,7,0,17,0
701,'5658',700,,11877,7,0,17,0,102,,11880,7,0,17,0,302,,11878,7,0,17,0,599,,11879,7,0,17,0
701,'5659',806,,11871,7,0,17,0,98,,11872,7,0,17,0,729,,11875,7,0,17,0,199,,11876,7,0,17,0,69,,11874,7,0,17,0
701,'5660',806,,12465,7,0,17,0,98,,12466,7,0,17,0,729,,12469,7,0,17,0,199,,12470,7,0,17,0,69,,12468,7,0,17,0
701,'5661',700,,12471,7,0,17,0,102,,12474,7,0,17,0,302,,12472,7,0,17,0,599,,12473,7,0,17,0
701,'5663',1104,,12475,7,0,17,0,298,,12476,7,0,17,0,301,,12481,7,0,17,0,199,,12477,7,0,17,0,200,,12479,7,0,17,0,99,,12478,7,0,17,0,100,,12480,7,0,17,0
