100,'4614',503,,11755,12,,,0,45,,12355,12,,,0,71,,12353,12,,,0,31,,9925,12,,,0,72,,9919,12,,,0,83,,9915,12,,,0,21,,9917,12,,,0,19,,12352,12,,,0,60,,9928,12,,,0,20,,11444,12,,,0,20,,9906,12,,,0,71,,12351,12,,,0,30,,9897,12,,,0,70,,9914,12,,,0,31,,9898,12,,,0,70,,9907,12,,,0,31,,9900,12,,,0,70,,9910,12,,,0,31,,9927,12,,,0,70,,12348,12,,,0,30,,12347,12,,,0,70,,12349,12,,,0,30,,12343,12,,,0,60,,9903,12,,,0,20,,9889,12,,,0,20,,9909,12,,,0,60,,9891,12,,,0,19,,9899,12,,,0,19,,9926,12,,,0,69,,12350,12,,,0,30,,9893,12,,,0,68,,9920,12,,,0,30,,12346,12,,,0,69,,12354,12,,,0,30,,9894,12,,,0,70,,9922,12,,,0,30,,12344,12,,,0,67,,9923,12,,,0,30,,12345,12,,,0,69,,9924,12,,,0,99,,9902,12,,,0
100,'4616',639,,9993,12,,,0,70,,9986,12,,,0,30,,12371,12,,,0,71,,12375,12,,,0,30,,12374,12,,,0,72,,9984,12,,,0,32,,9979,12,,,0,70,,9965,12,,,0,31,,12373,12,,,0,72,,12380,12,,,0,31,,9962,12,,,0,70,,9982,12,,,0,30,,12370,12,,,0,70,,12385,12,,,0,30,,9977,12,,,0,70,,12368,12,,,0,30,,12382,12,,,0,70,,12383,12,,,0,30,,12369,12,,,0,70,,12384,12,,,0,30,,11439,12,,,0,69,,9992,12,,,0,30,,9972,12,,,0,69,,9976,12,,,0,29,,12381,12,,,0,70,,9959,12,,,0,29,,9988,12,,,0,70,,12377,12,,,0,28,,12379,12,,,0,70,,12376,12,,,0,30,,12378,12,,,0,68,,9963,12,,,0,30,,12372,12,,,0,69,,9969,12,,,0,100,,9975,12,,,0
100,'5289',744,,12342,12,,,0
100,'5454',739,,9950,12,,,0,70,,12363,12,,,0,31,,9941,12,,,0,70,,12359,12,,,0,34,,9931,12,,,0,70,,12360,12,,,0,30,,12365,12,,,0,71,,9946,12,,,0,30,,9953,12,,,0,71,,12358,12,,,0,30,,9939,12,,,0,70,,9954,12,,,0,31,,9933,12,,,0,70,,12364,12,,,0,30,,9945,12,,,0,70,,12357,12,,,0,30,,9942,12,,,0,69,,12361,12,,,0,30,,12366,12,,,0,70,,9937,12,,,0,30,,9932,12,,,0,68,,9935,12,,,0,28,,9956,12,,,0,70,,12362,12,,,0,30,,12356,12,,,0,70,,9957,12,,,0,29,,9948,12,,,0,69,,9958,12,,,0
100,'5568',744,,12367,12,,,0
501,'4614',643,,12428,36,,,0,111,,12433,48,,,0,77,,10111,48,,,0,69,,10118,48,,,0,57,,10100,48,,,0,100,,10117,48,,,0,100,,10105,48,,,0,143,,12427,48,,,0,46,,10103,48,,,0,101,,10110,48,,,0,95,,10101,48,,,0,115,,12429,48,,,0,97,,10116,48,,,0,96,,10108,48,,,0,98,,10106,48,,,0,98,,12430,48,,,0,99,,12431,48,,,0,99,,10112,48,,,0,99,,12432,48,,,0
501,'4616',751,,10134,48,,,0,201,,10148,48,,,0,100,,10133,48,,,0,102,,10135,48,,,0,103,,10136,48,,,0,100,,10137,48,,,0,101,,10138,48,,,0,100,,12439,48,,,0,101,,12440,48,,,0,99,,10141,48,,,0,91,,12445,48,,,0,96,,12441,48,,,0,100,,12442,48,,,0,99,,12443,48,,,0,100,,10145,48,,,0,99,,10147,48,,,0
501,'5454',850,,12438,48,,,0,101,,12434,48,,,0,100,,12435,48,,,0,101,,10120,48,,,0,101,,10121,48,,,0,100,,10127,48,,,0,100,,10122,48,,,0,100,,10132,48,,,0,100,,12437,48,,,0,100,,12436,48,,,0,94,,10129,48,,,0,98,,10126,48,,,0
600,'4614',701,,11853,27,,,0,103,,12446,27,,,0,110,,10154,27,,,0,97,,11464,27,,,0,100,,12448,27,,,0,101,,10150,27,,,0,104,,10160,27,,,0,103,,10152,27,,,0,108,,12447,27,,,0,96,,10156,27,,,0,99,,10165,27,,,0,95,,10157,27,,,0,98,,10155,27,,,0,99,,10158,27,,,0,98,,10162,27,,,0,100,,10163,27,,,0,100,,10164,27,,,0
600,'4616',659,,10186,27,,,0,144,,10189,27,,,0,106,,12455,27,,,0,100,,12454,27,,,0,101,,10193,27,,,0,100,,10184,27,,,0,104,,10187,27,,,0,100,,10188,27,,,0,101,,10190,27,,,0,101,,10192,27,,,0,100,,10181,27,,,0,99,,10185,27,,,0,100,,12456,27,,,0,99,,10182,27,,,0,100,,10194,27,,,0,98,,11462,27,,,0,100,,10191,27,,,0
600,'5454',707,,12449,27,,,0,95,,12453,27,,,0,107,,10175,27,,,0,100,,12451,27,,,0,100,,10180,27,,,0,100,,10170,27,,,0,101,,10177,27,,,0,103,,10167,27,,,0,101,,12452,27,,,0,100,,10172,27,,,0,102,,10179,27,,,0,100,,10178,27,,,0,98,,10171,27,,,0,100,,12450,27,,,0
2000,'4614',629,,10539,62,,,0,104,,10540,62,,,0,108,,10541,62,,,0,80,,10534,45,,,0,201,,10542,45,,,0,202,,10544,45,,,0,101,,10535,45,,,0,206,,10545,45,,,0,97,,10546,45,,,0,97,,10536,45,,,0,202,,10537,62,,,0,196,,10538,62,,,0
2000,'4616',819,,12529,45,,,0,101,,10562,45,,,0,103,,12528,45,,,0,101,,10563,45,,,0,100,,12527,45,,,0,100,,10555,45,,,0,100,,10557,45,,,0,101,,10565,45,,,0,99,,10558,45,,,0,100,,10556,45,,,0,96,,10560,45,,,0,207,,10559,62,,,0,197,,10564,62,,,0
2000,'5289',1021,,12524,45,,,0,203,,12523,45,,,0
2000,'5454',930,,10548,62,,,0,203,,10551,62,,,0,203,,10550,62,,,0,201,,10552,62,,,0,199,,10549,62,,,0,291,,10553,62,,,0
2000,'5568',1021,,12526,45,,,0,203,,12525,45,,,0
3000,'4614',659,,12542,55,,,0,72,,10665,55,,,0,16,,10669,55,,,0,58,,10661,55,,,0,15,,12544,55,,,0,16,,12543,55,,,0,69,,10668,55,,,0,30,,10662,55,,,0,70,,10640,55,,,0,30,,10641,55,,,0,70,,12536,55,,,0,31,,12537,55,,,0,71,,10644,55,,,0,31,,11602,55,,,0,70,,10646,55,,,0,30,,10648,55,,,0,71,,10649,55,,,0,30,,12538,55,,,0,76,,10647,55,,,0,31,,10651,55,,,0,68,,10666,55,,,0,30,,10652,55,,,0,68,,10667,55,,,0,29,,10653,55,,,0,70,,12539,55,,,0,27,,12540,55,,,0,97,,10656,55,,,0,99,,10657,55,,,0,99,,12541,55,,,0,97,,10659,55,,,0,98,,10660,55,,,0
3000,'4616',657,,10684,55,,,0,100,,10685,55,,,0,102,,10686,55,,,0,71,,12550,55,,,0,70,,10688,55,,,0,31,,10689,55,,,0,71,,10690,55,,,0,31,,10691,55,,,0,71,,10692,55,,,0,30,,10693,55,,,0,70,,10694,55,,,0,31,,12551,55,,,0,71,,10696,55,,,0,30,,10697,55,,,0,69,,12552,55,,,0,32,,10699,55,,,0,69,,12553,55,,,0,30,,12554,55,,,0,69,,10702,55,,,0,30,,10703,55,,,0,68,,12555,55,,,0,29,,10705,55,,,0,102,,12556,55,,,0,99,,12557,55,,,0,99,,12558,55,,,0,98,,10709,55,,,0,99,,10710,55,,,0
3000,'5454',729,,12545,55,,,0,100,,10672,55,,,0,101,,12546,55,,,0,103,,12547,55,,,0,101,,10675,55,,,0,102,,10676,55,,,0,101,,12548,55,,,0,101,,10678,55,,,0,99,,10679,55,,,0,100,,12549,55,,,0,99,,10681,55,,,0,100,,10682,55,,,0,97,,10683,55,,,0
7200,'4614',656,,11669,29,,,0,72,,11672,29,,,0,31,,11670,29,,,0,71,,11113,29,,,0,71,,12808,29,,,0,29,,11115,29,,,0,70,,12809,29,,,0,30,,11671,29,,,0,70,,11118,29,,,0,30,,11119,29,,,0,70,,11120,29,,,0,30,,11121,29,,,0,70,,11122,29,,,0,30,,11123,29,,,0,70,,11124,29,,,0,32,,11125,29,,,0,72,,11126,29,,,0,31,,11127,29,,,0,69,,12810,29,,,0,30,,11129,29,,,0,70,,11130,29,,,0,28,,11131,29,,,0,70,,11132,29,,,0,28,,11133,29,,,0,29,,11134,29,,,0,96,,12811,29,,,0,100,,11136,29,,,0,99,,11137,29,,,0,100,,12812,29,,,0
7200,'4616',656,,11154,29,,,0,101,,11156,29,,,0,100,,11158,29,,,0,72,,12820,29,,,0,30,,11160,29,,,0,70,,12821,29,,,0,30,,11162,29,,,0,71,,12822,29,,,0,70,,12823,29,,,0,30,,12824,29,,,0,70,,12825,29,,,0,30,,12826,29,,,0,70,,12827,29,,,0,30,,12828,29,,,0,70,,12829,29,,,0,29,,12830,29,,,0,30,,12831,29,,,0,70,,12832,29,,,0,30,,12833,29,,,0,70,,12834,29,,,0,30,,12835,29,,,0,70,,11177,29,,,0,28,,12836,29,,,0,98,,12837,29,,,0,100,,12817,29,,,0,100,,12819,29,,,0,100,,11152,29,,,0,99,,12818,29,,,0
7200,'5454',756,,11139,29,,,0,101,,11140,29,,,0,102,,11141,29,,,0,100,,11142,29,,,0,141,,11143,29,,,0,100,,12813,29,,,0,100,,12814,29,,,0,100,,11146,29,,,0,59,,11147,29,,,0,100,,11148,29,,,0,100,,11149,29,,,0,100,,12815,29,,,0,98,,12816,29,,,0
1002000,'4614',650,,11370,51,,,0,155,,11371,51,,,0,100,,12882,68,,,0,48,,11372,51,,,0,101,,11738,51,,,0,101,,12880,51,,,0,153,,11739,68,,,0,48,,11367,51,,,0,160,,11373,68,,,0,35,,12881,51,,,0,68,,11369,68,,,0,184,,11374,68,,,0,323,,11375,68,,,0,199,,11376,68,,,0
1002000,'4616',656,,11389,68,,,0,101,,12885,68,,,0,100,,11388,68,,,0,101,,12883,68,,,0,142,,11391,68,,,0,101,,11392,68,,,0,100,,11393,68,,,0,100,,12884,68,,,0,101,,11395,68,,,0,100,,11400,68,,,0,99,,11396,68,,,0,58,,11397,68,,,0,173,,11398,68,,,0,195,,11399,68,,,0,198,,11387,68,,,0
1002000,'5299',1706,,11378,68,,,0,226,,11379,68,,,0
1002000,'5454',732,,11737,68,,,0,100,,11386,68,,,0,191,,11381,51,,,0,201,,11382,51,,,0,201,,11383,51,,,0,201,,11384,51,,,0,199,,11385,51,,,0
1002000,'5567',1706,,11402,68,,,0,226,,11403,68,,,0
