101,'4614',648,,11798,13,,,0,61,,11797,13,,,0,20,,10025,13,,,0,23,,10019,13,,,0,80,,10034,13,,,0,21,,11456,13,,,0,60,,10018,13,,,0,26,,11796,13,,,0,70,,10014,13,,,0,30,,11455,13,,,0,70,,10005,13,,,0,30,,10016,13,,,0,70,,10006,13,,,0,30,,10012,13,,,0,70,,10033,13,,,0,29,,10013,13,,,0,70,,10009,13,,,0,30,,11795,13,,,0,70,,11800,13,,,0,20,,11793,13,,,0,20,,9994,13,,,0,60,,10020,13,,,0,20,,9996,13,,,0,20,,10004,13,,,0,60,,9995,13,,,0,20,,11794,13,,,0,20,,10008,13,,,0,61,,10032,13,,,0,100,,11789,13,,,0,30,,10027,13,,,0,73,,11790,13,,,0,30,,11799,13,,,0,70,,11791,13,,,0,30,,10029,13,,,0,70,,11792,13,,,0,30,,10028,13,,,0,70,,10003,13,,,0,30,,10030,13,,,0,70,,11788,13,,,0,30,,9997,13,,,0
101,'4616',709,,11816,13,,,0,30,,11817,13,,,0,70,,11818,13,,,0,30,,10068,13,,,0,70,,10069,13,,,0,30,,10070,13,,,0,70,,11819,13,,,0,29,,11820,13,,,0,70,,10073,13,,,0,30,,10074,13,,,0,70,,11821,13,,,0,30,,10076,13,,,0,70,,10077,13,,,0,30,,10078,13,,,0,70,,11822,13,,,0,30,,11823,13,,,0,70,,11824,13,,,0,30,,10082,13,,,0,70,,11449,13,,,0,30,,10084,13,,,0,71,,10085,13,,,0,30,,10086,13,,,0,70,,11825,13,,,0,30,,10088,13,,,0,70,,10089,13,,,0,30,,11826,13,,,0,73,,11827,13,,,0,30,,10092,13,,,0,70,,11828,13,,,0,30,,10094,13,,,0,70,,11829,13,,,0,30,,10096,13,,,0,70,,10097,13,,,0,31,,10098,13,,,0,100,,11830,13,,,0
101,'4619',1839,,11801,13,,,0
101,'4931',1839,,11802,13,,,0
101,'5289',812,,11803,13,,,0
101,'5454',809,,10046,13,,,0,30,,11809,13,,,0,71,,10049,13,,,0,30,,11807,13,,,0,70,,11811,13,,,0,30,,10045,13,,,0,70,,10055,13,,,0,30,,11812,13,,,0,70,,10039,13,,,0,29,,10043,13,,,0,70,,10056,13,,,0,30,,11814,13,,,0,70,,11813,13,,,0,30,,11805,13,,,0,70,,11808,13,,,0,30,,11452,13,,,0,71,,11806,13,,,0,30,,10040,13,,,0,70,,10047,13,,,0,29,,10041,13,,,0,70,,10062,13,,,0,30,,10061,13,,,0,70,,10050,13,,,0,30,,11804,13,,,0,73,,10054,13,,,0,30,,10063,13,,,0,70,,11810,13,,,0,30,,10064,13,,,0
101,'5568',812,,11815,13,,,0
1501,'4614',850,,10497,16,,,0,93,,10499,16,,,0,69,,10496,16,,,0,27,,10500,16,,,0,70,,11587,16,,,0,30,,10502,16,,,0,70,,11947,16,,,0,104,,10505,16,,,0,31,,10504,16,,,0,570,,10507,16,,,0,98,,10506,16,,,0,100,,10508,16,,,0
1501,'4616',801,,10528,16,,,0,108,,10532,16,,,0,102,,10529,16,,,0,101,,10526,16,,,0,99,,10530,16,,,0,101,,10527,16,,,0,101,,10525,16,,,0,100,,10520,16,,,0,100,,11954,16,,,0,101,,10523,16,,,0,98,,10533,16,,,0,100,,10524,16,,,0,100,,10521,16,,,0,100,,10531,16,,,0
1501,'5289',913,,11948,16,,,0
1501,'5454',802,,11950,16,,,0,208,,10518,16,,,0,100,,11949,16,,,0,101,,10514,16,,,0,100,,10511,16,,,0,100,,10519,16,,,0,100,,10512,16,,,0,101,,11951,16,,,0,100,,10510,16,,,0,100,,10517,16,,,0,100,,11952,16,,,0
1501,'5568',913,,11953,16,,,0
3001,'4614',654,,10741,54,,,0,72,,10734,54,,,0,31,,11999,54,,,0,75,,10736,54,,,0,16,,10739,54,,,0,55,,10738,54,,,0,14,,12001,54,,,0,16,,10735,54,,,0,69,,11994,54,,,0,31,,11995,54,,,0,70,,10713,54,,,0,30,,11604,54,,,0,70,,10714,54,,,0,31,,10716,54,,,0,70,,10718,54,,,0,30,,10720,54,,,0,72,,11996,54,,,0,30,,10717,54,,,0,71,,10722,54,,,0,31,,10719,54,,,0,97,,10723,54,,,0,70,,12000,54,,,0,99,,11997,54,,,0,28,,10725,54,,,0,68,,10726,54,,,0,29,,10727,54,,,0,99,,11998,54,,,0,99,,10730,54,,,0,100,,10731,54,,,0,98,,10728,54,,,0,99,,10732,54,,,0
3001,'4616',759,,10757,54,,,0,142,,10758,54,,,0,100,,10759,54,,,0,31,,10760,54,,,0,70,,10761,54,,,0,30,,10762,54,,,0,70,,10763,54,,,0,31,,12007,54,,,0,70,,10765,54,,,0,30,,10766,54,,,0,70,,10767,54,,,0,30,,10768,54,,,0,70,,10769,54,,,0,30,,12008,54,,,0,70,,10771,54,,,0,29,,10772,54,,,0,70,,12009,54,,,0,29,,10774,54,,,0,70,,12010,54,,,0,28,,12011,54,,,0,30,,10777,54,,,0,69,,10778,54,,,0,100,,12012,54,,,0,100,,10780,54,,,0,99,,12013,54,,,0,98,,12014,54,,,0,99,,10783,54,,,0
3001,'5289',1607,,10743,54,,,0,127,,10742,54,,,0
3001,'5454',829,,12002,54,,,0,101,,12003,54,,,0,101,,10746,54,,,0,100,,10747,54,,,0,102,,12004,54,,,0,100,,10749,54,,,0,100,,10750,54,,,0,100,,12005,54,,,0,99,,10752,54,,,0,99,,10753,54,,,0,98,,12006,54,,,0,98,,10755,54,,,0,100,,10756,54,,,0
3001,'5568',1607,,10785,54,,,0,127,,10784,54,,,0
1001501,'4614',736,,12330,21,,,0,70,,12329,21,,,0,442,,11354,21,,,0,174,,11355,21,,,0,35,,11356,21,,,0,74,,11357,21,,,0,28,,11358,21,,,0,74,,11359,21,,,0,69,,11360,21,,,0,29,,11361,21,,,0,70,,11363,21,,,0,29,,11362,21,,,0
