2000,'4614',558,,10539,22,0,9 12 2 5,0,101,,10540,22,0,9 12 2 5,0,144,,10541,22,0,9 12 2 5,0,98,,10534,22,,,0,200,,10542,22,,,0,201,,10544,22,,,0,100,,10535,22,,,0,206,,10545,22,,,0,97,,10546,22,,,0,99,,10536,22,,,0,151,,10537,22,0,9 12 2 5,0,198,,10538,22,0,9 12 2 5,0
2000,'4616',901,,10562,22,,,0,202,,10563,22,,,0,200,,10555,22,,,0,100,,10557,22,,,0,101,,10565,22,,,0,100,,10558,22,,,0,100,,10556,22,,,0,97,,10560,22,,,0,155,,10559,22,0,9 12 2 5,0,198,,10564,22,0,9 12 2 5,0
2000,'5289',1001,,11956,22,,,0,201,,11955,22,,,0
2000,'5454',900,,10548,22,0,9 12 2 5,0,202,,10551,22,0,9 12 2 5,0,201,,10550,22,0,9 12 2 5,0,201,,10552,22,0,9 12 2 5,0,200,,10549,22,0,9 12 2 5,0,255,,10553,22,0,9 12 2 5,0
2000,'5568',1001,,11958,22,,,0,201,,11957,22,,,0
2000,'5640',801,,11961,22,,,0,201,,11960,22,,,0,201,,11959,22,,,0
9200,'4619',1414,,12319,18,,,0,2,,12318,18,,,0
9200,'5289',1523,,12320,18,,,0,2,,11283,18,,,0
9200,'5299',1429,,12321,18,,,0,2,,11286,18,,,0
1002000,'4614',631,,11370,28,,,0,112,,11371,28,,,0,87,,12333,28,,,0,103,,11372,28,,,0,100,,11738,28,,,0,100,,12331,28,,,0,101,,11739,28,,,0,100,,11367,28,,,0,104,,11373,28,,,0,89,,12332,28,,,0,15,,11369,28,,,0,185,,11374,28,,,0,329,,11375,28,,,0,199,,11376,28,,,0
1002000,'4616',626,,11389,28,,,0,200,,11388,28,,,0,200,,11391,28,,,0,101,,11392,28,,,0,100,,11393,28,,,0,201,,11395,28,,,0,100,,11400,28,,,0,100,,11396,28,,,0,98,,11397,28,,,0,175,,11398,28,,,0,156,,11399,28,,,0,198,,11387,28,,,0
1002000,'5299',1630,,11378,28,,,0,270,,11379,28,,,0
1002000,'5454',702,,11737,28,,,0,100,,11386,28,,,0,201,,11381,28,,,0,201,,11382,28,,,0,200,,11383,28,,,0,201,,11384,28,,,0,200,,11385,28,,,0
1002000,'5567',1630,,11402,28,,,0,270,,11403,28,,,0
1002000,'5640',726,,12336,28,,,0,200,,12334,28,,,0,401,,12335,28,,,0
