3000,'4614',733,,10665,56,4,,0,16,,10669,56,4,,0,58,,10661,56,4,,0,100,,10668,56,4,,0,30,,10662,56,4,,0,70,,10640,56,4,,0,30,,10641,56,4,,0,172,,10644,56,4,,0,31,,11602,56,4,,0,70,,10646,56,4,,0,30,,10648,56,4,,0,71,,10649,56,4,,0,106,,10647,56,4,,0,31,,10651,56,4,,0,68,,10666,56,4,,0,30,,10652,56,4,,0,68,,10667,56,4,,0,29,,10653,56,4,,0,194,,10656,56,4,,0,99,,10657,56,4,,0,196,,10659,56,4,,0,97,,10660,56,4,,0
3000,'4616',658,,10684,56,4,,0,100,,10685,56,4,,0,143,,10686,56,4,,0,101,,10688,56,4,,0,31,,10689,56,4,,0,71,,10690,56,4,,0,31,,10691,56,4,,0,71,,10692,56,4,,0,30,,10693,56,4,,0,70,,10694,56,4,,0,102,,10696,56,4,,0,30,,10697,56,4,,0,101,,10699,56,4,,0,168,,10702,56,4,,0,30,,10703,56,4,,0,97,,10705,56,4,,0,397,,10709,56,4,,0,99,,10710,56,4,,0
3000,'5454',831,,10672,56,4,,0,305,,10675,56,4,,0,102,,10676,56,4,,0,202,,10678,56,4,,0,99,,10679,56,4,,0,199,,10681,56,4,,0,100,,10682,56,4,,0,97,,10683,56,4,,0
3000,'5658',731,,11980,56,4,,0,201,,11981,56,4,,0,103,,11982,56,4,,0,304,,11983,56,4,,0,300,,11984,56,4,,0
3000,'5659',701,,11977,56,4,,0,121,,11979,56,4,,0,16,,11978,56,4,,0,269,,11971,56,4,,0,31,,11972,56,4,,0,303,,11973,56,4,,0,372,,11974,56,4,,0,27,,11975,56,4,,0,295,,11976,56,4,,0
3000,'5660',701,,12542,56,4,,0,121,,12544,56,4,,0,16,,12543,56,4,,0,269,,12536,56,4,,0,31,,12537,56,4,,0,303,,12538,56,4,,0,372,,12539,56,4,,0,27,,12540,56,4,,0,295,,12541,56,4,,0
3000,'5661',731,,12545,56,4,,0,201,,12546,56,4,,0,103,,12547,56,4,,0,304,,12548,56,4,,0,300,,12549,56,4,,0
3000,'5663',932,,12550,56,4,,0,405,,12551,56,4,,0,170,,12552,56,4,,0,101,,12553,56,4,,0,30,,12554,56,4,,0,167,,12555,56,4,,0,131,,12556,56,4,,0,99,,12557,56,4,,0,99,,12558,56,4,,0
3001,'4614',610,,10741,1,,,0,30,,10734,1,,,0,100,,10736,1,,,0,17,,10739,1,,,0,57,,10738,1,,,0,31,,10735,1,,,0,169,,10713,1,,,0,30,,11604,1,,,0,70,,10714,1,,,0,30,,10716,1,,,0,70,,10718,1,,,0,30,,10720,1,,,0,100,,10717,1,,,0,70,,10722,1,,,0,30,,10719,1,,,0,100,,10723,1,,,0,201,,10725,1,,,0,70,,10726,1,,,0,30,,10727,1,,,0,200,,10730,1,,,0,100,,10731,1,,,0,100,,10728,1,,,0,100,,10732,1,,,0
3001,'4616',715,,10757,1,,,0,100,,10758,1,,,0,100,,10759,1,,,0,30,,10760,1,,,0,70,,10761,1,,,0,30,,10762,1,,,0,70,,10763,1,,,0,100,,10765,1,,,0,30,,10766,1,,,0,70,,10767,1,,,0,30,,10768,1,,,0,70,,10769,1,,,0,100,,10771,1,,,0,30,,10772,1,,,0,100,,10774,1,,,0,170,,10777,1,,,0,30,,10778,1,,,0,200,,10780,1,,,0,300,,10783,1,,,0
3001,'5289',1514,,10743,1,,,0,131,,10742,1,,,0
3001,'5454',945,,10746,1,,,0,100,,10747,1,,,0,200,,10749,1,,,0,100,,10750,1,,,0,200,,10752,1,,,0,100,,10753,1,,,0,200,,10755,1,,,0,100,,10756,1,,,0
3001,'5568',1514,,10785,1,,,0,131,,10784,1,,,0
3001,'5658',745,,12002,1,,,0,100,,12003,1,,,0,300,,12004,1,,,0,300,,12005,1,,,0,300,,12006,1,,,0
3001,'5659',710,,11999,1,,,0,119,,12001,1,,,0,85,,11994,1,,,0,30,,11995,1,,,0,370,,11996,1,,,0,300,,12000,1,,,0,101,,11997,1,,,0,230,,11998,1,,,0
3001,'5660',710,,12564,1,,,0,119,,12566,1,,,0,85,,12559,1,,,0,30,,12560,1,,,0,370,,12561,1,,,0,300,,12565,1,,,0,101,,12562,1,,,0,230,,12563,1,,,0
3001,'5661',745,,12567,1,,,0,100,,12568,1,,,0,300,,12569,1,,,0,300,,12570,1,,,0,300,,12571,1,,,0
3001,'5663',1145,,12572,1,,,0,300,,12573,1,,,0,170,,12574,1,,,0,101,,12575,1,,,0,29,,12576,1,,,0,200,,12577,1,,,0,200,,12578,1,,,0,100,,12579,1,,,0
