801,'4614',557,,11891,15,0,18,0,245,,10304,15,0,18,0,56,,11479,15,0,18,0,201,,10300,15,0,18,0,144,,10310,15,0,18,0,102,,10303,15,0,18,0,201,,10306,15,0,18,0,101,,10305,15,0,18,0,100,,10316,15,0,18,0,99,,10308,15,0,18,0,99,,10309,15,0,18,0,100,,10307,15,0,18,0,100,,10313,15,0,18,0,101,,10314,15,0,18,0,100,,10317,15,0,18,0
801,'4616',656,,10335,15,0,18,0,302,,10337,15,0,18,0,101,,10338,15,0,18,0,145,,10346,15,0,18,0,101,,10347,15,0,18,0,202,,10340,15,0,18,0,100,,10341,15,0,18,0,100,,10349,15,0,18,0,199,,10334,15,0,18,0,100,,10343,15,0,18,0,100,,11477,15,0,18,0,100,,10345,15,0,18,0
801,'5289',1526,,10319,15,0,18,0
801,'5454',758,,10325,15,0,18,0,200,,10323,15,0,18,0,101,,10327,15,0,18,0,246,,10328,15,0,18,0,202,,10322,15,0,18,0,100,,10333,15,0,18,0,100,,10320,15,0,18,0,100,,10321,15,0,18,0,99,,10331,15,0,18,0,100,,10330,15,0,18,0
801,'5568',1426,,10350,15,0,18,0
801,'5658',859,,11895,15,0,18,0,345,,11893,15,0,18,0,202,,11894,15,0,18,0
801,'5659',656,,11888,15,0,18,0,303,,11890,15,0,18,0,447,,11889,15,0,18,0
801,'5660',656,,12482,15,0,18,0,303,,12484,15,0,18,0,447,,12483,15,0,18,0
801,'5661',859,,12488,15,0,18,0,345,,12486,15,0,18,0,202,,12487,15,0,18,0
801,'5663',758,,12492,15,0,18,0,101,,12489,15,0,18,0,547,,12490,15,0,18,0,401,,12491,15,0,18,0
