2000,'4614',632,,10539,63,4,,0,104,,10540,63,4,,0,108,,10541,63,4,,0,80,,10534,46,4,,0,201,,10542,46,4,,0,202,,10544,46,4,,0,101,,10535,46,4,,0,206,,10545,46,4,,0,97,,10546,46,4,,0,97,,10536,46,4,,0,202,,10537,63,4,,0,196,,10538,63,4,,0
2000,'4616',822,,10566,46,4,,0,101,,10562,46,4,,0,103,,10561,46,4,,0,101,,10563,46,4,,0,100,,10554,46,4,,0,100,,10555,46,4,,0,100,,10557,46,4,,0,101,,10565,46,4,,0,99,,10558,46,4,,0,100,,10556,46,4,,0,96,,10560,46,4,,0,207,,10559,63,4,,0,197,,10564,63,4,,0
2000,'5454',933,,10548,63,4,,0,203,,10551,63,4,,0,203,,10550,63,4,,0,201,,10552,63,4,,0,199,,10549,63,4,,0,291,,10553,63,4,,0
2000,'5568',1024,,11589,46,4,,0,203,,11588,46,4,,0
2000,'5602',1024,,11591,46,4,,0,203,,11590,46,4,,0
2001,'4614',640,,10573,1,,,0,85,,10579,1,0,9 10 11,0,30,,10572,1,0,9 10 11,0,145,,10567,1,,,0,45,,10578,1,0,9 10 11,0,75,,10568,1,,,0,200,,10574,1,,,0,100,,10575,1,,,0,97,,10576,1,0,9 10 11,0,408,,10569,1,,,0,320,,10570,1,0,9 10 11,0,200,,10571,1,0,9 10 11,0
2001,'4616',815,,10602,1,0,9 10 11,0,110,,10597,1,,,0,100,,10601,1,,,0,100,,10598,1,,,0,100,,10591,1,,,0,100,,10600,1,,,0,100,,10604,1,,,0,100,,10594,1,,,0,100,,10599,1,,,0,100,,10595,1,,,0,100,,10592,1,,,0,120,,10603,1,0,9 10 11,0,200,,10596,1,0,9 10 11,0,200,,10593,1,0,9 10 11,0
2001,'5289',1625,,10581,1,,,0
2001,'5299',1525,,10584,1,,,0,200,,10582,1,,,0,220,,10583,1,0,9 10 11,0
2001,'5454',745,,11592,1,,,0,200,,10585,1,,,0,200,,10587,1,,,0,200,,10586,1,,,0,201,,10588,1,,,0,199,,10589,1,,,0
2001,'5567',1525,,10607,1,,,0,200,,10605,1,,,0,220,,10606,1,0,9 10 11,0
2001,'5568',1625,,10608,1,,,0
2001,'5608',1120,,10577,1,,,0
2001,'5611',1120,,11593,1,,,0
1002000,'4614',653,,11370,52,4,,0,155,,11371,52,4,,0,100,,11377,69,4,,0,48,,11372,52,4,,0,202,,11365,52,4,,0,201,,11367,52,4,,0,160,,11373,69,4,,0,35,,11368,52,4,,0,68,,11369,69,4,,0,184,,11374,69,4,,0,323,,11375,69,4,,0,199,,11376,69,4,,0
1002000,'4616',659,,11389,69,4,,0,141,,11401,69,4,,0,100,,11388,69,4,,0,101,,11390,69,4,,0,102,,11391,69,4,,0,101,,11392,69,4,,0,100,,11393,69,4,,0,100,,11394,69,4,,0,101,,11395,69,4,,0,100,,11400,69,4,,0,99,,11396,69,4,,0,98,,11397,69,4,,0,133,,11398,69,4,,0,195,,11399,69,4,,0,198,,11387,69,4,,0
1002000,'5299',1709,,11378,69,4,,0,226,,11379,69,4,,0
1002000,'5454',735,,11737,69,4,,0,100,,11386,69,4,,0,191,,11381,52,4,,0,201,,11382,52,4,,0,201,,11383,52,4,,0,201,,11384,52,4,,0,199,,11385,52,4,,0
1002000,'5567',1709,,11402,69,4,,0,226,,11403,69,4,,0
1002000,'5608',1057,,11364,52,4,,0,254,,11366,69,4,,0
1002000,'5611',1057,,11738,52,4,,0,254,,11739,69,4,,0
1002001,'4614',700,,11408,1,,,0,125,,11409,1,,,0,325,,11404,1,,,0,100,,11405,1,,,0,95,,11412,1,,,0,100,,11406,1,,,0,100,,11407,1,,,0,100,,11413,1,,,0,100,,11414,1,,,0,100,,11415,1,,,0,200,,11416,1,,,0,200,,11417,1,,,0
1002001,'4616',715,,11438,1,,,0,130,,11425,1,,,0,100,,11426,1,,,0,100,,11427,1,,,0,100,,11428,1,,,0,100,,11437,1,,,0,100,,11429,1,,,0,100,,11430,1,,,0,100,,11431,1,,,0,100,,11432,1,,,0,100,,11433,1,,,0,100,,11434,1,,,0,200,,11435,1,,,0,200,,11436,1,,,0
1002001,'5454',845,,11418,1,,,0,200,,11419,1,,,0,200,,11420,1,,,0,200,,11421,1,,,0,200,,11422,1,,,0,200,,11424,1,,,0,200,,11423,1,,,0
1002001,'5568',1050,,11740,1,,,0
1002001,'5602',1050,,11741,1,,,0
1002001,'5608',925,,11410,1,,,0
1002001,'5611',925,,11742,1,,,0
