2000,'4614',603,,10539,31,0,9 12 2 5,0,102,,10540,31,0,9 12 2 5,0,106,,10541,31,0,9 12 2 5,0,1189,,10537,31,0,9 12 2 5,0,158,,10538,31,0,9 12 2 5,0
2000,'4616',2001,,10559,31,0,9 12 2 5,0,158,,10564,31,0,9 12 2 5,0
2000,'5454',906,,10548,31,0,9 12 2 5,0,202,,10551,31,0,9 12 2 5,0,201,,10550,31,0,9 12 2 5,0,202,,10552,31,0,9 12 2 5,0,200,,10549,31,0,9 12 2 5,0,293,,10553,31,0,9 12 2 5,0
2001,'4614',743,,10579,23,0,9 10 11,0,71,,10572,23,0,9 10 11,0,189,,10578,23,0,9 10 11,0,434,,10576,23,0,9 10 11,0,765,,10570,23,0,9 10 11,0,157,,10571,23,0,9 10 11,0
2001,'4616',2002,,10603,23,0,9 10 11,0,200,,10596,23,0,9 10 11,0,198,,10593,23,0,9 10 11,0
2001,'5299',2002,,10583,23,0,9 10 11,0
2001,'5567',2002,,10606,23,0,9 10 11,0
2001,'5663',832,,12531,23,0,9 10 11,0
7201,'4614',721,,11677,26,,,0,30,,11181,26,,,0,103,,11183,26,,,0,101,,11678,26,,,0,70,,11186,26,,,0,30,,11187,26,,,0,70,,11188,26,,,0,29,,11189,26,,,0,70,,11190,26,,,0,30,,11191,26,,,0,70,,11192,26,,,0,30,,11193,26,,,0,69,,11194,26,,,0,30,,11195,26,,,0,100,,11197,26,,,0,70,,11198,26,,,0,31,,11199,26,,,0,70,,11200,26,,,0,30,,11201,26,,,0,70,,11202,26,,,0,31,,11203,26,,,0,170,,11205,26,,,0,100,,11206,26,,,0,230,,11208,26,,,0
7201,'4616',725,,11228,26,,,0,100,,11229,26,,,0,100,,11230,26,,,0,100,,11232,26,,,0,730,,11247,26,,,0,100,,11249,26,,,0,370,,11225,26,,,0
7201,'5454',825,,11209,26,,,0,100,,11210,26,,,0,100,,11211,26,,,0,100,,11212,26,,,0,298,,11215,26,,,0,101,,11216,26,,,0,101,,11217,26,,,0,100,,11218,26,,,0
7201,'5658',1223,,12288,26,,,0,100,,12289,26,,,0,502,,12290,26,,,0,100,,12291,26,,,0,100,,12292,26,,,0
7201,'5659',821,,12283,26,,,0,104,,12284,26,,,0,598,,12285,26,,,0,402,,12286,26,,,0,300,,12287,26,,,0
7201,'5660',821,,12838,26,,,0,104,,12839,26,,,0,598,,12840,26,,,0,402,,12841,26,,,0,300,,12842,26,,,0
7201,'5661',1223,,12843,26,,,0,100,,12844,26,,,0,502,,12845,26,,,0,100,,12846,26,,,0,100,,12847,26,,,0
7201,'5663',955,,12853,26,,,0,100,,12854,26,,,0,70,,12855,26,,,0,29,,12856,26,,,0,70,,12857,26,,,0,30,,12858,26,,,0,70,,12859,26,,,0,30,,12860,26,,,0,70,,12861,26,,,0,31,,12862,26,,,0,70,,12863,26,,,0,30,,12864,26,,,0,70,,12865,26,,,0,30,,12866,26,,,0,70,,12867,26,,,0,100,,12868,26,,,0,100,,12848,26,,,0,100,,12849,26,,,0,100,,12850,26,,,0,200,,12851,26,,,0,100,,12852,26,,,0
9200,'4619',1422,,12873,27,,,0,2,,12318,27,,,0
9200,'5289',1531,,12874,27,,,0,2,,11283,27,,,0
9200,'5299',1440,,11286,27,,,0
9200,'5659',1438,,12321,27,,,0
9200,'5664',1438,,12875,27,,,0
1002000,'4614',1240,,11739,37,,,0,205,,11373,37,,,0,104,,11369,37,,,0,184,,11374,37,,,0,368,,11375,37,,,0,199,,11376,37,,,0
1002000,'4616',631,,11389,37,,,0,201,,11388,37,,,0,200,,11391,37,,,0,101,,11392,37,,,0,100,,11393,37,,,0,201,,11395,37,,,0,100,,11400,37,,,0,100,,11396,37,,,0,98,,11397,37,,,0,174,,11398,37,,,0,196,,11399,37,,,0,198,,11387,37,,,0
1002000,'5299',1636,,11378,37,,,0,269,,11379,37,,,0
1002000,'5454',708,,11737,37,,,0,100,,11386,37,,,0
1002000,'5567',1636,,11402,37,,,0,269,,11403,37,,,0
1002000,'5659',836,,12333,37,,,0
1002000,'5660',836,,12882,37,,,0
1002000,'5663',732,,12885,37,,,0,200,,12883,37,,,0,401,,12884,37,,,0
1002001,'4614',844,,11409,23,,,0,661,,11406,23,,,0,99,,11407,23,,,0,100,,11413,23,,,0,100,,11414,23,,,0,98,,11415,23,,,0,200,,11416,23,,,0,199,,11417,23,,,0
1002001,'4616',731,,11438,23,,,0,271,,11426,23,,,0,200,,11428,23,,,0,101,,11437,23,,,0,100,,11429,23,,,0,100,,11430,23,,,0,100,,11431,23,,,0,100,,11432,23,,,0,100,,11433,23,,,0,99,,11434,23,,,0,200,,11435,23,,,0,199,,11436,23,,,0
1002001,'5454',902,,11418,23,,,0,201,,11419,23,,,0,201,,11420,23,,,0,200,,11421,23,,,0,200,,11422,23,,,0,199,,11424,23,,,0,199,,11423,23,,,0
1002001,'5659',1404,,12337,23,,,0
1002001,'5660',1404,,12887,23,,,0
1002001,'5663',902,,12889,23,,,0,200,,12890,23,,,0
