101,'4614',722,,10025,7,,,0,21,,10019,7,,,0,80,,10034,7,,,0,22,,11456,7,,,0,60,,10018,7,,,0,96,,10014,7,,,0,30,,11455,7,,,0,70,,10005,7,,,0,30,,10016,7,,,0,69,,10006,7,,,0,29,,10012,7,,,0,30,,10033,7,,,0,69,,10013,7,,,0,30,,10009,7,,,0,180,,9994,7,,,0,21,,10020,7,,,0,60,,9996,7,,,0,20,,10004,7,,,0,20,,9995,7,,,0,80,,10008,7,,,0,61,,10032,7,,,0,132,,10027,7,,,0,203,,10029,7,,,0,101,,10028,7,,,0,70,,10003,7,,,0,30,,10030,7,,,0,100,,9997,7,,,0
101,'4616',832,,10068,7,,,0,69,,10069,7,,,0,30,,10070,7,,,0,128,,10073,7,,,0,69,,10074,7,,,0,100,,10076,7,,,0,30,,10077,7,,,0,70,,10078,7,,,0,200,,10082,7,,,0,31,,11449,7,,,0,70,,10084,7,,,0,71,,10085,7,,,0,31,,10086,7,,,0,100,,10088,7,,,0,70,,10089,7,,,0,134,,10092,7,,,0,101,,10094,7,,,0,100,,10096,7,,,0,70,,10097,7,,,0,31,,10098,7,,,0
101,'4619',1831,,11801,7,,,0
101,'4931',1831,,11802,7,,,0
101,'5289',803,,12386,7,,,0
101,'5454',802,,10046,7,,,0,101,,10049,7,,,0,129,,10045,7,,,0,70,,10055,7,,,0,99,,10039,7,,,0,29,,10043,7,,,0,29,,10056,7,,,0,271,,11452,7,,,0,101,,10040,7,,,0,70,,10047,7,,,0,30,,10041,7,,,0,70,,10062,7,,,0,31,,10061,7,,,0,70,,10050,7,,,0,104,,10054,7,,,0,30,,10063,7,,,0,100,,10064,7,,,0
101,'5658',832,,11809,7,,,0,100,,11807,7,,,0,70,,11811,7,,,0,130,,11812,7,,,0,198,,11814,7,,,0,70,,11813,7,,,0,30,,11805,7,,,0,70,,11808,7,,,0,101,,11806,7,,,0,331,,11804,7,,,0,174,,11810,7,,,0
101,'5659',641,,11798,7,,,0,61,,11797,7,,,0,101,,11815,7,,,0,128,,11796,7,,,0,497,,11795,7,,,0,30,,11800,7,,,0,60,,11793,7,,,0,201,,11794,7,,,0,183,,11789,7,,,0,103,,11790,7,,,0,30,,11799,7,,,0,70,,11791,7,,,0,101,,11792,7,,,0,200,,11788,7,,,0
101,'5660',641,,12397,7,,,0,61,,12396,7,,,0,229,,12395,7,,,0,497,,12394,7,,,0,30,,12399,7,,,0,60,,12392,7,,,0,201,,12393,7,,,0,183,,12388,7,,,0,103,,12389,7,,,0,30,,12398,7,,,0,70,,12390,7,,,0,101,,12391,7,,,0,200,,12387,7,,,0
101,'5661',832,,12405,7,,,0,100,,12403,7,,,0,70,,12407,7,,,0,130,,12408,7,,,0,198,,12410,7,,,0,70,,12409,7,,,0,30,,12401,7,,,0,70,,12404,7,,,0,101,,12402,7,,,0,331,,12400,7,,,0,174,,12406,7,,,0
101,'5662',803,,12411,7,,,0
101,'5663',702,,12412,7,,,0,30,,12413,7,,,0,70,,12414,7,,,0,199,,12415,7,,,0,28,,12416,7,,,0,129,,12417,7,,,0,200,,12418,7,,,0,70,,12419,7,,,0,30,,12420,7,,,0,343,,12421,7,,,0,130,,12422,7,,,0,73,,12423,7,,,0,102,,12424,7,,,0,100,,12425,7,,,0,231,,12426,7,,,0
2501,'4614',840,,10624,23,,,0,301,,11598,24,,,0,403,,11968,24,,,0,396,,10628,24,,,0,89,,11969,23,,,0
2501,'4616',1142,,10638,24,,,0,400,,10637,24,,,0,199,,10639,24,,,0,200,,10635,24,,,0
2501,'5454',838,,11597,23,,,0,304,,10631,24,,,0,400,,10632,24,,,0,199,,10634,24,,,0,200,,10633,24,,,0
2501,'5659',1320,,11967,23,,,0
2501,'5660',1320,,12534,23,,,0
2501,'5663',838,,12535,23,,,0
9200,'4619',1426,,12873,30,4,,0,2,,12318,30,4,,0
9200,'5289',1535,,12874,30,4,,0,2,,11283,30,4,,0
9200,'5299',1444,,11286,30,4,,0
9200,'5659',1442,,12321,30,4,,0
9200,'5664',1442,,12875,30,4,,0
