900,'4614',654,,11525,60,4,,0,81,,11524,60,4,,0,113,,11523,60,4,,0,69,,11907,52,4,,0,30,,11510,46,4,,0,170,,11901,52,4,,0,38,,11900,38,4,,0,62,,11526,46,4,,0,100,,11511,60,4,,0,100,,11902,52,4,,0,100,,11512,60,4,,0,100,,11903,38,4,,0,201,,11905,60,4,,0,98,,11913,60,4,,0,28,,11906,60,4,,0,159,,11908,52,4,,0,197,,11910,52,4,,0
900,'4616',918,,11482,60,4,,0,200,,11488,46,4,,0,31,,11485,60,4,,0,69,,11495,60,4,,0,200,,11493,60,4,,0,100,,11487,60,4,,0,100,,11486,60,4,,0,101,,11490,60,4,,0,98,,11481,46,4,,0,97,,11489,60,4,,0,19,,11494,46,4,,0,75,,11492,46,4,,0,97,,11491,60,4,,0
900,'4619',1647,,11914,52,4,,0
900,'4931',1647,,11915,52,4,,0
900,'5454',918,,11501,60,4,,0,100,,11499,60,4,,0,130,,11504,60,4,,0,170,,11505,46,4,,0,100,,11503,60,4,,0,101,,11497,60,4,,0,99,,11506,60,4,,0,100,,11498,60,4,,0,100,,11500,46,4,,0,121,,11507,60,4,,0,172,,11502,60,4,,0
900,'5659',815,,11911,60,4,,0,902,,11904,46,4,,0,130,,11912,60,4,,0,357,,11909,46,4,,0
900,'5660',815,,12495,60,4,,0,902,,12493,46,4,,0,130,,12496,60,4,,0,357,,12494,46,4,,0
900,'5663',818,,12497,60,4,,0,200,,12498,60,4,,0,300,,12499,46,4,,0
1500,'4614',858,,10456,1,,,0,94,,10457,1,,,0,70,,10461,1,,,0,32,,10459,1,,,0,71,,10460,1,,,0,31,,10458,1,,,0,103,,10465,1,,,0,68,,10464,1,,,0,73,,10463,1,,,0,23,,10462,1,,,0,405,,10466,1,,,0,100,,10467,1,,,0,100,,10468,1,,,0
1500,'4616',923,,10494,1,,,0,100,,10492,1,,,0,105,,10488,1,,,0,100,,10487,1,,,0,101,,10485,1,,,0,101,,10490,1,,,0,100,,10491,1,,,0,99,,10495,1,,,0,200,,10483,1,,,0,101,,10486,1,,,0,100,,11584,1,,,0
1500,'5454',724,,10477,1,,,0,199,,10481,1,,,0,100,,10474,1,,,0,205,,10478,1,,,0,100,,10470,1,,,0,102,,10473,1,,,0,100,,10469,1,,,0,100,,10479,1,,,0,100,,10480,1,,,0,100,,10475,1,,,0
1500,'5658',825,,11943,1,,,0,302,,11942,1,,,0,803,,11941,1,,,0
1500,'5659',922,,11940,1,,,0
1500,'5660',922,,12508,1,,,0
1500,'5661',825,,12511,1,,,0,302,,12510,1,,,0,803,,12509,1,,,0
1500,'5663',724,,12514,1,,,0,101,,12513,1,,,0,905,,12512,1,,,0
1501,'4614',854,,10497,17,4,,0,93,,10499,17,4,,0,69,,10496,17,4,,0,27,,10500,17,4,,0,70,,11587,17,4,,0,30,,10502,17,4,,0,174,,10505,17,4,,0,31,,10504,17,4,,0,569,,10507,17,4,,0,98,,10506,17,4,,0,100,,10508,17,4,,0
1501,'4616',804,,10528,17,4,,0,108,,10532,17,4,,0,103,,10529,17,4,,0,101,,10526,17,4,,0,99,,10530,17,4,,0,101,,10527,17,4,,0,101,,10525,17,4,,0,99,,10520,17,4,,0,201,,10523,17,4,,0,98,,10533,17,4,,0,100,,10524,17,4,,0,100,,10521,17,4,,0,100,,10531,17,4,,0
1501,'5289',917,,12515,17,4,,0
1501,'5454',1013,,10518,17,4,,0,202,,10514,17,4,,0,100,,10511,17,4,,0,100,,10519,17,4,,0,100,,10512,17,4,,0,200,,10510,17,4,,0,100,,10517,17,4,,0
1501,'5658',805,,11950,17,4,,0,309,,11949,17,4,,0,501,,11951,17,4,,0,300,,11952,17,4,,0
1501,'5659',917,,11953,17,4,,0,296,,11947,17,4,,0
1501,'5660',1213,,12516,17,4,,0
1501,'5661',805,,12518,17,4,,0,309,,12517,17,4,,0,501,,12519,17,4,,0,300,,12520,17,4,,0
1501,'5662',917,,12521,17,4,,0
1501,'5663',1616,,12522,17,4,,0
2500,'4614',730,,10609,1,0,5,0,288,,11595,1,,,0,403,,11965,1,,,0,403,,10613,1,,,0
2500,'4616',1018,,10622,1,,,0,396,,10621,1,,,0,201,,10623,1,,,0,203,,10619,1,,,0
2500,'5454',730,,11594,1,0,5,0,288,,10615,1,,,0,396,,10616,1,,,0,201,,10618,1,,,0,203,,10617,1,,,0
2500,'5659',1210,,11964,1,0,5,0
2500,'5660',1210,,12532,1,0,5,0
2500,'5663',730,,12533,1,0,5,0
2501,'4614',851,,10624,28,4,,0,302,,11598,29,4,,0,404,,11968,29,4,,0,393,,10628,29,4,,0,89,,11969,28,4,,0
2501,'4616',1154,,10638,29,4,,0,400,,10637,29,4,,0,198,,10639,29,4,,0,199,,10635,29,4,,0
2501,'5454',848,,11597,28,4,,0,306,,10631,29,4,,0,400,,10632,29,4,,0,198,,10634,29,4,,0,199,,10633,29,4,,0
2501,'5659',1332,,11967,28,4,,0
2501,'5660',1332,,12534,28,4,,0
2501,'5663',848,,12535,28,4,,0
3101,'4614',645,,12015,1,0,23,0,70,,12015,30,4,,0,20,,10787,1,0,23,0,71,,10787,30,4,,0,39,,10788,1,0,23,0,71,,10788,30,4,,0,29,,12016,1,0,23,0,70,,12016,30,4,,0,30,,11629,1,0,23,0,70,,11629,30,4,,0,30,,12018,1,0,23,0,71,,12018,30,4,,0,29,,11632,1,0,23,0,71,,11632,30,4,,0,29,,11633,1,0,23,0,71,,11633,30,4,,0,29,,12017,1,0,23,0,71,,12017,30,4,,0,129,,12020,1,0,23,0,71,,12020,30,4,,0,129,,12022,1,0,23,0,70,,12022,30,4,,0,30,,12023,1,0,23,0,70,,12023,30,4,,0
3101,'4616',645,,11609,1,0,23,0,70,,11609,30,4,,0,130,,11615,1,0,23,0,70,,11615,30,4,,0,30,,11616,1,0,23,0,70,,11616,30,4,,0,130,,11607,1,0,23,0,71,,11607,30,4,,0,29,,11610,1,0,23,0,71,,11610,30,4,,0,29,,11606,1,0,23,0,71,,11606,30,4,,0,29,,10811,1,0,23,0,71,,10811,30,4,,0,29,,11611,1,0,23,0,71,,11611,30,4,,0,29,,11608,1,0,23,0,71,,11608,30,4,,0,29,,11612,1,0,23,0,71,,11612,30,4,,0,29,,11617,1,0,23,0,70,,11617,30,4,,0
3101,'5454',725,,11622,1,0,23,0,30,,11622,30,4,,0,160,,11619,1,0,23,0,30,,11619,30,4,,0,100,,11624,1,0,23,0,70,,11624,30,4,,0,30,,11620,1,0,23,0,70,,11620,30,4,,0,30,,10804,1,0,23,0,70,,10804,30,4,,0,30,,11625,1,0,23,0,70,,11625,30,4,,0,30,,11623,1,0,23,0,70,,11623,30,4,,0,30,,11618,1,0,23,0,70,,11618,30,4,,0,100,,11621,1,0,23,0,30,,11621,30,4,,0,100,,11626,1,0,23,0,70,,11626,30,4,,0
3101,'5659',1530,,12019,1,0,23,0,71,,12019,30,4,,0,144,,12021,1,0,23,0,71,,12021,30,4,,0
3101,'5660',1530,,12580,1,0,23,0,71,,12580,30,4,,0,144,,12581,1,0,23,0,71,,12581,30,4,,0
3101,'5663',745,,12582,1,0,23,0,70,,12582,30,4,,0,230,,12583,1,0,23,0,70,,12583,30,4,,0
1001500,'4614',720,,11343,1,,,0,28,,11341,1,,,0,474,,11345,1,,,0,232,,11351,1,,,0,67,,11347,1,,,0,30,,11346,1,,,0,71,,11348,1,,,0,35,,11349,1,,,0,65,,11350,1,,,0
1001500,'5289',821,,12876,1,,,0
1001500,'5659',640,,12326,1,,,0,181,,12328,1,,,0
1001500,'5660',640,,12877,1,,,0
1001500,'5662',821,,12878,1,,,0
1001501,'4614',810,,12329,22,4,,0,442,,11354,22,4,,0,174,,11355,22,4,,0,75,,11356,22,4,,0,34,,11357,22,4,,0,68,,11358,22,4,,0,34,,11359,22,4,,0,69,,11360,22,4,,0,28,,11361,22,4,,0,70,,11363,22,4,,0,29,,11362,22,4,,0
1001501,'5659',740,,12330,22,4,,0
1001501,'5660',740,,12879,22,4,,0
