801,'4614',606,,11891,26,0,18,0,137,,10318,11,0,18,0,70,,10304,26,0,18,0,96,,11479,26,0,18,0,200,,10300,26,0,18,0,107,,10310,26,0,18,0,102,,10303,26,0,18,0,201,,10306,26,0,18,0,101,,10305,26,0,18,0,100,,10316,26,0,18,0,99,,10308,26,0,18,0,99,,10309,26,0,18,0,100,,10307,26,0,18,0,99,,10313,26,0,18,0,99,,10314,26,0,18,0,100,,10317,26,0,18,0
801,'4616',705,,10335,26,0,18,0,303,,10337,26,0,18,0,101,,10338,26,0,18,0,107,,10346,26,0,18,0,102,,10347,26,0,18,0,202,,10340,26,0,18,0,100,,10341,26,0,18,0,100,,10349,26,0,18,0,199,,10334,26,0,18,0,100,,10343,26,0,18,0,99,,11477,26,0,18,0,99,,10345,26,0,18,0
801,'5289',1539,,10319,26,0,18,0
801,'5454',807,,10325,26,0,18,0,201,,10323,26,0,18,0,101,,10327,26,0,18,0,209,,10328,26,0,18,0,202,,10322,26,0,18,0,100,,10333,26,0,18,0,100,,10320,26,0,18,0,100,,10321,26,0,18,0,99,,10331,26,0,18,0,100,,10330,26,0,18,0
801,'5568',1439,,10350,26,0,18,0
801,'5658',705,,11892,11,0,18,0,203,,11895,26,0,18,0,308,,11893,26,0,18,0,203,,11894,26,0,18,0
801,'5659',705,,11888,26,0,18,0,304,,11890,26,0,18,0,410,,11889,26,0,18,0
801,'5660',705,,12482,26,0,18,0,304,,12484,26,0,18,0,410,,12483,26,0,18,0
801,'5661',705,,12485,11,0,18,0,203,,12488,26,0,18,0,308,,12486,26,0,18,0,203,,12487,26,0,18,0
801,'5663',807,,12492,26,0,18,0,101,,12489,26,0,18,0,511,,12490,26,0,18,0,401,,12491,26,0,18,0
