4000,'4614',639,,12609,53,4,,0,71,,10853,53,4,,0,18,,10879,53,4,,0,16,,12610,53,4,,0,56,,12630,53,4,,0,17,,11643,53,4,,0,20,,12629,53,4,,0,14,,12611,53,4,,0,53,,12628,53,4,,0,14,,12589,53,4,,0,14,,12612,53,4,,0,15,,10831,53,4,,0,55,,11644,53,4,,0,15,,12590,53,4,,0,14,,12613,53,4,,0,16,,12591,53,4,,0,55,,10860,53,4,,0,15,,12592,53,4,,0,16,,12614,53,4,,0,15,,12593,53,4,,0,55,,12615,53,4,,0,15,,12594,53,4,,0,15,,12616,53,4,,0,16,,12595,53,4,,0,55,,10864,53,4,,0,15,,12596,53,4,,0,15,,12617,53,4,,0,15,,12597,53,4,,0,56,,12618,53,4,,0,15,,12598,53,4,,0,17,,12619,53,4,,0,18,,12599,53,4,,0,55,,12620,53,4,,0,15,,10841,53,4,,0,15,,12621,53,4,,0,14,,12600,53,4,,0,56,,12622,53,4,,0,13,,12601,53,4,,0,15,,12623,53,4,,0,15,,12602,53,4,,0,56,,12624,53,4,,0,15,,12603,53,4,,0,13,,12625,53,4,,0,13,,12604,53,4,,0,68,,12605,53,4,,0,15,,12626,53,4,,0,15,,12606,53,4,,0,67,,12607,53,4,,0,30,,12608,53,4,,0,70,,12586,53,4,,0,30,,10827,53,4,,0,70,,10825,53,4,,0,28,,12587,53,4,,0,67,,12585,53,4,,0,29,,12588,53,4,,0,70,,12584,53,4,,0,29,,12627,53,4,,0
4000,'4616',710,,12672,53,4,,0,100,,10937,53,4,,0,30,,10938,53,4,,0,72,,10939,53,4,,0,30,,12673,53,4,,0,72,,12661,53,4,,0,31,,12658,53,4,,0,70,,12656,53,4,,0,32,,12665,53,4,,0,70,,12671,53,4,,0,31,,12653,53,4,,0,70,,12657,53,4,,0,30,,10914,53,4,,0,72,,12667,53,4,,0,31,,10917,53,4,,0,70,,11638,53,4,,0,30,,10929,53,4,,0,70,,10924,53,4,,0,29,,10911,53,4,,0,70,,12659,53,4,,0,28,,12660,53,4,,0,70,,12664,53,4,,0,30,,12662,53,4,,0,70,,12666,53,4,,0,29,,12669,53,4,,0,69,,12655,53,4,,0,29,,12663,53,4,,0,99,,12668,53,4,,0,99,,12654,53,4,,0,97,,12670,53,4,,0
4000,'4619',1804,,12075,53,4,,0
4000,'4931',1804,,12076,53,4,,0
4000,'5454',740,,12633,53,4,,0,100,,12635,53,4,,0,101,,12637,53,4,,0,74,,10892,53,4,,0,28,,12638,53,4,,0,70,,10894,53,4,,0,31,,12639,53,4,,0,71,,12640,53,4,,0,30,,12641,53,4,,0,71,,12642,53,4,,0,32,,12643,53,4,,0,70,,12644,53,4,,0,30,,12645,53,4,,0,72,,12646,53,4,,0,28,,12647,53,4,,0,70,,10904,53,4,,0,29,,10905,53,4,,0,70,,12648,53,4,,0,30,,12649,53,4,,0,68,,12650,53,4,,0,30,,12651,53,4,,0,70,,12652,53,4,,0,29,,12634,53,4,,0,69,,12636,53,4,,0
4001,'4614',620,,12708,1,,,0,30,,12709,1,,,0,70,,12711,1,,,0,15,,12713,1,,,0,16,,12710,1,,,0,55,,12714,1,,,0,15,,12688,1,,,0,17,,12715,1,,,0,15,,12690,1,,,0,56,,12716,1,,,0,15,,12689,1,,,0,15,,12717,1,,,0,15,,12691,1,,,0,55,,12718,1,,,0,15,,12692,1,,,0,15,,12719,1,,,0,15,,12693,1,,,0,55,,12720,1,,,0,15,,12694,1,,,0,15,,12721,1,,,0,15,,12695,1,,,0,55,,12722,1,,,0,15,,12696,1,,,0,15,,12723,1,,,0,15,,12697,1,,,0,55,,12724,1,,,0,15,,12698,1,,,0,15,,12725,1,,,0,15,,12699,1,,,0,51,,12726,1,,,0,10,,12727,1,,,0,10,,12700,1,,,0,10,,12728,1,,,0,20,,12701,1,,,0,60,,12730,1,,,0,11,,12703,1,,,0,10,,12729,1,,,0,10,,12731,1,,,0,10,,12702,1,,,0,60,,12732,1,,,0,10,,12704,1,,,0,14,,12733,1,,,0,15,,12712,1,,,0,55,,12734,1,,,0,15,,12706,1,,,0,15,,12735,1,,,0,15,,12705,1,,,0,55,,12736,1,,,0,15,,12707,1,,,0,15,,12737,1,,,0,15,,12687,1,,,0,70,,12686,1,,,0,31,,12685,1,,,0,69,,12681,1,,,0,30,,12684,1,,,0,70,,12680,1,,,0,30,,12683,1,,,0,70,,12679,1,,,0,30,,12682,1,,,0,70,,12678,1,,,0,30,,12738,1,,,0
4001,'4616',655,,12766,1,,,0,100,,12767,1,,,0,70,,12768,1,,,0,30,,12769,1,,,0,70,,12770,1,,,0,30,,12771,1,,,0,70,,12772,1,,,0,29,,12773,1,,,0,70,,12774,1,,,0,29,,12775,1,,,0,70,,12776,1,,,0,30,,12777,1,,,0,70,,12778,1,,,0,30,,12779,1,,,0,70,,12780,1,,,0,31,,12781,1,,,0,70,,12782,1,,,0,31,,12783,1,,,0,70,,12784,1,,,0,30,,12785,1,,,0,70,,12786,1,,,0,30,,12787,1,,,0,70,,12788,1,,,0,30,,12789,1,,,0,70,,12790,1,,,0,30,,12791,1,,,0,70,,12792,1,,,0,30,,12793,1,,,0,100,,12794,1,,,0,100,,12795,1,,,0,100,,12796,1,,,0
4001,'4619',1505,,12674,1,,,0
4001,'5289',1445,,12675,1,,,0,60,,12676,1,,,0,101,,12677,1,,,0
4001,'5299',1505,,12797,1,,,0
4001,'5454',655,,12739,1,,,0,100,,12741,1,,,0,100,,12743,1,,,0,100,,12745,1,,,0,70,,12746,1,,,0,30,,12747,1,,,0,70,,12748,1,,,0,30,,12749,1,,,0,70,,12750,1,,,0,30,,12751,1,,,0,70,,12752,1,,,0,30,,12753,1,,,0,70,,12754,1,,,0,30,,12755,1,,,0,70,,12756,1,,,0,30,,12757,1,,,0,70,,12758,1,,,0,30,,12759,1,,,0,70,,12760,1,,,0,30,,12761,1,,,0,70,,12762,1,,,0,30,,12744,1,,,0,70,,12742,1,,,0,30,,12740,1,,,0
4001,'5568',1445,,12763,1,,,0,161,,12764,1,,,0
7801,'4614',600,,12869,1,0,15 16 2,0,43,,12869,14,4,,0,57,,12870,1,0,15 16 2,0,46,,12870,14,4,,0,184,,11252,1,0,15 16 2,0,85,,11252,14,4,,0,517,,12871,1,0,15 16 2,0,88,,12871,14,4,,0,183,,12872,1,0,15 16 2,0,44,,12872,14,4,,0
