100,'4614',453,,11755,7,,,0,186,,9925,7,,,0,70,,9919,7,,,0,43,,9915,7,,,0,61,,9917,7,,,0,40,,9928,7,,,0,60,,11444,7,,,0,20,,9906,7,,,0,100,,9897,7,,,0,70,,9914,7,,,0,30,,9898,7,,,0,70,,9907,7,,,0,30,,9900,7,,,0,70,,9910,7,,,0,31,,9927,7,,,0,220,,9903,7,,,0,60,,9889,7,,,0,20,,9909,7,,,0,20,,9891,7,,,0,60,,9899,7,,,0,20,,9926,7,,,0,99,,9893,7,,,0,69,,9920,7,,,0,129,,9894,7,,,0,70,,9922,7,,,0,58,,9923,7,,,0,100,,9924,7,,,0,99,,9902,7,,,0
100,'4616',629,,9993,7,,,0,30,,9986,7,,,0,241,,9984,7,,,0,32,,9979,7,,,0,70,,9965,7,,,0,132,,9962,7,,,0,70,,9982,7,,,0,130,,9977,7,,,0,300,,11439,7,,,0,70,,9992,7,,,0,30,,9972,7,,,0,69,,9976,7,,,0,99,,9959,7,,,0,30,,9988,7,,,0,227,,9963,7,,,0,100,,9969,7,,,0,100,,9975,7,,,0
100,'5289',731,,12342,7,,,0
100,'5454',729,,9950,7,,,0,100,,9941,7,,,0,103,,9931,7,,,0,170,,9946,7,,,0,30,,9953,7,,,0,101,,9939,7,,,0,70,,9954,7,,,0,31,,9933,7,,,0,100,,9945,7,,,0,100,,9942,7,,,0,169,,9937,7,,,0,30,,9932,7,,,0,68,,9935,7,,,0,29,,9956,7,,,0,170,,9957,7,,,0,30,,9948,7,,,0,29,,9958,7,,,0
100,'5658',759,,11765,7,,,0,100,,11761,7,,,0,143,,11762,7,,,0,30,,11767,7,,,0,171,,11760,7,,,0,201,,11766,7,,,0,100,,11759,7,,,0,99,,11763,7,,,0,30,,11768,7,,,0,267,,11764,7,,,0,30,,11758,7,,,0
100,'5659',538,,11756,7,,,0,70,,11753,7,,,0,123,,11769,7,,,0,101,,11752,7,,,0,171,,11751,7,,,0,401,,11748,7,,,0,30,,11747,7,,,0,70,,11749,7,,,0,30,,11743,7,,,0,269,,11750,7,,,0,129,,11746,7,,,0,69,,11754,7,,,0,130,,11744,7,,,0,98,,11745,7,,,0
100,'5660',538,,12355,7,,,0,70,,12353,7,,,0,224,,12352,7,,,0,171,,12351,7,,,0,401,,12348,7,,,0,30,,12347,7,,,0,70,,12349,7,,,0,30,,12343,7,,,0,269,,12350,7,,,0,129,,12346,7,,,0,69,,12354,7,,,0,130,,12344,7,,,0,98,,12345,7,,,0
100,'5661',759,,12363,7,,,0,100,,12359,7,,,0,143,,12360,7,,,0,30,,12365,7,,,0,171,,12358,7,,,0,201,,12364,7,,,0,100,,12357,7,,,0,99,,12361,7,,,0,30,,12366,7,,,0,267,,12362,7,,,0,30,,12356,7,,,0
100,'5662',731,,12367,7,,,0
100,'5663',729,,12371,7,,,0,30,,12375,7,,,0,70,,12374,7,,,0,204,,12373,7,,,0,71,,12380,7,,,0,130,,12370,7,,,0,70,,12385,7,,,0,100,,12368,7,,,0,30,,12382,7,,,0,70,,12383,7,,,0,30,,12369,7,,,0,70,,12384,7,,,0,228,,12381,7,,,0,170,,12377,7,,,0,29,,12379,7,,,0,70,,12376,7,,,0,30,,12378,7,,,0,98,,12372,7,,,0
2000,'4614',609,2,10539,37,,,0,102,2,10540,37,,,0,107,2,10541,37,,,0,1188,2,10537,37,,,0,198,2,10538,37,,,0
2000,'4616',2007,2,10559,37,,,0,198,2,10564,37,,,0
2000,'5454',910,,10548,37,,,0,202,,10551,37,,,0,201,,10550,37,,,0,202,,10552,37,,,0,200,,10549,37,,,0,293,,10553,37,,,0
2500,'4614',740,,10609,6,0,5,0,288,,11595,6,,,0,404,,11965,6,,,0,402,,10613,6,,,0
2500,'4616',1028,,10622,6,,,0,397,,10621,6,,,0,201,,10623,6,,,0,202,,10619,6,,,0
2500,'5454',739,,11594,6,0,5,0,289,,10615,6,,,0,397,,10616,6,,,0,201,,10618,6,,,0,202,,10617,6,,,0
2500,'5659',1221,,11964,6,0,5,0
2500,'5660',1221,,12532,6,0,5,0
2500,'5663',739,,12533,6,0,5,0
7201,'4614',727,,11677,32,4,,0,30,,11181,32,4,,0,143,,11183,32,4,,0,100,,11678,32,4,,0,30,,11186,32,4,,0,70,,11187,32,4,,0,30,,11188,32,4,,0,29,,11189,32,4,,0,70,,11190,32,4,,0,30,,11191,32,4,,0,70,,11192,32,4,,0,30,,11193,32,4,,0,70,,11194,32,4,,0,30,,11195,32,4,,0,100,,11197,32,4,,0,70,,11198,32,4,,0,30,,11199,32,4,,0,70,,11200,32,4,,0,30,,11201,32,4,,0,70,,11202,32,4,,0,30,,11203,32,4,,0,170,,11205,32,4,,0,100,,11206,32,4,,0,230,,11208,32,4,,0
7201,'4616',729,,11228,32,4,,0,100,,11229,32,4,,0,100,,11230,32,4,,0,100,,11232,32,4,,0,730,,11247,32,4,,0,100,,11249,32,4,,0,370,,11225,32,4,,0
7201,'5454',829,,11209,32,4,,0,100,,11210,32,4,,0,100,,11211,32,4,,0,100,,11212,32,4,,0,299,,11215,32,4,,0,100,,11216,32,4,,0,101,,11217,32,4,,0,100,,11218,32,4,,0
7201,'5658',1228,,12288,32,4,,0,100,,12289,32,4,,0,501,,12290,32,4,,0,100,,12291,32,4,,0,100,,12292,32,4,,0
7201,'5659',827,,12283,32,4,,0,103,,12284,32,4,,0,599,,12285,32,4,,0,400,,12286,32,4,,0,300,,12287,32,4,,0
7201,'5660',827,,12838,32,4,,0,103,,12839,32,4,,0,599,,12840,32,4,,0,400,,12841,32,4,,0,300,,12842,32,4,,0
7201,'5661',1228,,12843,32,4,,0,100,,12844,32,4,,0,501,,12845,32,4,,0,100,,12846,32,4,,0,100,,12847,32,4,,0
7201,'5663',959,,12853,32,4,,0,100,,12854,32,4,,0,70,,12855,32,4,,0,30,,12856,32,4,,0,70,,12857,32,4,,0,30,,12858,32,4,,0,70,,12859,32,4,,0,30,,12860,32,4,,0,70,,12861,32,4,,0,30,,12862,32,4,,0,70,,12863,32,4,,0,30,,12864,32,4,,0,70,,12865,32,4,,0,30,,12866,32,4,,0,70,,12867,32,4,,0,100,,12868,32,4,,0,100,,12848,32,4,,0,100,,12849,32,4,,0,100,,12850,32,4,,0,200,,12851,32,4,,0,100,,12852,32,4,,0
1002000,'4614',1246,2,11739,43,,,0,206,2,11373,43,,,0,103,2,11369,43,,,0,184,2,11374,43,,,0,368,2,11375,43,,,0,199,2,11376,43,,,0
1002000,'4616',637,2,11389,43,,,0,201,2,11388,43,,,0,200,2,11391,43,,,0,101,2,11392,43,,,0,100,2,11393,43,,,0,201,2,11395,43,,,0,100,2,11400,43,,,0,100,2,11396,43,,,0,98,2,11397,43,,,0,174,2,11398,43,,,0,196,2,11399,43,,,0,198,2,11387,43,,,0
1002000,'5299',1642,2,11378,43,,,0,269,2,11379,43,,,0
1002000,'5454',714,2,11737,43,,,0,100,2,11386,43,,,0
1002000,'5567',1642,2,11402,43,,,0,269,2,11403,43,,,0
1002000,'5659',843,2,12333,43,,,0
1002000,'5660',843,2,12882,43,,,0
1002000,'5663',738,2,12885,43,,,0,200,2,12883,43,,,0,401,2,12884,43,,,0
