2000,'4614',600,,10539,25,0,9 12 2 5,0,100,,10540,25,0,9 12 2 5,0,105,,10541,25,0,9 12 2 5,0,97,,10534,25,,,0,200,,10542,25,,,0,201,,10544,25,,,0,100,,10535,25,,,0,207,,10545,25,,,0,97,,10546,25,,,0,98,,10536,25,,,0,151,,10537,25,0,9 12 2 5,0,199,,10538,25,0,9 12 2 5,0
2000,'4616',902,,10562,25,,,0,202,,10563,25,,,0,200,,10555,25,,,0,100,,10557,25,,,0,101,,10565,25,,,0,100,,10558,25,,,0,100,,10556,25,,,0,97,,10560,25,,,0,155,,10559,25,0,9 12 2 5,0,198,,10564,25,0,9 12 2 5,0
2000,'5289',1002,,12524,25,,,0,201,,12523,25,,,0
2000,'5454',902,,10548,25,0,9 12 2 5,0,201,,10551,25,0,9 12 2 5,0,201,,10550,25,0,9 12 2 5,0,202,,10552,25,0,9 12 2 5,0,200,,10549,25,0,9 12 2 5,0,294,,10553,25,0,9 12 2 5,0
2000,'5659',1002,,11958,25,,,0,201,,11957,25,,,0
2000,'5662',1002,,12526,25,,,0,201,,12525,25,,,0
2000,'5663',802,,12529,25,,,0,201,,12528,25,,,0,201,,12527,25,,,0
9200,'4619',1415,,12873,21,,,0,2,,12318,21,,,0
9200,'5289',1524,,12874,21,,,0,2,,11283,21,,,0
9200,'5299',1433,,11286,21,,,0
9200,'5659',1431,,12321,21,,,0
9200,'5664',1431,,12875,21,,,0
1002000,'4614',632,,11370,31,,,0,113,,11371,31,,,0,189,,11372,31,,,0,100,,11738,31,,,0,201,,11739,31,,,0,100,,11367,31,,,0,105,,11373,31,,,0,104,,11369,31,,,0,185,,11374,31,,,0,329,,11375,31,,,0,199,,11376,31,,,0
1002000,'4616',627,,11389,31,,,0,200,,11388,31,,,0,200,,11391,31,,,0,101,,11392,31,,,0,100,,11393,31,,,0,201,,11395,31,,,0,100,,11400,31,,,0,100,,11396,31,,,0,98,,11397,31,,,0,175,,11398,31,,,0,156,,11399,31,,,0,199,,11387,31,,,0
1002000,'5299',1632,,11378,31,,,0,269,,11379,31,,,0
1002000,'5454',704,,11737,31,,,0,100,,11386,31,,,0,200,,11381,31,,,0,201,,11382,31,,,0,200,,11383,31,,,0,202,,11384,31,,,0,199,,11385,31,,,0
1002000,'5567',1632,,11402,31,,,0,269,,11403,31,,,0
1002000,'5659',831,,12333,31,,,0,303,,12331,31,,,0,395,,12332,31,,,0
1002000,'5660',831,,12882,31,,,0,303,,12880,31,,,0,395,,12881,31,,,0
1002000,'5663',727,,12885,31,,,0,200,,12883,31,,,0,401,,12884,31,,,0
