801,'4614',604,,11891,22,0,18,0,137,,10318,7,0,18,0,70,,10304,22,0,18,0,96,,11479,22,0,18,0,200,,10300,22,0,18,0,107,,10310,22,0,18,0,102,,10303,22,0,18,0,201,,10306,22,0,18,0,101,,10305,22,0,18,0,100,,10316,22,0,18,0,99,,10308,22,0,18,0,99,,10309,22,0,18,0,100,,10307,22,0,18,0,100,,10313,22,0,18,0,99,,10314,22,0,18,0,100,,10317,22,0,18,0
801,'4616',703,,10335,22,0,18,0,303,,10337,22,0,18,0,101,,10338,22,0,18,0,107,,10346,22,0,18,0,102,,10347,22,0,18,0,202,,10340,22,0,18,0,100,,10341,22,0,18,0,100,,10349,22,0,18,0,199,,10334,22,0,18,0,100,,10343,22,0,18,0,99,,11477,22,0,18,0,99,,10345,22,0,18,0
801,'5289',1537,,10319,22,0,18,0
801,'5454',805,,10325,22,0,18,0,201,,10323,22,0,18,0,101,,10327,22,0,18,0,209,,10328,22,0,18,0,202,,10322,22,0,18,0,100,,10333,22,0,18,0,100,,10320,22,0,18,0,100,,10321,22,0,18,0,99,,10331,22,0,18,0,100,,10330,22,0,18,0
801,'5568',1437,,10350,22,0,18,0
801,'5658',703,,11892,7,0,18,0,203,,11895,22,0,18,0,308,,11893,22,0,18,0,203,,11894,22,0,18,0
801,'5659',703,,11888,22,0,18,0,304,,11890,22,0,18,0,410,,11889,22,0,18,0
801,'5660',703,,12482,22,0,18,0,304,,12484,22,0,18,0,410,,12483,22,0,18,0
801,'5661',703,,12485,7,0,18,0,203,,12488,22,0,18,0,308,,12486,22,0,18,0,203,,12487,22,0,18,0
801,'5663',805,,12492,22,0,18,0,101,,12489,22,0,18,0,511,,12490,22,0,18,0,401,,12491,22,0,18,0
