101,'4614',633,,12397,4,,,0,20,,12396,4,,,0,60,,10025,4,,,0,20,,10019,4,,,0,80,,10034,4,,,0,22,,11456,4,,,0,20,,10018,4,,,0,66,,12395,4,,,0,30,,10014,4,,,0,70,,11455,4,,,0,30,,10005,4,,,0,70,,10016,4,,,0,29,,10006,4,,,0,69,,10012,4,,,0,30,,10033,4,,,0,69,,10013,4,,,0,30,,10009,4,,,0,70,,12394,4,,,0,29,,12399,4,,,0,59,,12392,4,,,0,20,,9994,4,,,0,22,,10020,4,,,0,60,,9996,4,,,0,20,,10004,4,,,0,20,,9995,4,,,0,61,,12393,4,,,0,20,,10008,4,,,0,21,,10032,4,,,0,103,,12388,4,,,0,71,,10027,4,,,0,33,,12389,4,,,0,70,,12398,4,,,0,30,,12390,4,,,0,70,,10029,4,,,0,31,,12391,4,,,0,70,,10028,4,,,0,30,,10003,4,,,0,70,,10030,4,,,0,31,,12387,4,,,0,70,,9997,4,,,0
101,'4616',653,,12412,4,,,0,70,,12413,4,,,0,30,,12414,4,,,0,70,,10068,4,,,0,28,,10069,4,,,0,70,,10070,4,,,0,30,,12415,4,,,0,68,,12416,4,,,0,30,,10073,4,,,0,69,,10074,4,,,0,30,,12417,4,,,0,70,,10076,4,,,0,30,,10077,4,,,0,70,,10078,4,,,0,30,,12418,4,,,0,70,,12419,4,,,0,30,,12420,4,,,0,70,,10082,4,,,0,31,,11449,4,,,0,70,,10084,4,,,0,31,,10085,4,,,0,71,,10086,4,,,0,30,,12421,4,,,0,70,,10088,4,,,0,30,,10089,4,,,0,71,,12422,4,,,0,33,,12423,4,,,0,71,,10092,4,,,0,31,,12424,4,,,0,70,,10094,4,,,0,30,,12425,4,,,0,71,,10096,4,,,0,30,,10097,4,,,0,71,,10098,4,,,0,100,,12426,4,,,0
101,'4619',1821,,11801,4,,,0
101,'4931',1821,,11802,4,,,0
101,'5289',753,,12386,4,,,0
101,'5454',753,,10046,4,,,0,70,,12405,4,,,0,30,,10049,4,,,0,69,,12403,4,,,0,30,,12407,4,,,0,70,,10045,4,,,0,30,,10055,4,,,0,70,,12408,4,,,0,29,,10039,4,,,0,69,,10043,4,,,0,29,,10056,4,,,0,71,,12410,4,,,0,30,,12409,4,,,0,70,,12401,4,,,0,30,,12404,4,,,0,70,,11452,4,,,0,31,,12402,4,,,0,70,,10040,4,,,0,30,,10047,4,,,0,70,,10041,4,,,0,30,,10062,4,,,0,72,,10061,4,,,0,30,,10050,4,,,0,70,,12400,4,,,0,34,,10054,4,,,0,70,,10063,4,,,0,30,,12406,4,,,0,70,,10064,4,,,0
101,'5568',753,,12411,4,,,0
2001,'4614',642,,10573,4,,,0,85,,10579,4,0,9 10 11,0,30,,10572,4,0,9 10 11,0,145,,10567,4,,,0,45,,10578,4,0,9 10 11,0,75,,10568,4,,,0,100,,11593,4,,,0,101,,12530,4,,,0,100,,10575,4,,,0,97,,10576,4,0,9 10 11,0,407,,10569,4,,,0,320,,10570,4,0,9 10 11,0,200,,10571,4,0,9 10 11,0
2001,'4616',817,,12531,4,0,9 10 11,0,110,,10597,4,,,0,100,,10601,4,,,0,100,,10598,4,,,0,101,,10591,4,,,0,100,,10600,4,,,0,100,,10604,4,,,0,100,,10594,4,,,0,100,,10599,4,,,0,100,,10595,4,,,0,99,,10592,4,,,0,120,,10603,4,0,9 10 11,0,200,,10596,4,0,9 10 11,0,200,,10593,4,0,9 10 11,0
2001,'5289',1628,,10581,4,,,0
2001,'5299',1528,,10584,4,,,0,200,,10582,4,,,0,219,,10583,4,0,9 10 11,0
2001,'5454',747,,11592,4,,,0,201,,10585,4,,,0,200,,10587,4,,,0,200,,10586,4,,,0,201,,10588,4,,,0,199,,10589,4,,,0
2001,'5567',1528,,10607,4,,,0,200,,10605,4,,,0,219,,10606,4,0,9 10 11,0
2001,'5568',1628,,10608,4,,,0
2501,'4614',815,,10624,4,,,0,302,,11598,5,,,0,139,,12534,4,,,0,262,,11968,5,,,0,399,,10628,5,,,0,90,,11969,4,,,0
2501,'4616',816,,12535,4,,,0,302,,10638,5,,,0,400,,10637,5,,,0,200,,10639,5,,,0,200,,10635,5,,,0
2501,'5454',816,,11597,4,,,0,302,,10631,5,,,0,400,,10632,5,,,0,200,,10634,5,,,0,200,,10633,5,,,0
7201,'4614',703,,11677,4,,,0,28,,11181,4,,,0,28,,12838,4,,,0,75,,11183,4,,,0,72,,12839,4,,,0,31,,11678,4,,,0,70,,11186,4,,,0,30,,11187,4,,,0,70,,11188,4,,,0,29,,11189,4,,,0,70,,11190,4,,,0,30,,11191,4,,,0,70,,11192,4,,,0,30,,11193,4,,,0,68,,11194,4,,,0,30,,11195,4,,,0,70,,12840,4,,,0,30,,11197,4,,,0,71,,11198,4,,,0,31,,11199,4,,,0,70,,11200,4,,,0,30,,11201,4,,,0,70,,11202,4,,,0,31,,11203,4,,,0,71,,12841,4,,,0,100,,11205,4,,,0,101,,11206,4,,,0,100,,12842,4,,,0,132,,11208,4,,,0
7201,'4616',709,,11228,4,,,0,98,,11229,4,,,0,100,,11230,4,,,0,30,,12853,4,,,0,70,,11232,4,,,0,30,,12854,4,,,0,70,,12855,4,,,0,29,,12856,4,,,0,70,,12857,4,,,0,30,,12858,4,,,0,70,,12859,4,,,0,30,,12860,4,,,0,70,,12861,4,,,0,30,,12862,4,,,0,70,,12863,4,,,0,30,,12864,4,,,0,70,,12865,4,,,0,31,,12866,4,,,0,70,,12867,4,,,0,30,,11247,4,,,0,70,,12868,4,,,0,30,,11249,4,,,0,70,,12848,4,,,0,101,,12849,4,,,0,101,,12850,4,,,0,100,,11225,4,,,0,101,,12851,4,,,0,101,,12852,4,,,0
7201,'5454',807,,11209,4,,,0,100,,11210,4,,,0,100,,11211,4,,,0,100,,11212,4,,,0,98,,12843,4,,,0,100,,12844,4,,,0,100,,11215,4,,,0,100,,11216,4,,,0,101,,11217,4,,,0,101,,11218,4,,,0,100,,12845,4,,,0,100,,12846,4,,,0,102,,12847,4,,,0
1002001,'4614',702,,11408,4,,,0,125,,11409,4,,,0,100,,11742,4,,,0,225,,11404,4,,,0,101,,11405,4,,,0,95,,12887,4,,,0,100,,11406,4,,,0,100,,11407,4,,,0,100,,11413,4,,,0,100,,11414,4,,,0,99,,11415,4,,,0,200,,11416,4,,,0,200,,11417,4,,,0
1002001,'4616',717,,11438,4,,,0,130,,12889,4,,,0,100,,11426,4,,,0,100,,12890,4,,,0,100,,11428,4,,,0,101,,11437,4,,,0,100,,11429,4,,,0,100,,11430,4,,,0,100,,11431,4,,,0,100,,11432,4,,,0,100,,11433,4,,,0,99,,11434,4,,,0,200,,11435,4,,,0,200,,11436,4,,,0
1002001,'5289',1052,,12886,4,,,0
1002001,'5454',847,,11418,4,,,0,201,,11419,4,,,0,200,,11420,4,,,0,200,,11421,4,,,0,200,,11422,4,,,0,199,,11424,4,,,0,200,,11423,4,,,0
1002001,'5568',1052,,12888,4,,,0
