3001,'4614',635,,10741,33,,,0,72,,10734,33,,,0,104,,10736,33,,,0,17,,10739,33,,,0,15,,10738,33,,,0,70,,10735,33,,,0,130,,10713,33,,,0,70,,11604,33,,,0,30,,10714,33,,,0,70,,10716,33,,,0,30,,10718,33,,,0,70,,10720,33,,,0,102,,10717,33,,,0,30,,10722,33,,,0,70,,10719,33,,,0,99,,10723,33,,,0,198,,10725,33,,,0,29,,10726,33,,,0,69,,10727,33,,,0,199,,10730,33,,,0,100,,10731,33,,,0,99,,10728,33,,,0,100,,10732,33,,,0
3001,'4616',740,,10757,33,,,0,101,,10758,33,,,0,100,,10759,33,,,0,71,,10760,33,,,0,30,,10761,33,,,0,70,,10762,33,,,0,30,,10763,33,,,0,101,,10765,33,,,0,70,,10766,33,,,0,30,,10767,33,,,0,70,,10768,33,,,0,30,,10769,33,,,0,100,,10771,33,,,0,69,,10772,33,,,0,99,,10774,33,,,0,129,,10777,33,,,0,70,,10778,33,,,0,200,,10780,33,,,0,297,,10783,33,,,0
3001,'5289',1545,,10743,33,,,0,169,,10742,33,,,0
3001,'5454',1011,,10746,33,,,0,100,,10747,33,,,0,202,,10749,33,,,0,100,,10750,33,,,0,199,,10752,33,,,0,100,,10753,33,,,0,197,,10755,33,,,0,100,,10756,33,,,0
3001,'5568',1545,,10785,33,,,0,169,,10784,33,,,0
3001,'5658',809,,12002,33,,,0,101,,12003,33,,,0,303,,12004,33,,,0,300,,12005,33,,,0,298,,12006,33,,,0
3001,'5659',737,,11999,33,,,0,120,,12001,33,,,0,85,,11994,33,,,0,71,,11995,33,,,0,332,,11996,33,,,0,299,,12000,33,,,0,100,,11997,33,,,0,266,,11998,33,,,0
3001,'5660',737,,12564,33,,,0,120,,12566,33,,,0,85,,12559,33,,,0,71,,12560,33,,,0,332,,12561,33,,,0,299,,12565,33,,,0,100,,12562,33,,,0,266,,12563,33,,,0
3001,'5661',809,,12567,33,,,0,101,,12568,33,,,0,303,,12569,33,,,0,300,,12570,33,,,0,298,,12571,33,,,0
3001,'5663',1213,,12572,33,,,0,300,,12573,33,,,0,129,,12574,33,,,0,100,,12575,33,,,0,68,,12576,33,,,0,200,,12577,33,,,0,199,,12578,33,,,0,99,,12579,33,,,0
