2001,'4614',651,,10573,15,,,0,87,,10579,15,0,9 10 11,0,70,,10572,15,0,9 10 11,0,105,,10567,15,,,0,45,,10578,15,0,9 10 11,0,75,,10568,15,,,0,100,,11593,15,,,0,101,,11962,15,,,0,100,,10575,15,,,0,97,,10576,15,0,9 10 11,0,406,,10569,15,,,0,320,,10570,15,0,9 10 11,0,198,,10571,15,0,9 10 11,0
2001,'4616',827,,11963,15,0,9 10 11,0,110,,10597,15,,,0,100,,10601,15,,,0,100,,10598,15,,,0,101,,10591,15,,,0,100,,10600,15,,,0,100,,10604,15,,,0,101,,10594,15,,,0,99,,10599,15,,,0,100,,10595,15,,,0,99,,10592,15,,,0,120,,10603,15,0,9 10 11,0,200,,10596,15,0,9 10 11,0,198,,10593,15,0,9 10 11,0
2001,'5289',1639,,10581,15,,,0
2001,'5299',1539,,10584,15,,,0,200,,10582,15,,,0,218,,10583,15,0,9 10 11,0
2001,'5454',756,,11592,15,,,0,202,,10585,15,,,0,200,,10587,15,,,0,201,,10586,15,,,0,241,,10588,15,,,0,159,,10589,15,,,0
2001,'5567',1539,,10607,15,,,0,200,,10605,15,,,0,218,,10606,15,0,9 10 11,0
2001,'5568',1639,,10608,15,,,0
7201,'4614',713,,11677,16,,,0,29,,11181,16,,,0,68,,12283,16,,,0,35,,11183,16,,,0,72,,12284,16,,,0,30,,11678,16,,,0,70,,11186,16,,,0,30,,11187,16,,,0,70,,11188,16,,,0,29,,11189,16,,,0,70,,11190,16,,,0,30,,11191,16,,,0,70,,11192,16,,,0,30,,11193,16,,,0,69,,11194,16,,,0,30,,11195,16,,,0,70,,12285,16,,,0,30,,11197,16,,,0,70,,11198,16,,,0,31,,11199,16,,,0,70,,11200,16,,,0,30,,11201,16,,,0,70,,11202,16,,,0,31,,11203,16,,,0,70,,12286,16,,,0,100,,11205,16,,,0,100,,11206,16,,,0,100,,12287,16,,,0,132,,11208,16,,,0
7201,'4616',718,,11228,16,,,0,99,,11229,16,,,0,100,,11230,16,,,0,30,,12298,16,,,0,70,,11232,16,,,0,30,,12299,16,,,0,70,,12300,16,,,0,29,,12301,16,,,0,70,,12302,16,,,0,30,,12303,16,,,0,70,,12304,16,,,0,30,,12305,16,,,0,70,,12306,16,,,0,31,,12307,16,,,0,70,,12308,16,,,0,30,,12309,16,,,0,70,,12310,16,,,0,30,,12311,16,,,0,70,,12312,16,,,0,30,,11247,16,,,0,70,,12313,16,,,0,30,,11249,16,,,0,70,,12293,16,,,0,100,,12294,16,,,0,101,,12295,16,,,0,100,,11225,16,,,0,100,,12296,16,,,0,101,,12297,16,,,0
7201,'5454',817,,11209,16,,,0,100,,11210,16,,,0,100,,11211,16,,,0,100,,11212,16,,,0,98,,12288,16,,,0,100,,12289,16,,,0,100,,11215,16,,,0,101,,11216,16,,,0,101,,11217,16,,,0,100,,11218,16,,,0,100,,12290,16,,,0,100,,12291,16,,,0,101,,12292,16,,,0
1002001,'4614',711,,11408,15,,,0,127,,11409,15,,,0,100,,11742,15,,,0,265,,11404,15,,,0,101,,11405,15,,,0,55,,12337,15,,,0,100,,11406,15,,,0,100,,11407,15,,,0,100,,11413,15,,,0,100,,11414,15,,,0,98,,11415,15,,,0,200,,11416,15,,,0,199,,11417,15,,,0
1002001,'4616',726,,11438,15,,,0,131,,12340,15,,,0,100,,11426,15,,,0,100,,12341,15,,,0,100,,11428,15,,,0,101,,11437,15,,,0,100,,11429,15,,,0,100,,11430,15,,,0,100,,11431,15,,,0,100,,11432,15,,,0,100,,11433,15,,,0,99,,11434,15,,,0,200,,11435,15,,,0,199,,11436,15,,,0
1002001,'5289',1103,,12338,15,,,0
1002001,'5454',857,,11418,15,,,0,201,,11419,15,,,0,201,,11420,15,,,0,200,,11421,15,,,0,200,,11422,15,,,0,199,,11424,15,,,0,199,,11423,15,,,0
1002001,'5568',1103,,12339,15,,,0
