2000,'4614',557,,10539,21,0,9 12 2 5,0,101,,10540,21,0,9 12 2 5,0,143,,10541,21,0,9 12 2 5,0,99,,10534,21,,,0,200,,10542,21,,,0,201,,10544,21,,,0,100,,10535,21,,,0,206,,10545,21,,,0,97,,10546,21,,,0,99,,10536,21,,,0,151,,10537,21,0,9 12 2 5,0,198,,10538,21,0,9 12 2 5,0
2000,'4616',900,,10562,21,,,0,202,,10563,21,,,0,200,,10555,21,,,0,100,,10557,21,,,0,101,,10565,21,,,0,100,,10558,21,,,0,100,,10556,21,,,0,97,,10560,21,,,0,155,,10559,21,0,9 12 2 5,0,198,,10564,21,0,9 12 2 5,0
2000,'5289',1000,,12524,21,,,0,201,,12523,21,,,0
2000,'5454',859,,10548,21,0,9 12 2 5,0,242,,10551,21,0,9 12 2 5,0,201,,10550,21,0,9 12 2 5,0,201,,10552,21,0,9 12 2 5,0,200,,10549,21,0,9 12 2 5,0,255,,10553,21,0,9 12 2 5,0
2000,'5659',1000,,11958,21,,,0,201,,11957,21,,,0
2000,'5662',1000,,12526,21,,,0,201,,12525,21,,,0
2000,'5663',800,,12529,21,,,0,201,,12528,21,,,0,201,,12527,21,,,0
9200,'4619',1413,,12873,17,,,0,2,,12318,17,,,0
9200,'5289',1522,,12874,17,,,0,2,,11283,17,,,0
9200,'5299',1430,,11286,17,,,0
9200,'5659',1428,,12321,17,,,0
9200,'5664',1428,,12875,17,,,0
1002000,'4614',630,,11370,27,,,0,112,,11371,27,,,0,190,,11372,27,,,0,100,,11738,27,,,0,201,,11739,27,,,0,100,,11367,27,,,0,104,,11373,27,,,0,104,,11369,27,,,0,185,,11374,27,,,0,329,,11375,27,,,0,199,,11376,27,,,0
1002000,'4616',625,,11389,27,,,0,200,,11388,27,,,0,200,,11391,27,,,0,101,,11392,27,,,0,100,,11393,27,,,0,201,,11395,27,,,0,100,,11400,27,,,0,100,,11396,27,,,0,98,,11397,27,,,0,175,,11398,27,,,0,156,,11399,27,,,0,198,,11387,27,,,0
1002000,'5299',1629,,11378,27,,,0,230,,11379,27,,,0
1002000,'5454',701,,11737,27,,,0,100,,11386,27,,,0,201,,11381,27,,,0,201,,11382,27,,,0,200,,11383,27,,,0,201,,11384,27,,,0,200,,11385,27,,,0
1002000,'5567',1629,,11402,27,,,0,230,,11403,27,,,0
1002000,'5659',829,,12333,27,,,0,303,,12331,27,,,0,394,,12332,27,,,0
1002000,'5660',829,,12882,27,,,0,303,,12880,27,,,0,394,,12881,27,,,0
1002000,'5663',725,,12885,27,,,0,200,,12883,27,,,0,401,,12884,27,,,0
