801,'4614',612,,11891,36,,,0,137,,10318,21,,,0,70,,10304,36,,,0,96,,11479,36,,,0,200,,10300,36,,,0,107,,10310,36,,,0,102,,10303,36,,,0,202,,10306,36,,,0,101,,10305,36,,,0,99,,10316,36,,,0,99,,10308,36,,,0,98,,10309,36,,,0,100,,10307,36,,,0,99,,10313,36,,,0,99,,10314,36,,,0,100,,10317,36,,,0
801,'4616',710,,10335,36,,,0,303,,10337,36,,,0,101,,10338,36,,,0,107,,10346,36,,,0,102,,10347,36,,,0,202,,10340,36,,,0,100,,10341,36,,,0,100,,10349,36,,,0,199,,10334,36,,,0,100,,10343,36,,,0,99,,11477,36,,,0,99,,10345,36,,,0
801,'5289',1546,,10319,36,0,24 25 26 7,0
801,'5454',812,,10325,36,,,0,201,,10323,36,,,0,101,,10327,36,,,0,209,,10328,36,,,0,202,,10322,36,,,0,100,,10333,36,,,0,100,,10320,36,,,0,100,,10321,36,,,0,99,,10331,36,,,0,100,,10330,36,,,0
801,'5568',1446,,10350,36,0,24 25 26 7,0
801,'5658',710,,11892,21,,,0,203,,11895,36,,,0,308,,11893,36,,,0,203,,11894,36,,,0
801,'5659',711,,11888,36,,,0,304,,11890,36,,,0,411,,11889,36,,,0
801,'5660',711,,12482,36,,,0,304,,12484,36,,,0,411,,12483,36,,,0
801,'5661',710,,12485,21,,,0,203,,12488,36,,,0,308,,12486,36,,,0,203,,12487,36,,,0
801,'5663',812,,12492,36,,,0,101,,12489,36,,,0,511,,12490,36,,,0,401,,12491,36,,,0
