100,'4614',505,,11755,13,4,,0,147,,9925,13,4,,0,72,,9919,13,4,,0,83,,9915,13,4,,0,21,,9917,13,4,,0,79,,9928,13,4,,0,20,,11444,13,4,,0,20,,9906,13,4,,0,101,,9897,13,4,,0,70,,9914,13,4,,0,31,,9898,13,4,,0,70,,9907,13,4,,0,31,,9900,13,4,,0,70,,9910,13,4,,0,31,,9927,13,4,,0,260,,9903,13,4,,0,20,,9889,13,4,,0,20,,9909,13,4,,0,60,,9891,13,4,,0,19,,9899,13,4,,0,19,,9926,13,4,,0,99,,9893,13,4,,0,68,,9920,13,4,,0,129,,9894,13,4,,0,70,,9922,13,4,,0,97,,9923,13,4,,0,99,,9924,13,4,,0,98,,9902,13,4,,0
100,'4616',641,,9993,13,4,,0,70,,9986,13,4,,0,203,,9984,13,4,,0,32,,9979,13,4,,0,70,,9965,13,4,,0,134,,9962,13,4,,0,70,,9982,13,4,,0,130,,9977,13,4,,0,300,,11439,13,4,,0,69,,9992,13,4,,0,30,,9972,13,4,,0,69,,9976,13,4,,0,99,,9959,13,4,,0,29,,9988,13,4,,0,266,,9963,13,4,,0,99,,9969,13,4,,0,100,,9975,13,4,,0
100,'5289',746,,12342,13,4,,0
100,'5454',741,,9950,13,4,,0,101,,9941,13,4,,0,104,,9931,13,4,,0,171,,9946,13,4,,0,30,,9953,13,4,,0,101,,9939,13,4,,0,70,,9954,13,4,,0,31,,9933,13,4,,0,100,,9945,13,4,,0,100,,9942,13,4,,0,169,,9937,13,4,,0,30,,9932,13,4,,0,68,,9935,13,4,,0,28,,9956,13,4,,0,170,,9957,13,4,,0,29,,9948,13,4,,0,69,,9958,13,4,,0
100,'5658',811,,11765,13,4,,0,101,,11761,13,4,,0,104,,11762,13,4,,0,30,,11767,13,4,,0,172,,11760,13,4,,0,201,,11766,13,4,,0,100,,11759,13,4,,0,99,,11763,13,4,,0,30,,11768,13,4,,0,266,,11764,13,4,,0,30,,11758,13,4,,0
100,'5659',550,,11756,13,4,,0,71,,11753,13,4,,0,125,,11769,13,4,,0,101,,11752,13,4,,0,171,,11751,13,4,,0,403,,11748,13,4,,0,30,,11747,13,4,,0,70,,11749,13,4,,0,30,,11743,13,4,,0,267,,11750,13,4,,0,128,,11746,13,4,,0,69,,11754,13,4,,0,130,,11744,13,4,,0,97,,11745,13,4,,0
100,'5660',550,,12355,13,4,,0,71,,12353,13,4,,0,226,,12352,13,4,,0,171,,12351,13,4,,0,403,,12348,13,4,,0,30,,12347,13,4,,0,70,,12349,13,4,,0,30,,12343,13,4,,0,267,,12350,13,4,,0,128,,12346,13,4,,0,69,,12354,13,4,,0,130,,12344,13,4,,0,97,,12345,13,4,,0
100,'5661',811,,12363,13,4,,0,101,,12359,13,4,,0,104,,12360,13,4,,0,30,,12365,13,4,,0,172,,12358,13,4,,0,201,,12364,13,4,,0,100,,12357,13,4,,0,99,,12361,13,4,,0,30,,12366,13,4,,0,266,,12362,13,4,,0,30,,12356,13,4,,0
100,'5662',746,,12367,13,4,,0
100,'5663',741,,12371,13,4,,0,71,,12375,13,4,,0,30,,12374,13,4,,0,205,,12373,13,4,,0,72,,12380,13,4,,0,131,,12370,13,4,,0,70,,12385,13,4,,0,100,,12368,13,4,,0,30,,12382,13,4,,0,70,,12383,13,4,,0,30,,12369,13,4,,0,70,,12384,13,4,,0,227,,12381,13,4,,0,169,,12377,13,4,,0,28,,12379,13,4,,0,70,,12376,13,4,,0,30,,12378,13,4,,0,98,,12372,13,4,,0
101,'4614',710,,10025,1,,,0,20,,10019,1,,,0,80,,10034,1,,,0,22,,11456,1,,,0,20,,10018,1,,,0,96,,10014,1,,,0,69,,11455,1,,,0,30,,10005,1,,,0,70,,10016,1,,,0,29,,10006,1,,,0,69,,10012,1,,,0,30,,10033,1,,,0,69,,10013,1,,,0,30,,10009,1,,,0,178,,9994,1,,,0,22,,10020,1,,,0,60,,9996,1,,,0,20,,10004,1,,,0,20,,9995,1,,,0,81,,10008,1,,,0,22,,10032,1,,,0,174,,10027,1,,,0,203,,10029,1,,,0,101,,10028,1,,,0,30,,10003,1,,,0,71,,10030,1,,,0,101,,9997,1,,,0
101,'4616',820,,10068,1,,,0,28,,10069,1,,,0,70,,10070,1,,,0,127,,10073,1,,,0,69,,10074,1,,,0,100,,10076,1,,,0,30,,10077,1,,,0,70,,10078,1,,,0,200,,10082,1,,,0,31,,11449,1,,,0,70,,10084,1,,,0,32,,10085,1,,,0,71,,10086,1,,,0,100,,10088,1,,,0,30,,10089,1,,,0,175,,10092,1,,,0,101,,10094,1,,,0,101,,10096,1,,,0,30,,10097,1,,,0,71,,10098,1,,,0
101,'4619',1818,,11801,1,,,0
101,'4931',1818,,11802,1,,,0
101,'5289',750,,12386,1,,,0
101,'5454',750,,10046,1,,,0,100,,10049,1,,,0,168,,10045,1,,,0,30,,10055,1,,,0,99,,10039,1,,,0,69,,10043,1,,,0,29,,10056,1,,,0,271,,11452,1,,,0,101,,10040,1,,,0,30,,10047,1,,,0,71,,10041,1,,,0,30,,10062,1,,,0,72,,10061,1,,,0,30,,10050,1,,,0,104,,10054,1,,,0,70,,10063,1,,,0,100,,10064,1,,,0
101,'5658',820,,11809,1,,,0,99,,11807,1,,,0,29,,11811,1,,,0,170,,11812,1,,,0,198,,11814,1,,,0,30,,11813,1,,,0,70,,11805,1,,,0,30,,11808,1,,,0,101,,11806,1,,,0,373,,11804,1,,,0,134,,11810,1,,,0
101,'5659',630,,11798,1,,,0,20,,11797,1,,,0,100,,11815,1,,,0,168,,11796,1,,,0,496,,11795,1,,,0,29,,11800,1,,,0,59,,11793,1,,,0,203,,11794,1,,,0,145,,11789,1,,,0,104,,11790,1,,,0,70,,11799,1,,,0,30,,11791,1,,,0,101,,11792,1,,,0,202,,11788,1,,,0
101,'5660',630,,12397,1,,,0,20,,12396,1,,,0,268,,12395,1,,,0,496,,12394,1,,,0,29,,12399,1,,,0,59,,12392,1,,,0,203,,12393,1,,,0,145,,12388,1,,,0,104,,12389,1,,,0,70,,12398,1,,,0,30,,12390,1,,,0,101,,12391,1,,,0,202,,12387,1,,,0
101,'5661',820,,12405,1,,,0,99,,12403,1,,,0,29,,12407,1,,,0,170,,12408,1,,,0,198,,12410,1,,,0,30,,12409,1,,,0,70,,12401,1,,,0,30,,12404,1,,,0,101,,12402,1,,,0,373,,12400,1,,,0,134,,12406,1,,,0
101,'5662',750,,12411,1,,,0
101,'5663',650,,12412,1,,,0,70,,12413,1,,,0,30,,12414,1,,,0,198,,12415,1,,,0,67,,12416,1,,,0,129,,12417,1,,,0,200,,12418,1,,,0,70,,12419,1,,,0,30,,12420,1,,,0,304,,12421,1,,,0,171,,12422,1,,,0,33,,12423,1,,,0,102,,12424,1,,,0,100,,12425,1,,,0,272,,12426,1,,,0
