2000,'4528',618,,9400,44,,,0,108,,9401,44,,,0,108,,9402,44,,,0,402,,8036,44,,,0,365,,8040,44,,,0,410,,8042,44,,,0,203,,8043,44,,,0
2000,'4532',2311,,8054,44,,,0
2000,'4623',1720,,9403,44,,,0
2000,'5222',1720,,9404,44,,,0
2000,'5562',1951,,9409,44,,,0,258,,9413,44,,,0
2001,'4528',829,,8078,36,,,0,697,,9419,36,,,0,320,,8073,36,,,0,359,,8075,36,,,0,197,,8076,36,,,0
2001,'4532',2202,,8084,36,,,0,199,,8081,36,,,0
1002000,'4528',2114,,9854,50,,,0,200,,8799,50,,,0
1002000,'4532',650,,8805,50,,,0,690,,8802,50,,,0,270,,8803,50,,,0,235,,8804,50,,,0,264,,8800,50,,,0
1002000,'4623',1457,,9856,50,,,0
1002000,'5221',944,,8815,50,,,0,210,,8814,50,,,0,272,,8819,50,,,0,495,,8817,50,,,0
1002000,'5222',1457,,9858,50,,,0
1002000,'5560',726,,8818,50,,,0,918,,8816,50,,,0
1002000,'5562',802,,9860,50,,,0,110,,9859,50,,,0,107,,9862,50,,,0,115,,9863,50,,,0,106,,9861,50,,,0,212,,9864,50,,,0,268,,9865,50,,,0
1002000,'5563',726,,9867,50,,,0,918,,9866,50,,,0
1002001,'4528',1415,,9872,36,,,0,36,,9873,36,,,0,256,,9874,36,,,0,396,,9877,36,,,0,200,,9878,36,,,0
1002001,'4532',740,,8838,36,,,0,479,,8845,36,,,0,117,,8844,36,,,0,370,,8836,36,,,0,109,,8842,36,,,0,226,,8846,36,,,0,259,,8843,36,,,0
1002001,'4623',950,,9879,36,,,0,608,,9880,36,,,0
1002001,'5221',1029,,8853,36,,,0,272,,8849,36,,,0,222,,8851,36,,,0,217,,8850,36,,,0
1002001,'5222',950,,9881,36,,,0,608,,9882,36,,,0
1002001,'5560',816,,8854,36,,,0,1228,,8852,36,,,0
1002001,'5562',853,,9886,36,,,0,152,,9883,36,,,0,111,,9885,36,,,0,330,,9884,36,,,0,104,,9888,36,,,0,389,,9887,36,,,0
1002001,'5563',816,,9890,36,,,0,1228,,9889,36,,,0
