701,'4614',717,,10262,29,,,0,38,,11476,29,,,0,266,,10259,29,,,0,100,,10265,29,,,0,96,,10247,29,,,0,103,,11474,29,,,0,102,,10255,29,,,0,100,,10249,29,,,0,201,,10263,29,,,0,27,,10266,29,,,0,70,,10258,29,,,0,199,,10257,29,,,0,100,,10260,29,,,0,100,,10261,29,,,0,100,,10246,29,,,0
701,'4616',716,,10287,29,,,0,102,,10297,29,,,0,102,,10288,29,,,0,100,,10292,29,,,0,197,,10289,29,,,0,102,,10290,29,,,0,202,,10285,29,,,0,100,,10286,29,,,0,200,,10293,29,,,0,199,,10294,29,,,0
701,'5289',1623,,10267,29,,,0
701,'5454',920,,10280,29,,,0,100,,11473,29,,,0,197,,10272,29,,,0,102,,10271,29,,,0,101,,11472,29,,,0,101,,10269,29,,,0,100,,10281,29,,,0,200,,10276,29,,,0,99,,10270,29,,,0,100,,10268,29,,,0
701,'5568',1623,,10299,29,,,0
701,'5658',716,,11877,29,,,0,102,,11880,29,,,0,302,,11878,29,,,0,601,,11879,29,,,0
701,'5659',618,,11873,16,,,0,206,,11871,29,,,0,97,,11872,29,,,0,732,,11875,29,,,0,197,,11876,29,,,0,69,,11874,29,,,0
701,'5660',618,,12467,16,,,0,206,,12465,29,,,0,97,,12466,29,,,0,732,,12469,29,,,0,197,,12470,29,,,0,69,,12468,29,,,0
701,'5661',716,,12471,29,,,0,102,,12474,29,,,0,302,,12472,29,,,0,601,,12473,29,,,0
701,'5663',1120,,12475,29,,,0,300,,12476,29,,,0,301,,12481,29,,,0,199,,12477,29,,,0,200,,12479,29,,,0,99,,12478,29,,,0,100,,12480,29,,,0
