2000,'4614',552,,10539,10,0,9 12 2 5,0,100,,10540,10,0,9 12 2 5,0,102,,10541,10,0,9 12 2 5,0,100,,10534,10,,,0,100,,10547,10,,,0,100,,10542,10,,,0,100,,10543,10,,,0,100,,10544,10,,,0,100,,10535,10,,,0,246,,10545,10,,,0,57,,10546,10,,,0,99,,10536,10,,,0,192,,10537,10,0,9 12 2 5,0,199,,10538,10,0,9 12 2 5,0
2000,'5544',854,,10548,10,0,9 12 2 5,0,201,,10551,10,0,9 12 2 5,0,201,,10550,10,0,9 12 2 5,0,200,,10552,10,0,9 12 2 5,0,200,,10549,10,0,9 12 2 5,0,296,,10553,10,0,9 12 2 5,0
2000,'5547',754,,10566,10,,,0,100,,10562,10,,,0,101,,10561,10,,,0,101,,10563,10,,,0,100,,10554,10,,,0,100,,10555,10,,,0,100,,10557,10,,,0,100,,10565,10,,,0,100,,10558,10,,,0,100,,10556,10,,,0,98,,10560,10,,,0,195,,10559,10,0,9 12 2 5,0,198,,10564,10,0,9 12 2 5,0
9200,'4619',1404,,11282,6,,,0,2,,11281,6,,,0
9200,'5289',1514,,11284,6,,,0,2,,11283,6,,,0
9200,'5299',1419,,11285,6,,,0,2,,11286,6,,,0
1002000,'4614',623,,11370,16,,,0,112,,11371,16,,,0,87,,11377,16,,,0,103,,11372,16,,,0,100,,11364,16,,,0,100,,11365,16,,,0,101,,11366,16,,,0,100,,11367,16,,,0,103,,11373,16,,,0,88,,11368,16,,,0,17,,11369,16,,,0,185,,11374,16,,,0,330,,11375,16,,,0,199,,11376,16,,,0
1002000,'5299',1622,,11378,16,,,0,230,,11379,16,,,0
1002000,'5544',655,,11380,16,,,0,100,,11386,16,,,0,200,,11381,16,,,0,201,,11382,16,,,0,200,,11383,16,,,0,201,,11384,16,,,0,200,,11385,16,,,0
1002000,'5547',618,,11389,16,,,0,100,,11401,16,,,0,100,,11388,16,,,0,100,,11390,16,,,0,100,,11391,16,,,0,101,,11392,16,,,0,100,,11393,16,,,0,100,,11394,16,,,0,101,,11395,16,,,0,100,,11400,16,,,0,100,,11396,16,,,0,98,,11397,16,,,0,135,,11398,16,,,0,196,,11399,16,,,0,199,,11387,16,,,0
1002000,'5567',1622,,11402,16,,,0,230,,11403,16,,,0
