4000,'4614',707,,10853,50,,,0,18,,10879,50,,,0,88,,11643,50,,,0,131,,10831,50,,,0,15,,11644,50,,,0,99,,10860,50,,,0,242,,10864,50,,,0,221,,10841,50,,,0,521,,10827,50,,,0,70,,10825,50,,,0
4000,'4616',807,,10937,50,,,0,30,,10938,50,,,0,72,,10939,50,,,0,436,,10914,50,,,0,103,,10917,50,,,0,70,,11638,50,,,0,30,,10929,50,,,0,70,,10924,50,,,0,29,,10911,50,,,0
4000,'4619',1800,,12075,50,,,0
4000,'4931',1800,,12076,50,,,0
4000,'5454',1012,,10892,50,,,0,98,,10894,50,,,0,505,,10904,50,,,0,29,,10905,50,,,0
4000,'5658',737,,12077,50,,,0,100,,12079,50,,,0,101,,12081,50,,,0,102,,12082,50,,,0,101,,12083,50,,,0,71,,12084,50,,,0,30,,12085,50,,,0,71,,12086,50,,,0,32,,12087,50,,,0,70,,12088,50,,,0,30,,12089,50,,,0,72,,12090,50,,,0,28,,12091,50,,,0,169,,12092,50,,,0,30,,12093,50,,,0,68,,12094,50,,,0,30,,12095,50,,,0,70,,12096,50,,,0,29,,12078,50,,,0,69,,12080,50,,,0
4000,'5659',636,,12051,50,,,0,105,,12052,50,,,0,16,,12072,50,,,0,76,,12071,50,,,0,14,,12053,50,,,0,53,,12070,50,,,0,15,,12031,50,,,0,14,,12054,50,,,0,85,,12032,50,,,0,14,,12055,50,,,0,15,,12033,50,,,0,70,,12034,50,,,0,16,,12056,50,,,0,15,,12035,50,,,0,15,,12057,50,,,0,55,,12036,50,,,0,15,,12058,50,,,0,16,,12037,50,,,0,70,,12038,50,,,0,15,,12059,50,,,0,15,,12039,50,,,0,56,,12060,50,,,0,15,,12040,50,,,0,17,,12061,50,,,0,18,,12041,50,,,0,55,,12062,50,,,0,30,,12063,50,,,0,14,,12042,50,,,0,56,,12064,50,,,0,13,,12043,50,,,0,15,,12065,50,,,0,15,,12044,50,,,0,56,,12066,50,,,0,15,,12045,50,,,0,13,,12067,50,,,0,13,,12046,50,,,0,68,,12047,50,,,0,15,,12068,50,,,0,15,,12048,50,,,0,68,,12049,50,,,0,30,,12050,50,,,0,70,,12028,50,,,0,128,,12029,50,,,0,67,,12027,50,,,0,29,,12030,50,,,0,70,,12026,50,,,0,29,,12069,50,,,0
4000,'5660',636,,12609,50,,,0,105,,12610,50,,,0,16,,12630,50,,,0,76,,12629,50,,,0,14,,12611,50,,,0,53,,12628,50,,,0,15,,12589,50,,,0,14,,12612,50,,,0,85,,12590,50,,,0,14,,12613,50,,,0,15,,12591,50,,,0,70,,12592,50,,,0,16,,12614,50,,,0,15,,12593,50,,,0,15,,12615,50,,,0,55,,12594,50,,,0,15,,12616,50,,,0,16,,12595,50,,,0,70,,12596,50,,,0,15,,12617,50,,,0,15,,12597,50,,,0,56,,12618,50,,,0,15,,12598,50,,,0,17,,12619,50,,,0,18,,12599,50,,,0,55,,12620,50,,,0,30,,12621,50,,,0,14,,12600,50,,,0,56,,12622,50,,,0,13,,12601,50,,,0,15,,12623,50,,,0,15,,12602,50,,,0,56,,12624,50,,,0,15,,12603,50,,,0,13,,12625,50,,,0,13,,12604,50,,,0,68,,12605,50,,,0,15,,12626,50,,,0,15,,12606,50,,,0,68,,12607,50,,,0,30,,12608,50,,,0,70,,12586,50,,,0,128,,12587,50,,,0,67,,12585,50,,,0,29,,12588,50,,,0,70,,12584,50,,,0,29,,12627,50,,,0
4000,'5661',737,,12633,50,,,0,100,,12635,50,,,0,101,,12637,50,,,0,102,,12638,50,,,0,101,,12639,50,,,0,71,,12640,50,,,0,30,,12641,50,,,0,71,,12642,50,,,0,32,,12643,50,,,0,70,,12644,50,,,0,30,,12645,50,,,0,72,,12646,50,,,0,28,,12647,50,,,0,169,,12648,50,,,0,30,,12649,50,,,0,68,,12650,50,,,0,30,,12651,50,,,0,70,,12652,50,,,0,29,,12634,50,,,0,69,,12636,50,,,0
4000,'5663',707,,12672,50,,,0,232,,12673,50,,,0,72,,12661,50,,,0,31,,12658,50,,,0,70,,12656,50,,,0,32,,12665,50,,,0,70,,12671,50,,,0,31,,12653,50,,,0,70,,12657,50,,,0,102,,12667,50,,,0,300,,12659,50,,,0,28,,12660,50,,,0,70,,12664,50,,,0,30,,12662,50,,,0,70,,12666,50,,,0,29,,12669,50,,,0,69,,12655,50,,,0,29,,12663,50,,,0,99,,12668,50,,,0,99,,12654,50,,,0,97,,12670,50,,,0
