100,'4614',503,,11755,11,,,0,146,,9925,11,,,0,72,,9919,11,,,0,83,,9915,11,,,0,21,,9917,11,,,0,79,,9928,11,,,0,20,,11444,11,,,0,20,,9906,11,,,0,101,,9897,11,,,0,70,,9914,11,,,0,31,,9898,11,,,0,70,,9907,11,,,0,31,,9900,11,,,0,70,,9910,11,,,0,31,,9927,11,,,0,260,,9903,11,,,0,20,,9889,11,,,0,20,,9909,11,,,0,60,,9891,11,,,0,19,,9899,11,,,0,19,,9926,11,,,0,99,,9893,11,,,0,68,,9920,11,,,0,129,,9894,11,,,0,70,,9922,11,,,0,97,,9923,11,,,0,100,,9924,11,,,0,98,,9902,11,,,0
100,'4616',639,,9993,11,,,0,70,,9986,11,,,0,202,,9984,11,,,0,32,,9979,11,,,0,70,,9965,11,,,0,134,,9962,11,,,0,70,,9982,11,,,0,130,,9977,11,,,0,300,,11439,11,,,0,69,,9992,11,,,0,30,,9972,11,,,0,69,,9976,11,,,0,99,,9959,11,,,0,29,,9988,11,,,0,266,,9963,11,,,0,100,,9969,11,,,0,100,,9975,11,,,0
100,'5289',743,,12342,11,,,0
100,'5454',739,,9950,11,,,0,100,,9941,11,,,0,104,,9931,11,,,0,171,,9946,11,,,0,30,,9953,11,,,0,101,,9939,11,,,0,70,,9954,11,,,0,31,,9933,11,,,0,100,,9945,11,,,0,100,,9942,11,,,0,169,,9937,11,,,0,30,,9932,11,,,0,68,,9935,11,,,0,28,,9956,11,,,0,170,,9957,11,,,0,29,,9948,11,,,0,69,,9958,11,,,0
100,'5658',809,,11765,11,,,0,100,,11761,11,,,0,104,,11762,11,,,0,30,,11767,11,,,0,172,,11760,11,,,0,201,,11766,11,,,0,100,,11759,11,,,0,99,,11763,11,,,0,30,,11768,11,,,0,266,,11764,11,,,0,30,,11758,11,,,0
100,'5659',548,,11756,11,,,0,70,,11753,11,,,0,125,,11769,11,,,0,101,,11752,11,,,0,171,,11751,11,,,0,403,,11748,11,,,0,30,,11747,11,,,0,70,,11749,11,,,0,30,,11743,11,,,0,267,,11750,11,,,0,128,,11746,11,,,0,69,,11754,11,,,0,130,,11744,11,,,0,97,,11745,11,,,0
100,'5660',548,,12355,11,,,0,70,,12353,11,,,0,226,,12352,11,,,0,171,,12351,11,,,0,403,,12348,11,,,0,30,,12347,11,,,0,70,,12349,11,,,0,30,,12343,11,,,0,267,,12350,11,,,0,128,,12346,11,,,0,69,,12354,11,,,0,130,,12344,11,,,0,97,,12345,11,,,0
100,'5661',809,,12363,11,,,0,100,,12359,11,,,0,104,,12360,11,,,0,30,,12365,11,,,0,172,,12358,11,,,0,201,,12364,11,,,0,100,,12357,11,,,0,99,,12361,11,,,0,30,,12366,11,,,0,266,,12362,11,,,0,30,,12356,11,,,0
100,'5662',743,,12367,11,,,0
100,'5663',739,,12371,11,,,0,70,,12375,11,,,0,30,,12374,11,,,0,205,,12373,11,,,0,72,,12380,11,,,0,131,,12370,11,,,0,70,,12385,11,,,0,100,,12368,11,,,0,30,,12382,11,,,0,70,,12383,11,,,0,30,,12369,11,,,0,70,,12384,11,,,0,227,,12381,11,,,0,169,,12377,11,,,0,28,,12379,11,,,0,70,,12376,11,,,0,30,,12378,11,,,0,98,,12372,11,,,0
2000,'4614',628,,10539,61,,,0,104,,10540,61,,,0,108,,10541,61,,,0,80,,10534,44,,,0,201,,10542,44,,,0,202,,10544,44,,,0,101,,10535,44,,,0,206,,10545,44,,,0,97,,10546,44,,,0,97,,10536,44,,,0,202,,10537,61,,,0,197,,10538,61,,,0
2000,'4616',919,,10562,44,,,0,204,,10563,44,,,0,200,,10555,44,,,0,100,,10557,44,,,0,101,,10565,44,,,0,99,,10558,44,,,0,100,,10556,44,,,0,96,,10560,44,,,0,207,,10559,61,,,0,198,,10564,61,,,0
2000,'5289',1020,,12524,44,,,0,203,,12523,44,,,0
2000,'5454',929,,10548,61,,,0,203,,10551,61,,,0,203,,10550,61,,,0,201,,10552,61,,,0,199,,10549,61,,,0,292,,10553,61,,,0
2000,'5659',1020,,11958,44,,,0,203,,11957,44,,,0
2000,'5662',1020,,12526,44,,,0,203,,12525,44,,,0
2000,'5663',819,,12529,44,,,0,203,,12528,44,,,0,201,,12527,44,,,0
3000,'4614',730,,10665,54,,,0,16,,10669,54,,,0,58,,10661,54,,,0,100,,10668,54,,,0,30,,10662,54,,,0,70,,10640,54,,,0,30,,10641,54,,,0,172,,10644,54,,,0,31,,11602,54,,,0,70,,10646,54,,,0,30,,10648,54,,,0,71,,10649,54,,,0,105,,10647,54,,,0,31,,10651,54,,,0,68,,10666,54,,,0,31,,10652,54,,,0,68,,10667,54,,,0,29,,10653,54,,,0,194,,10656,54,,,0,99,,10657,54,,,0,196,,10659,54,,,0,98,,10660,54,,,0
3000,'4616',656,,10684,54,,,0,100,,10685,54,,,0,102,,10686,54,,,0,101,,10688,54,,,0,71,,10689,54,,,0,71,,10690,54,,,0,31,,10691,54,,,0,71,,10692,54,,,0,30,,10693,54,,,0,70,,10694,54,,,0,102,,10696,54,,,0,30,,10697,54,,,0,101,,10699,54,,,0,168,,10702,54,,,0,30,,10703,54,,,0,97,,10705,54,,,0,398,,10709,54,,,0,99,,10710,54,,,0
3000,'5454',828,,10672,54,,,0,305,,10675,54,,,0,102,,10676,54,,,0,202,,10678,54,,,0,99,,10679,54,,,0,199,,10681,54,,,0,100,,10682,54,,,0,97,,10683,54,,,0
3000,'5658',728,,11980,54,,,0,201,,11981,54,,,0,103,,11982,54,,,0,304,,11983,54,,,0,300,,11984,54,,,0
3000,'5659',658,,11977,54,,,0,161,,11979,54,,,0,16,,11978,54,,,0,269,,11971,54,,,0,31,,11972,54,,,0,303,,11973,54,,,0,372,,11974,54,,,0,27,,11975,54,,,0,295,,11976,54,,,0
3000,'5660',658,,12542,54,,,0,161,,12544,54,,,0,16,,12543,54,,,0,269,,12536,54,,,0,31,,12537,54,,,0,303,,12538,54,,,0,372,,12539,54,,,0,27,,12540,54,,,0,295,,12541,54,,,0
3000,'5661',728,,12545,54,,,0,201,,12546,54,,,0,103,,12547,54,,,0,304,,12548,54,,,0,300,,12549,54,,,0
3000,'5663',929,,12550,54,,,0,405,,12551,54,,,0,170,,12552,54,,,0,101,,12553,54,,,0,30,,12554,54,,,0,167,,12555,54,,,0,131,,12556,54,,,0,99,,12557,54,,,0,99,,12558,54,,,0
7200,'4614',655,,11669,28,,,0,72,,11672,28,,,0,31,,11670,28,,,0,71,,11113,28,,,0,100,,11115,28,,,0,100,,11671,28,,,0,30,,11118,28,,,0,70,,11119,28,,,0,30,,11120,28,,,0,70,,11121,28,,,0,30,,11122,28,,,0,70,,11123,28,,,0,30,,11124,28,,,0,72,,11125,28,,,0,72,,11126,28,,,0,31,,11127,28,,,0,99,,11129,28,,,0,70,,11130,28,,,0,28,,11131,28,,,0,70,,11132,28,,,0,28,,11133,28,,,0,29,,11134,28,,,0,196,,11136,28,,,0,99,,11137,28,,,0
7200,'4616',655,,11154,28,,,0,101,,11156,28,,,0,100,,11158,28,,,0,102,,11160,28,,,0,100,,11162,28,,,0,770,,11177,28,,,0,426,,11152,28,,,0
7200,'5454',755,,11139,28,,,0,101,,11140,28,,,0,102,,11141,28,,,0,100,,11142,28,,,0,101,,11143,28,,,0,300,,11146,28,,,0,99,,11147,28,,,0,100,,11148,28,,,0,100,,11149,28,,,0
7200,'5658',1259,,12258,28,,,0,100,,12259,28,,,0,499,,12260,28,,,0,98,,12261,28,,,0
7200,'5659',900,,12253,28,,,0,59,,12254,28,,,0,644,,12255,28,,,0,351,,12256,28,,,0,299,,12257,28,,,0
7200,'5660',900,,12808,28,,,0,59,,12809,28,,,0,644,,12810,28,,,0,351,,12811,28,,,0,299,,12812,28,,,0
7200,'5661',1259,,12813,28,,,0,100,,12814,28,,,0,499,,12815,28,,,0,98,,12816,28,,,0
7200,'5663',928,,12820,28,,,0,100,,12821,28,,,0,101,,12822,28,,,0,30,,12823,28,,,0,70,,12824,28,,,0,30,,12825,28,,,0,70,,12826,28,,,0,30,,12827,28,,,0,70,,12828,28,,,0,30,,12829,28,,,0,69,,12830,28,,,0,30,,12831,28,,,0,70,,12832,28,,,0,30,,12833,28,,,0,70,,12834,28,,,0,30,,12835,28,,,0,98,,12836,28,,,0,98,,12837,28,,,0,100,,12817,28,,,0,100,,12819,28,,,0,199,,12818,28,,,0
1002000,'4614',649,,11370,50,,,0,155,,11371,50,,,0,148,,11372,50,,,0,101,,11738,50,,,0,254,,11739,67,,,0,48,,11367,50,,,0,160,,11373,67,,,0,103,,11369,67,,,0,184,,11374,67,,,0,324,,11375,67,,,0,199,,11376,67,,,0
1002000,'4616',656,,11389,67,,,0,201,,11388,67,,,0,202,,11391,67,,,0,141,,11392,67,,,0,100,,11393,67,,,0,201,,11395,67,,,0,100,,11400,67,,,0,99,,11396,67,,,0,58,,11397,67,,,0,173,,11398,67,,,0,196,,11399,67,,,0,198,,11387,67,,,0
1002000,'5299',1705,,11378,67,,,0,226,,11379,67,,,0
1002000,'5454',732,,11737,67,,,0,100,,11386,67,,,0,190,,11381,50,,,0,201,,11382,50,,,0,201,,11383,50,,,0,201,,11384,50,,,0,199,,11385,50,,,0
1002000,'5567',1705,,11402,67,,,0,226,,11403,67,,,0
1002000,'5659',904,,12333,67,,,0,250,,12331,50,,,0,396,,12332,50,,,0
1002000,'5660',904,,12882,67,,,0,250,,12880,50,,,0,396,,12881,50,,,0
1002000,'5663',757,,12885,67,,,0,200,,12883,67,,,0,443,,12884,67,,,0
