501,'4614',751,,10111,10,0,8,0,70,,10118,10,0,8,0,100,,10100,10,0,8,0,100,,10117,10,0,8,0,100,,10105,10,0,8,0,187,,10103,10,0,8,0,101,,10110,10,0,8,0,95,,10101,10,0,8,0,215,,10116,10,0,8,0,96,,10108,10,0,8,0,98,,10106,10,0,8,0,299,,10112,10,0,8,0
501,'4616',717,,10134,10,0,8,0,200,,10148,10,0,8,0,100,,10133,10,0,8,0,101,,10135,10,0,8,0,103,,10136,10,0,8,0,100,,10137,10,0,8,0,101,,10138,10,0,8,0,300,,10141,10,0,8,0,490,,10145,10,0,8,0,99,,10147,10,0,8,0
501,'5454',1118,,10120,10,0,8,0,100,,10121,10,0,8,0,100,,10127,10,0,8,0,100,,10122,10,0,8,0,100,,10132,10,0,8,0,295,,10129,10,0,8,0,100,,10126,10,0,8,0,115,,10124,10,0,8,0
501,'5658',817,,11842,10,0,8,0,100,,11838,10,0,8,0,100,,11839,10,0,8,0,601,,11841,10,0,8,0,100,,11840,10,0,8,0
501,'5659',719,,11837,10,0,8,0,504,,11831,10,0,8,0,396,,11833,10,0,8,0,393,,11834,10,0,8,0,100,,11835,10,0,8,0,199,,11836,10,0,8,0
501,'5660',719,,12433,10,0,8,0,504,,12427,10,0,8,0,396,,12429,10,0,8,0,393,,12430,10,0,8,0,100,,12431,10,0,8,0,199,,12432,10,0,8,0
501,'5661',817,,12438,10,0,8,0,100,,12434,10,0,8,0,100,,12435,10,0,8,0,601,,12437,10,0,8,0,100,,12436,10,0,8,0
501,'5663',1522,,12439,10,0,8,0,101,,12440,10,0,8,0,190,,12445,10,0,8,0,100,,12441,10,0,8,0,100,,12442,10,0,8,0,99,,12443,10,0,8,0
600,'4614',646,,11853,4,,,0,211,,10154,4,,,0,97,,11464,4,,,0,200,,10150,4,,,0,104,,10160,4,,,0,142,,10152,4,,,0,204,,10156,4,,,0,100,,10165,4,,,0,97,,10157,4,,,0,58,,10155,4,,,0,100,,10158,4,,,0,99,,10162,4,,,0,100,,10163,4,,,0,100,,10164,4,,,0
600,'4616',645,,10186,4,,,0,102,,10189,4,,,0,307,,10193,4,,,0,100,,10184,4,,,0,104,,10187,4,,,0,100,,10188,4,,,0,101,,10190,4,,,0,141,,10192,4,,,0,100,,10181,4,,,0,59,,10185,4,,,0,200,,10182,4,,,0,100,,10194,4,,,0,99,,11462,4,,,0,100,,10191,4,,,0
600,'5454',853,,10175,4,,,0,200,,10180,4,,,0,100,,10170,4,,,0,101,,10177,4,,,0,103,,10167,4,,,0,201,,10172,4,,,0,101,,10179,4,,,0,100,,10178,4,,,0,100,,10171,4,,,0
600,'5658',653,,11854,4,,,0,94,,11858,4,,,0,206,,11856,4,,,0,505,,11857,4,,,0,501,,11855,4,,,0
600,'5659',748,,11850,4,,,0,306,,11852,4,,,0,451,,11851,4,,,0
600,'5660',748,,12446,4,,,0,306,,12448,4,,,0,451,,12447,4,,,0
600,'5661',653,,12449,4,,,0,94,,12453,4,,,0,206,,12451,4,,,0,505,,12452,4,,,0,501,,12450,4,,,0
600,'5663',853,,12455,4,,,0,100,,12454,4,,,0,906,,12456,4,,,0
