4000,'4614',650,,10853,32,,,0,55,,10879,32,,,0,39,,10880,32,0,6 7,0,8,,11643,32,,,0,52,,10884,32,0,6 7,0,28,,11648,32,0,6 7,0,91,,10831,32,,,0,15,,11644,32,,,0,99,,10860,32,,,0,201,,10864,32,,,0,218,,10841,32,,,0,565,,10827,32,,,0,30,,10825,32,,,0
4000,'4616',750,,10937,32,,,0,70,,10938,32,,,0,30,,10939,32,,,0,475,,10914,32,,,0,101,,10917,32,,,0,30,,11638,32,,,0,70,,10929,32,,,0,30,,10924,32,,,0,70,,10911,32,,,0
4000,'4619',1739,,12075,32,,,0
4000,'4931',1739,,12076,32,,,0
4000,'5454',953,,10892,32,,,0,98,,10894,32,,,0,504,,10904,32,,,0,69,,10905,32,,,0
4000,'5658',720,,12077,32,,,0,100,,12079,32,,,0,100,,12081,32,,,0,101,,12082,32,,,0,101,,12083,32,,,0,30,,12084,32,,,0,70,,12085,32,,,0,31,,12086,32,,,0,72,,12087,32,,,0,30,,12088,32,,,0,70,,12089,32,,,0,32,,12090,32,,,0,68,,12091,32,,,0,129,,12092,32,,,0,70,,12093,32,,,0,28,,12094,32,,,0,70,,12095,32,,,0,30,,12096,32,,,0,69,,12078,32,,,0,30,,12080,32,,,0
4000,'5659',620,,12051,32,,,0,100,,12052,32,,,0,16,,12072,32,,,0,64,,12073,32,0,6 7,0,9,,12071,32,,,0,8,,12074,32,0,6 7,0,7,,12053,32,,,0,15,,12070,32,,,0,15,,12031,32,,,0,54,,12054,32,,,0,45,,12032,32,,,0,54,,12055,32,,,0,15,,12033,32,,,0,30,,12034,32,,,0,56,,12056,32,,,0,15,,12035,32,,,0,15,,12057,32,,,0,15,,12036,32,,,0,55,,12058,32,,,0,15,,12037,32,,,0,30,,12038,32,,,0,55,,12059,32,,,0,15,,12039,32,,,0,15,,12060,32,,,0,15,,12040,32,,,0,56,,12061,32,,,0,17,,12041,32,,,0,15,,12062,32,,,0,70,,12063,32,,,0,15,,12042,32,,,0,16,,12064,32,,,0,13,,12043,32,,,0,55,,12065,32,,,0,15,,12044,32,,,0,15,,12066,32,,,0,15,,12045,32,,,0,55,,12067,32,,,0,15,,12046,32,,,0,28,,12047,32,,,0,55,,12068,32,,,0,15,,12048,32,,,0,28,,12049,32,,,0,70,,12050,32,,,0,30,,12028,32,,,0,170,,12029,32,,,0,29,,12027,32,,,0,69,,12030,32,,,0,30,,12026,32,,,0,69,,12069,32,,,0
4000,'5660',620,,12609,32,,,0,100,,12610,32,,,0,16,,12630,32,,,0,64,,12631,32,0,6 7,0,9,,12629,32,,,0,8,,12632,32,0,6 7,0,7,,12611,32,,,0,15,,12628,32,,,0,15,,12589,32,,,0,54,,12612,32,,,0,45,,12590,32,,,0,54,,12613,32,,,0,15,,12591,32,,,0,30,,12592,32,,,0,56,,12614,32,,,0,15,,12593,32,,,0,15,,12615,32,,,0,15,,12594,32,,,0,55,,12616,32,,,0,15,,12595,32,,,0,30,,12596,32,,,0,55,,12617,32,,,0,15,,12597,32,,,0,15,,12618,32,,,0,15,,12598,32,,,0,56,,12619,32,,,0,17,,12599,32,,,0,15,,12620,32,,,0,70,,12621,32,,,0,15,,12600,32,,,0,16,,12622,32,,,0,13,,12601,32,,,0,55,,12623,32,,,0,15,,12602,32,,,0,15,,12624,32,,,0,15,,12603,32,,,0,55,,12625,32,,,0,15,,12604,32,,,0,28,,12605,32,,,0,55,,12626,32,,,0,15,,12606,32,,,0,28,,12607,32,,,0,70,,12608,32,,,0,30,,12586,32,,,0,170,,12587,32,,,0,29,,12585,32,,,0,69,,12588,32,,,0,30,,12584,32,,,0,69,,12627,32,,,0
4000,'5661',720,,12633,32,,,0,100,,12635,32,,,0,100,,12637,32,,,0,101,,12638,32,,,0,101,,12639,32,,,0,30,,12640,32,,,0,70,,12641,32,,,0,31,,12642,32,,,0,72,,12643,32,,,0,30,,12644,32,,,0,70,,12645,32,,,0,32,,12646,32,,,0,68,,12647,32,,,0,129,,12648,32,,,0,70,,12649,32,,,0,28,,12650,32,,,0,70,,12651,32,,,0,30,,12652,32,,,0,69,,12634,32,,,0,30,,12636,32,,,0
4000,'5663',650,,12672,32,,,0,270,,12673,32,,,0,32,,12661,32,,,0,70,,12658,32,,,0,30,,12656,32,,,0,72,,12665,32,,,0,30,,12671,32,,,0,71,,12653,32,,,0,30,,12657,32,,,0,100,,12667,32,,,0,301,,12659,32,,,0,68,,12660,32,,,0,30,,12664,32,,,0,70,,12662,32,,,0,30,,12666,32,,,0,69,,12669,32,,,0,29,,12655,32,,,0,69,,12663,32,,,0,100,,12668,32,,,0,100,,12654,32,,,0,99,,12670,32,,,0
