2000,'4614',555,,10539,16,0,9 12 2 5,0,100,,10540,16,0,9 12 2 5,0,102,,10541,16,0,9 12 2 5,0,100,,10534,16,,,0,200,,10542,16,,,0,201,,10544,16,,,0,100,,10535,16,,,0,246,,10545,16,,,0,97,,10546,16,,,0,99,,10536,16,,,0,151,,10537,16,0,9 12 2 5,0,199,,10538,16,0,9 12 2 5,0
2000,'4616',857,,10562,16,,,0,202,,10563,16,,,0,200,,10555,16,,,0,100,,10557,16,,,0,141,,10565,16,,,0,100,,10558,16,,,0,100,,10556,16,,,0,57,,10560,16,,,0,195,,10559,16,0,9 12 2 5,0,198,,10564,16,0,9 12 2 5,0
2000,'5289',957,,12524,16,,,0,201,,12523,16,,,0
2000,'5454',857,,10548,16,0,9 12 2 5,0,201,,10551,16,0,9 12 2 5,0,201,,10550,16,0,9 12 2 5,0,241,,10552,16,0,9 12 2 5,0,200,,10549,16,0,9 12 2 5,0,255,,10553,16,0,9 12 2 5,0
2000,'5659',957,,11958,16,,,0,201,,11957,16,,,0
2000,'5662',957,,12526,16,,,0,201,,12525,16,,,0
2000,'5663',757,,12529,16,,,0,201,,12528,16,,,0,201,,12527,16,,,0
9200,'4619',1409,,12873,12,,,0,2,,12318,12,,,0
9200,'5289',1518,,12874,12,,,0,2,,11283,12,,,0
9200,'5299',1426,,11286,12,,,0
9200,'5659',1424,,12321,12,,,0
9200,'5664',1424,,12875,12,,,0
1002000,'4614',627,,11370,22,,,0,112,,11371,22,,,0,190,,11372,22,,,0,100,,11738,22,,,0,201,,11739,22,,,0,100,,11367,22,,,0,103,,11373,22,,,0,105,,11369,22,,,0,185,,11374,22,,,0,330,,11375,22,,,0,199,,11376,22,,,0
1002000,'4616',622,,11389,22,,,0,200,,11388,22,,,0,200,,11391,22,,,0,101,,11392,22,,,0,100,,11393,22,,,0,201,,11395,22,,,0,100,,11400,22,,,0,100,,11396,22,,,0,98,,11397,22,,,0,135,,11398,22,,,0,196,,11399,22,,,0,199,,11387,22,,,0
1002000,'5299',1626,,11378,22,,,0,230,,11379,22,,,0
1002000,'5454',659,,11737,22,,,0,100,,11386,22,,,0,200,,11381,22,,,0,241,,11382,22,,,0,200,,11383,22,,,0,201,,11384,22,,,0,200,,11385,22,,,0
1002000,'5567',1626,,11402,22,,,0,230,,11403,22,,,0
1002000,'5659',826,,12333,22,,,0,303,,12331,22,,,0,393,,12332,22,,,0
1002000,'5660',826,,12882,22,,,0,303,,12880,22,,,0,393,,12881,22,,,0
1002000,'5663',722,,12885,22,,,0,200,,12883,22,,,0,401,,12884,22,,,0
