101,'4614',642,,12397,9,,,0,61,,12396,9,,,0,20,,10025,9,,,0,21,,10019,9,,,0,80,,10034,9,,,0,22,,11456,9,,,0,60,,10018,9,,,0,26,,12395,9,,,0,70,,10014,9,,,0,30,,11455,9,,,0,70,,10005,9,,,0,30,,10016,9,,,0,69,,10006,9,,,0,29,,10012,9,,,0,70,,10033,9,,,0,29,,10013,9,,,0,30,,10009,9,,,0,70,,12394,9,,,0,30,,12399,9,,,0,60,,12392,9,,,0,20,,9994,9,,,0,61,,10020,9,,,0,20,,9996,9,,,0,20,,10004,9,,,0,60,,9995,9,,,0,20,,12393,9,,,0,20,,10008,9,,,0,61,,10032,9,,,0,102,,12388,9,,,0,30,,10027,9,,,0,73,,12389,9,,,0,30,,12398,9,,,0,70,,12390,9,,,0,30,,10029,9,,,0,71,,12391,9,,,0,30,,10028,9,,,0,70,,10003,9,,,0,30,,10030,9,,,0,70,,12387,9,,,0,30,,9997,9,,,0
101,'4616',703,,12412,9,,,0,30,,12413,9,,,0,70,,12414,9,,,0,30,,10068,9,,,0,69,,10069,9,,,0,30,,10070,9,,,0,70,,12415,9,,,0,28,,12416,9,,,0,70,,10073,9,,,0,29,,10074,9,,,0,30,,12417,9,,,0,70,,10076,9,,,0,30,,10077,9,,,0,70,,10078,9,,,0,30,,12418,9,,,0,70,,12419,9,,,0,30,,12420,9,,,0,70,,10082,9,,,0,71,,11449,9,,,0,30,,10084,9,,,0,71,,10085,9,,,0,31,,10086,9,,,0,70,,12421,9,,,0,30,,10088,9,,,0,70,,10089,9,,,0,30,,12422,9,,,0,73,,12423,9,,,0,31,,10092,9,,,0,71,,12424,9,,,0,30,,10094,9,,,0,70,,12425,9,,,0,30,,10096,9,,,0,70,,10097,9,,,0,31,,10098,9,,,0,100,,12426,9,,,0
101,'4619',1832,,11801,9,,,0
101,'4931',1832,,11802,9,,,0
101,'5289',804,,12386,9,,,0
101,'5454',803,,10046,9,,,0,30,,12405,9,,,0,71,,10049,9,,,0,29,,12403,9,,,0,70,,12407,9,,,0,30,,10045,9,,,0,70,,10055,9,,,0,30,,12408,9,,,0,69,,10039,9,,,0,29,,10043,9,,,0,69,,10056,9,,,0,31,,12410,9,,,0,70,,12409,9,,,0,30,,12401,9,,,0,70,,12404,9,,,0,30,,11452,9,,,0,71,,12402,9,,,0,30,,10040,9,,,0,70,,10047,9,,,0,30,,10041,9,,,0,70,,10062,9,,,0,31,,10061,9,,,0,70,,10050,9,,,0,30,,12400,9,,,0,74,,10054,9,,,0,30,,10063,9,,,0,70,,12406,9,,,0,30,,10064,9,,,0
101,'5568',804,,12411,9,,,0
2501,'4614',841,,10624,25,,,0,301,,11598,26,,,0,179,,12534,25,,,0,224,,11968,26,,,0,396,,10628,26,,,0,89,,11969,25,,,0
2501,'4616',839,,12535,25,,,0,304,,10638,26,,,0,400,,10637,26,,,0,199,,10639,26,,,0,200,,10635,26,,,0
2501,'5454',839,,11597,25,,,0,304,,10631,26,,,0,400,,10632,26,,,0,199,,10634,26,,,0,200,,10633,26,,,0
