701,'4614',720,,10262,33,,,0,38,,11476,33,,,0,266,,10259,33,,,0,100,,10265,33,,,0,96,,10247,33,,,0,103,,11474,33,,,0,102,,10255,33,,,0,100,,10249,33,,,0,201,,10263,33,,,0,27,,10266,33,,,0,70,,10258,33,,,0,198,,10257,33,,,0,100,,10260,33,,,0,100,,10261,33,,,0,100,,10246,33,,,0
701,'4616',718,,10287,33,,,0,102,,10297,33,,,0,102,,10288,33,,,0,100,,10292,33,,,0,198,,10289,33,,,0,102,,10290,33,,,0,202,,10285,33,,,0,100,,10286,33,,,0,200,,10293,33,,,0,198,,10294,33,,,0
701,'5289',1626,,10267,33,,,0
701,'5454',922,,10280,33,,,0,100,,11473,33,,,0,198,,10272,33,,,0,102,,10271,33,,,0,101,,11472,33,,,0,101,,10269,33,,,0,100,,10281,33,,,0,200,,10276,33,,,0,98,,10270,33,,,0,100,,10268,33,,,0
701,'5568',1626,,10299,33,,,0
701,'5658',718,,11877,33,,,0,102,,11880,33,,,0,303,,11878,33,,,0,601,,11879,33,,,0
701,'5659',621,,11873,20,,,0,207,,11871,33,,,0,96,,11872,33,,,0,732,,11875,33,,,0,196,,11876,33,,,0,69,,11874,33,,,0
701,'5660',621,,12467,20,,,0,207,,12465,33,,,0,96,,12466,33,,,0,732,,12469,33,,,0,196,,12470,33,,,0,69,,12468,33,,,0
701,'5661',718,,12471,33,,,0,102,,12474,33,,,0,303,,12472,33,,,0,601,,12473,33,,,0
701,'5663',1123,,12475,33,,,0,300,,12476,33,,,0,301,,12481,33,,,0,198,,12477,33,,,0,200,,12479,33,,,0,99,,12478,33,,,0,100,,12480,33,,,0
