701,'4614',713,,10262,22,,,0,37,,11476,22,,,0,267,,10259,22,,,0,100,,10265,22,,,0,96,,10247,22,,,0,103,,11474,22,,,0,101,,10255,22,,,0,100,,10249,22,,,0,201,,10263,22,,,0,28,,10266,22,,,0,70,,10258,22,,,0,199,,10257,22,,,0,100,,10260,22,,,0,100,,10261,22,,,0,100,,10246,22,,,0
701,'4616',712,,10287,22,,,0,102,,10297,22,,,0,102,,10288,22,,,0,100,,10292,22,,,0,197,,10289,22,,,0,102,,10290,22,,,0,202,,10285,22,,,0,100,,10286,22,,,0,200,,10293,22,,,0,199,,10294,22,,,0
701,'5289',1618,,10267,22,,,0
701,'5454',916,,10280,22,,,0,100,,11473,22,,,0,197,,10272,22,,,0,102,,10271,22,,,0,101,,11472,22,,,0,101,,10269,22,,,0,100,,10281,22,,,0,200,,10276,22,,,0,99,,10270,22,,,0,100,,10268,22,,,0
701,'5568',1618,,10299,22,,,0
701,'5658',712,,11877,22,,,0,102,,11880,22,,,0,302,,11878,22,,,0,601,,11879,22,,,0
701,'5659',614,,11873,9,,,0,205,,11871,22,,,0,98,,11872,22,,,0,731,,11875,22,,,0,198,,11876,22,,,0,69,,11874,22,,,0
701,'5660',614,,12467,9,,,0,205,,12465,22,,,0,98,,12466,22,,,0,731,,12469,22,,,0,198,,12470,22,,,0,69,,12468,22,,,0
701,'5661',712,,12471,22,,,0,102,,12474,22,,,0,302,,12472,22,,,0,601,,12473,22,,,0
701,'5663',1116,,12475,22,,,0,300,,12476,22,,,0,301,,12481,22,,,0,199,,12477,22,,,0,200,,12479,22,,,0,99,,12478,22,,,0,100,,12480,22,,,0
