2001,'4614',702,,10573,33,,,0,105,,10579,50,,,0,2,,10580,14,,,0,27,,10572,50,,,0,88,,10567,33,,,0,99,,10578,50,,,0,21,,10568,33,,,0,201,,10574,33,,,0,100,,10575,33,,,0,155,,10576,50,,,0,347,,10569,33,,,0,373,,10570,50,,,0,196,,10571,50,,,0
2001,'4616',851,,10602,50,,,0,97,,10597,33,,,0,100,,10601,33,,,0,100,,10598,33,,,0,101,,10591,33,,,0,100,,10600,33,,,0,100,,10604,33,,,0,100,,10594,33,,,0,99,,10599,33,,,0,100,,10595,33,,,0,99,,10592,33,,,0,174,,10603,50,,,0,200,,10596,50,,,0,196,,10593,50,,,0
2001,'5289',1650,,10581,33,,,0
2001,'5299',1550,,10584,33,,,0,199,,10582,33,,,0,271,,10583,50,,,0
2001,'5454',806,,11592,33,,,0,202,,10585,33,,,0,201,,10587,33,,,0,200,,10586,33,,,0,201,,10588,33,,,0,199,,10589,33,,,0
2001,'5567',1550,,10607,33,,,0,199,,10605,33,,,0,271,,10606,50,,,0
2001,'5568',1650,,10608,33,,,0
2001,'5608',1144,,10577,33,,,0
2001,'5611',1144,,11593,33,,,0
1002001,'4614',722,,11408,33,,,0,183,,11409,50,,,0,309,,11404,33,,,0,101,,11405,33,,,0,112,,11412,50,,,0,100,,11406,50,,,0,98,,11407,50,,,0,98,,11413,50,,,0,100,,11414,50,,,0,98,,11415,50,,,0,199,,11416,50,,,0,198,,11417,50,,,0
1002001,'4616',749,,11438,50,,,0,172,,11425,50,,,0,100,,11426,50,,,0,100,,11427,50,,,0,100,,11428,50,,,0,101,,11437,50,,,0,100,,11429,50,,,0,100,,11430,50,,,0,100,,11431,50,,,0,100,,11432,50,,,0,100,,11433,50,,,0,99,,11434,50,,,0,200,,11435,50,,,0,198,,11436,50,,,0
1002001,'5454',921,,11418,50,,,0,201,,11419,50,,,0,201,,11420,50,,,0,200,,11421,50,,,0,200,,11422,50,,,0,199,,11424,50,,,0,198,,11423,50,,,0
1002001,'5568',1114,,11740,33,,,0
1002001,'5602',1114,,11741,33,,,0
1002001,'5608',949,,11410,33,,,0
1002001,'5611',949,,11742,33,,,0
