3000,'4614',700,,10665,19,,,0,15,,10669,19,,,0,16,,10661,19,,,0,99,,10668,19,,,0,71,,10662,19,,,0,30,,10640,19,,,0,70,,10641,19,,,0,132,,10644,19,,,0,70,,11602,19,,,0,30,,10646,19,,,0,70,,10648,19,,,0,30,,10649,19,,,0,103,,10647,19,,,0,70,,10651,19,,,0,31,,10666,19,,,0,71,,10652,19,,,0,29,,10667,19,,,0,69,,10653,19,,,0,198,,10656,19,,,0,99,,10657,19,,,0,199,,10659,19,,,0,99,,10660,19,,,0
3000,'4616',629,,10684,19,,,0,100,,10685,19,,,0,100,,10686,19,,,0,101,,10688,19,,,0,71,,10689,19,,,0,30,,10690,19,,,0,71,,10691,19,,,0,30,,10692,19,,,0,70,,10693,19,,,0,30,,10694,19,,,0,101,,10696,19,,,0,70,,10697,19,,,0,101,,10699,19,,,0,130,,10702,19,,,0,70,,10703,19,,,0,98,,10705,19,,,0,400,,10709,19,,,0,99,,10710,19,,,0
3000,'5454',801,,10672,19,,,0,302,,10675,19,,,0,101,,10676,19,,,0,201,,10678,19,,,0,100,,10679,19,,,0,200,,10681,19,,,0,100,,10682,19,,,0,98,,10683,19,,,0
3000,'5658',701,,11980,19,,,0,201,,11981,19,,,0,101,,11982,19,,,0,301,,11983,19,,,0,301,,11984,19,,,0
3000,'5659',630,,11977,19,,,0,115,,11979,19,,,0,56,,11978,19,,,0,230,,11971,19,,,0,71,,11972,19,,,0,301,,11973,19,,,0,333,,11974,19,,,0,69,,11975,19,,,0,297,,11976,19,,,0
3000,'5660',630,,12542,19,,,0,115,,12544,19,,,0,56,,12543,19,,,0,230,,12536,19,,,0,71,,12537,19,,,0,301,,12538,19,,,0,333,,12539,19,,,0,69,,12540,19,,,0,297,,12541,19,,,0
3000,'5661',701,,12545,19,,,0,201,,12546,19,,,0,101,,12547,19,,,0,301,,12548,19,,,0,301,,12549,19,,,0
3000,'5663',900,,12550,19,,,0,402,,12551,19,,,0,130,,12552,19,,,0,101,,12553,19,,,0,71,,12554,19,,,0,129,,12555,19,,,0,171,,12556,19,,,0,99,,12557,19,,,0,99,,12558,19,,,0
4001,'4614',1529,,12179,18,0,19 20 7,0
4001,'4619',1540,,12674,28,,,0
4001,'5289',1520,,12675,28,,,0,20,,12676,28,,,0,100,,12677,28,,,0
4001,'5658',721,,12185,28,,,0,103,,12187,28,,,0,101,,12189,28,,,0,100,,12191,28,,,0,30,,12192,28,,,0,70,,12193,28,,,0,31,,12194,28,,,0,71,,12195,28,,,0,30,,12196,28,,,0,70,,12197,28,,,0,31,,12198,28,,,0,68,,12199,28,,,0,30,,12200,28,,,0,70,,12201,28,,,0,30,,12202,28,,,0,70,,12203,28,,,0,30,,12204,28,,,0,70,,12205,28,,,0,28,,12206,28,,,0,70,,12207,28,,,0,30,,12208,28,,,0,70,,12190,28,,,0,29,,12188,28,,,0,70,,12186,28,,,0
4001,'5659',647,,12148,28,,,0,72,,12149,28,,,0,33,,12151,28,,,0,55,,12153,28,,,0,17,,12150,28,,,0,17,,12154,28,,,0,13,,12128,28,,,0,55,,12155,28,,,0,15,,12130,28,,,0,16,,12156,28,,,0,14,,12129,28,,,0,56,,12157,28,,,0,15,,12131,28,,,0,15,,12158,28,,,0,15,,12132,28,,,0,55,,12159,28,,,0,16,,12133,28,,,0,15,,12160,28,,,0,15,,12134,28,,,0,55,,12161,28,,,0,15,,12135,28,,,0,15,,12162,28,,,0,16,,12136,28,,,0,55,,12163,28,,,0,15,,12137,28,,,0,15,,12164,28,,,0,15,,12138,28,,,0,55,,12211,18,0,19 20 7,0,1,,12165,28,,,0,15,,12139,28,,,0,11,,12166,28,,,0,10,,12167,28,,,0,51,,12140,28,,,0,10,,12168,28,,,0,10,,12209,28,,,0,10,,12141,28,,,0,10,,12184,28,,,0,10,,12170,28,,,0,50,,12143,28,,,0,10,,12169,28,,,0,10,,12171,28,,,0,10,,12142,28,,,0,10,,12210,28,,,0,10,,12172,28,,,0,50,,12144,28,,,0,14,,12173,28,,,0,14,,12152,28,,,0,15,,12174,28,,,0,14,,12146,28,,,0,54,,12175,28,,,0,14,,12145,28,,,0,15,,12176,28,,,0,15,,12147,28,,,0,55,,12177,28,,,0,14,,12127,28,,,0,29,,12126,28,,,0,71,,12125,28,,,0,29,,12121,28,,,0,69,,12124,28,,,0,29,,12120,28,,,0,69,,12123,28,,,0,29,,12119,28,,,0,69,,12122,28,,,0,30,,12118,28,,,0,70,,12178,28,,,0
4001,'5660',647,,12708,28,,,0,72,,12709,28,,,0,33,,12711,28,,,0,55,,12713,28,,,0,17,,12710,28,,,0,17,,12714,28,,,0,13,,12688,28,,,0,55,,12715,28,,,0,15,,12690,28,,,0,16,,12716,28,,,0,14,,12689,28,,,0,56,,12717,28,,,0,15,,12691,28,,,0,15,,12718,28,,,0,15,,12692,28,,,0,55,,12719,28,,,0,16,,12693,28,,,0,15,,12720,28,,,0,15,,12694,28,,,0,55,,12721,28,,,0,15,,12695,28,,,0,15,,12722,28,,,0,16,,12696,28,,,0,55,,12723,28,,,0,15,,12697,28,,,0,15,,12724,28,,,0,15,,12698,28,,,0,56,,12725,28,,,0,15,,12699,28,,,0,11,,12726,28,,,0,10,,12727,28,,,0,51,,12700,28,,,0,10,,12728,28,,,0,20,,12701,28,,,0,20,,12730,28,,,0,50,,12703,28,,,0,10,,12729,28,,,0,10,,12731,28,,,0,10,,12702,28,,,0,20,,12732,28,,,0,50,,12704,28,,,0,14,,12733,28,,,0,14,,12712,28,,,0,15,,12734,28,,,0,14,,12706,28,,,0,54,,12735,28,,,0,14,,12705,28,,,0,15,,12736,28,,,0,15,,12707,28,,,0,55,,12737,28,,,0,14,,12687,28,,,0,29,,12686,28,,,0,71,,12685,28,,,0,29,,12681,28,,,0,69,,12684,28,,,0,29,,12680,28,,,0,69,,12683,28,,,0,29,,12679,28,,,0,69,,12682,28,,,0,30,,12678,28,,,0,70,,12738,28,,,0
4001,'5661',721,,12739,28,,,0,103,,12741,28,,,0,101,,12743,28,,,0,100,,12745,28,,,0,30,,12746,28,,,0,70,,12747,28,,,0,31,,12748,28,,,0,71,,12749,28,,,0,30,,12750,28,,,0,70,,12751,28,,,0,31,,12752,28,,,0,68,,12753,28,,,0,30,,12754,28,,,0,70,,12755,28,,,0,30,,12756,28,,,0,70,,12757,28,,,0,30,,12758,28,,,0,70,,12759,28,,,0,28,,12760,28,,,0,70,,12761,28,,,0,30,,12762,28,,,0,70,,12744,28,,,0,29,,12742,28,,,0,70,,12740,28,,,0
4001,'5662',1412,,12765,18,0,19 20 7,0,108,,12763,28,,,0,120,,12764,28,,,0
4001,'5663',722,,12766,28,,,0,102,,12767,28,,,0,31,,12768,28,,,0,71,,12769,28,,,0,30,,12770,28,,,0,70,,12771,28,,,0,30,,12772,28,,,0,71,,12773,28,,,0,30,,12774,28,,,0,70,,12775,28,,,0,30,,12776,28,,,0,70,,12777,28,,,0,30,,12778,28,,,0,70,,12779,28,,,0,30,,12780,28,,,0,70,,12781,28,,,0,30,,12782,28,,,0,71,,12783,28,,,0,30,,12784,28,,,0,69,,12785,28,,,0,30,,12786,28,,,0,69,,12787,28,,,0,29,,12788,28,,,0,70,,12789,28,,,0,29,,12790,28,,,0,70,,12791,28,,,0,29,,12792,28,,,0,70,,12793,28,,,0,98,,12794,28,,,0,99,,12795,28,,,0,100,,12796,28,,,0
4001,'5664',1540,,12797,28,,,0
