4001,'4614',1510,,12179,2,0,19 20 7,0
4001,'4619',1521,,12674,12,,,0
4001,'5289',1501,,12675,12,,,0,20,,12676,12,,,0,100,,12677,12,,,0
4001,'5658',707,,12185,12,,,0,101,,12187,12,,,0,100,,12189,12,,,0,100,,12191,12,,,0,30,,12192,12,,,0,70,,12193,12,,,0,31,,12194,12,,,0,70,,12195,12,,,0,30,,12196,12,,,0,70,,12197,12,,,0,30,,12198,12,,,0,70,,12199,12,,,0,30,,12200,12,,,0,70,,12201,12,,,0,30,,12202,12,,,0,70,,12203,12,,,0,30,,12204,12,,,0,70,,12205,12,,,0,30,,12206,12,,,0,70,,12207,12,,,0,30,,12208,12,,,0,70,,12190,12,,,0,30,,12188,12,,,0,70,,12186,12,,,0
4001,'5659',632,,12148,12,,,0,71,,12149,12,,,0,31,,12151,12,,,0,15,,12153,12,,,0,57,,12150,12,,,0,17,,12154,12,,,0,13,,12128,12,,,0,16,,12155,12,,,0,55,,12130,12,,,0,16,,12156,12,,,0,15,,12129,12,,,0,15,,12157,12,,,0,55,,12131,12,,,0,15,,12158,12,,,0,15,,12132,12,,,0,15,,12159,12,,,0,55,,12133,12,,,0,15,,12160,12,,,0,15,,12134,12,,,0,15,,12161,12,,,0,55,,12135,12,,,0,15,,12162,12,,,0,15,,12136,12,,,0,15,,12163,12,,,0,55,,12137,12,,,0,15,,12164,12,,,0,15,,12138,12,,,0,15,,12211,2,0,19 20 7,0,1,,12165,12,,,0,55,,12139,12,,,0,11,,12166,12,,,0,10,,12167,12,,,0,11,,12140,12,,,0,10,,12168,12,,,0,50,,12209,12,,,0,10,,12141,12,,,0,10,,12184,12,,,0,10,,12170,12,,,0,10,,12143,12,,,0,10,,12169,12,,,0,50,,12171,12,,,0,10,,12142,12,,,0,10,,12210,12,,,0,10,,12172,12,,,0,10,,12144,12,,,0,14,,12173,12,,,0,55,,12152,12,,,0,15,,12174,12,,,0,15,,12146,12,,,0,14,,12175,12,,,0,55,,12145,12,,,0,15,,12176,12,,,0,15,,12147,12,,,0,15,,12177,12,,,0,54,,12127,12,,,0,30,,12126,12,,,0,71,,12125,12,,,0,29,,12121,12,,,0,69,,12124,12,,,0,30,,12120,12,,,0,69,,12123,12,,,0,30,,12119,12,,,0,70,,12122,12,,,0,30,,12118,12,,,0,70,,12178,12,,,0
4001,'5660',632,,12708,12,,,0,71,,12709,12,,,0,31,,12711,12,,,0,15,,12713,12,,,0,57,,12710,12,,,0,17,,12714,12,,,0,13,,12688,12,,,0,16,,12715,12,,,0,55,,12690,12,,,0,16,,12716,12,,,0,15,,12689,12,,,0,15,,12717,12,,,0,55,,12691,12,,,0,15,,12718,12,,,0,15,,12692,12,,,0,15,,12719,12,,,0,55,,12693,12,,,0,15,,12720,12,,,0,15,,12694,12,,,0,15,,12721,12,,,0,55,,12695,12,,,0,15,,12722,12,,,0,15,,12696,12,,,0,15,,12723,12,,,0,55,,12697,12,,,0,15,,12724,12,,,0,15,,12698,12,,,0,16,,12725,12,,,0,55,,12699,12,,,0,11,,12726,12,,,0,10,,12727,12,,,0,11,,12700,12,,,0,10,,12728,12,,,0,60,,12701,12,,,0,20,,12730,12,,,0,10,,12703,12,,,0,10,,12729,12,,,0,50,,12731,12,,,0,10,,12702,12,,,0,20,,12732,12,,,0,10,,12704,12,,,0,14,,12733,12,,,0,55,,12712,12,,,0,15,,12734,12,,,0,15,,12706,12,,,0,14,,12735,12,,,0,55,,12705,12,,,0,15,,12736,12,,,0,15,,12707,12,,,0,15,,12737,12,,,0,54,,12687,12,,,0,30,,12686,12,,,0,71,,12685,12,,,0,29,,12681,12,,,0,69,,12684,12,,,0,30,,12680,12,,,0,69,,12683,12,,,0,30,,12679,12,,,0,70,,12682,12,,,0,30,,12678,12,,,0,70,,12738,12,,,0
4001,'5661',707,,12739,12,,,0,101,,12741,12,,,0,100,,12743,12,,,0,100,,12745,12,,,0,30,,12746,12,,,0,70,,12747,12,,,0,31,,12748,12,,,0,70,,12749,12,,,0,30,,12750,12,,,0,70,,12751,12,,,0,30,,12752,12,,,0,70,,12753,12,,,0,30,,12754,12,,,0,70,,12755,12,,,0,30,,12756,12,,,0,70,,12757,12,,,0,30,,12758,12,,,0,70,,12759,12,,,0,30,,12760,12,,,0,70,,12761,12,,,0,30,,12762,12,,,0,70,,12744,12,,,0,30,,12742,12,,,0,70,,12740,12,,,0
4001,'5662',1353,,12765,2,0,19 20 7,0,148,,12763,12,,,0,120,,12764,12,,,0
4001,'5663',707,,12766,12,,,0,101,,12767,12,,,0,30,,12768,12,,,0,70,,12769,12,,,0,30,,12770,12,,,0,70,,12771,12,,,0,30,,12772,12,,,0,71,,12773,12,,,0,30,,12774,12,,,0,69,,12775,12,,,0,30,,12776,12,,,0,70,,12777,12,,,0,30,,12778,12,,,0,70,,12779,12,,,0,30,,12780,12,,,0,71,,12781,12,,,0,30,,12782,12,,,0,71,,12783,12,,,0,30,,12784,12,,,0,70,,12785,12,,,0,30,,12786,12,,,0,69,,12787,12,,,0,30,,12788,12,,,0,70,,12789,12,,,0,30,,12790,12,,,0,70,,12791,12,,,0,29,,12792,12,,,0,70,,12793,12,,,0,99,,12794,12,,,0,100,,12795,12,,,0,100,,12796,12,,,0
4001,'5664',1521,,12797,12,,,0
