2000,'4614',559,,10539,23,0,9 12 2 5,0,100,,10540,23,0,9 12 2 5,0,144,,10541,23,0,9 12 2 5,0,98,,10534,23,,,0,200,,10542,23,,,0,201,,10544,23,,,0,100,,10535,23,,,0,207,,10545,23,,,0,97,,10546,23,,,0,98,,10536,23,,,0,151,,10537,23,0,9 12 2 5,0,199,,10538,23,0,9 12 2 5,0
2000,'4616',801,,10566,23,,,0,100,,10562,23,,,0,101,,10561,23,,,0,101,,10563,23,,,0,100,,10554,23,,,0,100,,10555,23,,,0,100,,10557,23,,,0,101,,10565,23,,,0,100,,10558,23,,,0,100,,10556,23,,,0,97,,10560,23,,,0,155,,10559,23,0,9 12 2 5,0,198,,10564,23,0,9 12 2 5,0
2000,'5454',901,,10548,23,0,9 12 2 5,0,201,,10551,23,0,9 12 2 5,0,201,,10550,23,0,9 12 2 5,0,202,,10552,23,0,9 12 2 5,0,200,,10549,23,0,9 12 2 5,0,254,,10553,23,0,9 12 2 5,0
2000,'5568',1001,,11589,23,,,0,201,,11588,23,,,0
2000,'5602',1001,,11591,23,,,0,201,,11590,23,,,0
9200,'4619',1414,,11282,19,,,0,2,,11679,19,,,0
9200,'5289',1523,,11284,19,,,0,2,,11283,19,,,0
9200,'5299',1430,,11285,19,,,0,2,,11286,19,,,0
1002000,'4614',631,,11370,29,,,0,113,,11371,29,,,0,86,,11377,29,,,0,103,,11372,29,,,0,200,,11365,29,,,0,201,,11367,29,,,0,105,,11373,29,,,0,89,,11368,29,,,0,15,,11369,29,,,0,185,,11374,29,,,0,329,,11375,29,,,0,199,,11376,29,,,0
1002000,'4616',626,,11389,29,,,0,100,,11401,29,,,0,100,,11388,29,,,0,100,,11390,29,,,0,100,,11391,29,,,0,101,,11392,29,,,0,100,,11393,29,,,0,100,,11394,29,,,0,101,,11395,29,,,0,100,,11400,29,,,0,100,,11396,29,,,0,98,,11397,29,,,0,175,,11398,29,,,0,156,,11399,29,,,0,199,,11387,29,,,0
1002000,'5299',1631,,11378,29,,,0,269,,11379,29,,,0
1002000,'5454',703,,11737,29,,,0,100,,11386,29,,,0,200,,11381,29,,,0,201,,11382,29,,,0,200,,11383,29,,,0,202,,11384,29,,,0,199,,11385,29,,,0
1002000,'5567',1631,,11402,29,,,0,269,,11403,29,,,0
1002000,'5608',1033,,11364,29,,,0,201,,11366,29,,,0
1002000,'5611',1033,,11738,29,,,0,201,,11739,29,,,0
