100,'4614',449,,11755,3,,,0,186,,9925,3,,,0,70,,9919,3,,,0,43,,9915,3,,,0,60,,9917,3,,,0,40,,9928,3,,,0,60,,11444,3,,,0,20,,9906,3,,,0,100,,9897,3,,,0,30,,9914,3,,,0,70,,9898,3,,,0,30,,9907,3,,,0,70,,9900,3,,,0,30,,9910,3,,,0,71,,9927,3,,,0,220,,9903,3,,,0,60,,9889,3,,,0,20,,9909,3,,,0,20,,9891,3,,,0,60,,9899,3,,,0,20,,9926,3,,,0,99,,9893,3,,,0,30,,9920,3,,,0,169,,9894,3,,,0,30,,9922,3,,,0,98,,9923,3,,,0,100,,9924,3,,,0,99,,9902,3,,,0
100,'4616',625,,9993,3,,,0,30,,9986,3,,,0,201,,9984,3,,,0,72,,9979,3,,,0,30,,9965,3,,,0,171,,9962,3,,,0,30,,9982,3,,,0,170,,9977,3,,,0,300,,11439,3,,,0,30,,9992,3,,,0,70,,9972,3,,,0,30,,9976,3,,,0,99,,9959,3,,,0,70,,9988,3,,,0,227,,9963,3,,,0,100,,9969,3,,,0,100,,9975,3,,,0
100,'5289',727,,12342,3,,,0
100,'5454',725,,9950,3,,,0,100,,9941,3,,,0,103,,9931,3,,,0,130,,9946,3,,,0,70,,9953,3,,,0,101,,9939,3,,,0,30,,9954,3,,,0,70,,9933,3,,,0,100,,9945,3,,,0,100,,9942,3,,,0,130,,9937,3,,,0,70,,9932,3,,,0,28,,9935,3,,,0,69,,9956,3,,,0,130,,9957,3,,,0,70,,9948,3,,,0,29,,9958,3,,,0
100,'5658',755,,11765,3,,,0,100,,11761,3,,,0,103,,11762,3,,,0,70,,11767,3,,,0,131,,11760,3,,,0,200,,11766,3,,,0,100,,11759,3,,,0,100,,11763,3,,,0,70,,11768,3,,,0,227,,11764,3,,,0,70,,11758,3,,,0
100,'5659',534,,11756,3,,,0,70,,11753,3,,,0,123,,11769,3,,,0,100,,11752,3,,,0,131,,11751,3,,,0,401,,11748,3,,,0,70,,11747,3,,,0,30,,11749,3,,,0,70,,11743,3,,,0,229,,11750,3,,,0,170,,11746,3,,,0,29,,11754,3,,,0,170,,11744,3,,,0,98,,11745,3,,,0
100,'5660',534,,12355,3,,,0,70,,12353,3,,,0,223,,12352,3,,,0,131,,12351,3,,,0,401,,12348,3,,,0,70,,12347,3,,,0,30,,12349,3,,,0,70,,12343,3,,,0,229,,12350,3,,,0,170,,12346,3,,,0,29,,12354,3,,,0,170,,12344,3,,,0,98,,12345,3,,,0
100,'5661',755,,12363,3,,,0,100,,12359,3,,,0,103,,12360,3,,,0,70,,12365,3,,,0,131,,12358,3,,,0,200,,12364,3,,,0,100,,12357,3,,,0,100,,12361,3,,,0,70,,12366,3,,,0,227,,12362,3,,,0,70,,12356,3,,,0
100,'5662',727,,12367,3,,,0
100,'5663',725,,12371,3,,,0,30,,12375,3,,,0,70,,12374,3,,,0,203,,12373,3,,,0,31,,12380,3,,,0,170,,12370,3,,,0,30,,12385,3,,,0,100,,12368,3,,,0,70,,12382,3,,,0,30,,12383,3,,,0,70,,12369,3,,,0,30,,12384,3,,,0,269,,12381,3,,,0,130,,12377,3,,,0,69,,12379,3,,,0,30,,12376,3,,,0,70,,12378,3,,,0,98,,12372,3,,,0
2500,'4614',736,,10609,2,0,5,0,288,,11595,2,,,0,404,,11965,2,,,0,402,,10613,2,,,0
2500,'4616',1024,,10622,2,,,0,397,,10621,2,,,0,201,,10623,2,,,0,202,,10619,2,,,0
2500,'5454',735,,11594,2,0,5,0,289,,10615,2,,,0,397,,10616,2,,,0,201,,10618,2,,,0,202,,10617,2,,,0
2500,'5659',1217,,11964,2,0,5,0
2500,'5660',1217,,12532,2,0,5,0
2500,'5663',735,,12533,2,0,5,0
