4000,'4614',628,,10853,6,,,0,15,,10879,6,,,0,78,,10880,6,0,6 7,0,7,,11643,6,,,0,11,,10884,6,0,6 7,0,68,,11648,6,0,6 7,0,52,,10831,6,,,0,55,,11644,6,,,0,100,,10860,6,,,0,200,,10864,6,,,0,215,,10841,6,,,0,530,,10827,6,,,0,70,,10825,6,,,0
4000,'4616',728,,10937,6,,,0,30,,10938,6,,,0,70,,10939,6,,,0,472,,10914,6,,,0,100,,10917,6,,,0,30,,11638,6,,,0,70,,10929,6,,,0,30,,10924,6,,,0,70,,10911,6,,,0
4000,'4619',1714,,12075,6,,,0
4000,'4931',1714,,12076,6,,,0
4000,'5454',929,,10892,6,,,0,100,,10894,6,,,0,500,,10904,6,,,0,30,,10905,6,,,0
4000,'5658',658,,12077,6,,,0,100,,12079,6,,,0,100,,12081,6,,,0,101,,12082,6,,,0,100,,12083,6,,,0,70,,12084,6,,,0,30,,12085,6,,,0,70,,12086,6,,,0,71,,12087,6,,,0,30,,12088,6,,,0,70,,12089,6,,,0,31,,12090,6,,,0,28,,12091,6,,,0,170,,12092,6,,,0,30,,12093,6,,,0,69,,12094,6,,,0,31,,12095,6,,,0,70,,12096,6,,,0,30,,12078,6,,,0,70,,12080,6,,,0
4000,'5659',558,,12051,6,,,0,100,,12052,6,,,0,55,,12072,6,,,0,22,,12073,6,0,6 7,0,9,,12071,6,,,0,8,,12074,6,0,6 7,0,7,,12053,6,,,0,55,,12070,6,,,0,15,,12031,6,,,0,15,,12054,6,,,0,85,,12032,6,,,0,15,,12055,6,,,0,15,,12033,6,,,0,70,,12034,6,,,0,15,,12056,6,,,0,15,,12035,6,,,0,55,,12057,6,,,0,15,,12036,6,,,0,15,,12058,6,,,0,15,,12037,6,,,0,70,,12038,6,,,0,15,,12059,6,,,0,15,,12039,6,,,0,55,,12060,6,,,0,15,,12040,6,,,0,15,,12061,6,,,0,15,,12041,6,,,0,55,,12062,6,,,0,30,,12063,6,,,0,15,,12042,6,,,0,55,,12064,6,,,0,15,,12043,6,,,0,15,,12065,6,,,0,15,,12044,6,,,0,55,,12066,6,,,0,15,,12045,6,,,0,15,,12067,6,,,0,15,,12046,6,,,0,70,,12047,6,,,0,15,,12068,6,,,0,15,,12048,6,,,0,70,,12049,6,,,0,30,,12050,6,,,0,70,,12028,6,,,0,130,,12029,6,,,0,70,,12027,6,,,0,30,,12030,6,,,0,70,,12026,6,,,0,29,,12069,6,,,0
4000,'5660',558,,12609,6,,,0,100,,12610,6,,,0,55,,12630,6,,,0,22,,12631,6,0,6 7,0,9,,12629,6,,,0,8,,12632,6,0,6 7,0,7,,12611,6,,,0,55,,12628,6,,,0,15,,12589,6,,,0,15,,12612,6,,,0,85,,12590,6,,,0,15,,12613,6,,,0,15,,12591,6,,,0,70,,12592,6,,,0,15,,12614,6,,,0,15,,12593,6,,,0,55,,12615,6,,,0,15,,12594,6,,,0,15,,12616,6,,,0,15,,12595,6,,,0,70,,12596,6,,,0,15,,12617,6,,,0,15,,12597,6,,,0,55,,12618,6,,,0,15,,12598,6,,,0,15,,12619,6,,,0,15,,12599,6,,,0,55,,12620,6,,,0,30,,12621,6,,,0,15,,12600,6,,,0,55,,12622,6,,,0,15,,12601,6,,,0,15,,12623,6,,,0,15,,12602,6,,,0,55,,12624,6,,,0,15,,12603,6,,,0,15,,12625,6,,,0,15,,12604,6,,,0,70,,12605,6,,,0,15,,12626,6,,,0,15,,12606,6,,,0,70,,12607,6,,,0,30,,12608,6,,,0,70,,12586,6,,,0,130,,12587,6,,,0,70,,12585,6,,,0,30,,12588,6,,,0,70,,12584,6,,,0,29,,12627,6,,,0
4000,'5661',658,,12633,6,,,0,100,,12635,6,,,0,100,,12637,6,,,0,101,,12638,6,,,0,100,,12639,6,,,0,70,,12640,6,,,0,30,,12641,6,,,0,70,,12642,6,,,0,71,,12643,6,,,0,30,,12644,6,,,0,70,,12645,6,,,0,31,,12646,6,,,0,28,,12647,6,,,0,170,,12648,6,,,0,30,,12649,6,,,0,69,,12650,6,,,0,31,,12651,6,,,0,70,,12652,6,,,0,30,,12634,6,,,0,70,,12636,6,,,0
4000,'5663',628,,12672,6,,,0,230,,12673,6,,,0,71,,12661,6,,,0,30,,12658,6,,,0,70,,12656,6,,,0,30,,12665,6,,,0,70,,12671,6,,,0,71,,12653,6,,,0,30,,12657,6,,,0,100,,12667,6,,,0,300,,12659,6,,,0,29,,12660,6,,,0,70,,12664,6,,,0,30,,12662,6,,,0,70,,12666,6,,,0,30,,12669,6,,,0,70,,12655,6,,,0,30,,12663,6,,,0,100,,12668,6,,,0,100,,12654,6,,,0,99,,12670,6,,,0
1002000,'4614',618,,11370,6,,,0,110,,11371,6,,,0,190,,11372,6,,,0,100,,11738,6,,,0,201,,11739,6,,,0,100,,11367,6,,,0,102,,11373,6,,,0,105,,11369,6,,,0,186,,11374,6,,,0,331,,11375,6,,,0,200,,11376,6,,,0
1002000,'4616',613,,11389,6,,,0,200,,11388,6,,,0,200,,11391,6,,,0,100,,11392,6,,,0,100,,11393,6,,,0,200,,11395,6,,,0,100,,11400,6,,,0,100,,11396,6,,,0,98,,11397,6,,,0,135,,11398,6,,,0,197,,11399,6,,,0,200,,11387,6,,,0
1002000,'5299',1614,,11378,6,,,0,232,,11379,6,,,0
1002000,'5454',650,,11737,6,,,0,100,,11386,6,,,0,200,,11381,6,,,0,200,,11382,6,,,0,200,,11383,6,,,0,200,,11384,6,,,0,200,,11385,6,,,0
1002000,'5567',1614,,11402,6,,,0,232,,11403,6,,,0
1002000,'5659',814,,12333,6,,,0,304,,12331,6,,,0,386,,12332,6,,,0
1002000,'5660',814,,12882,6,,,0,304,,12880,6,,,0,386,,12881,6,,,0
1002000,'5663',713,,12885,6,,,0,200,,12883,6,,,0,400,,12884,6,,,0
