3000,'4614',725,,10665,48,,,0,16,,10669,48,,,0,17,,10661,48,,,0,99,,10668,48,,,0,70,,10662,48,,,0,30,,10640,48,,,0,70,,10641,48,,,0,132,,10644,48,,,0,71,,11602,48,,,0,70,,10646,48,,,0,30,,10648,48,,,0,71,,10649,48,,,0,105,,10647,48,,,0,31,,10651,48,,,0,68,,10666,48,,,0,31,,10652,48,,,0,68,,10667,48,,,0,29,,10653,48,,,0,195,,10656,48,,,0,99,,10657,48,,,0,197,,10659,48,,,0,98,,10660,48,,,0
3000,'4616',651,,10684,48,,,0,100,,10685,48,,,0,102,,10686,48,,,0,101,,10688,48,,,0,71,,10689,48,,,0,30,,10690,48,,,0,71,,10691,48,,,0,31,,10692,48,,,0,70,,10693,48,,,0,30,,10694,48,,,0,102,,10696,48,,,0,70,,10697,48,,,0,101,,10699,48,,,0,128,,10702,48,,,0,70,,10703,48,,,0,98,,10705,48,,,0,398,,10709,48,,,0,99,,10710,48,,,0
3000,'5454',823,,10672,48,,,0,304,,10675,48,,,0,102,,10676,48,,,0,202,,10678,48,,,0,99,,10679,48,,,0,200,,10681,48,,,0,100,,10682,48,,,0,97,,10683,48,,,0
3000,'5658',723,,11980,48,,,0,201,,11981,48,,,0,103,,11982,48,,,0,303,,11983,48,,,0,300,,11984,48,,,0
3000,'5659',653,,11977,48,,,0,159,,11979,48,,,0,16,,11978,48,,,0,229,,11971,48,,,0,71,,11972,48,,,0,303,,11973,48,,,0,372,,11974,48,,,0,27,,11975,48,,,0,296,,11976,48,,,0
3000,'5660',653,,12542,48,,,0,159,,12544,48,,,0,16,,12543,48,,,0,229,,12536,48,,,0,71,,12537,48,,,0,303,,12538,48,,,0,372,,12539,48,,,0,27,,12540,48,,,0,296,,12541,48,,,0
3000,'5661',723,,12545,48,,,0,201,,12546,48,,,0,103,,12547,48,,,0,303,,12548,48,,,0,300,,12549,48,,,0
3000,'5663',924,,12550,48,,,0,404,,12551,48,,,0,130,,12552,48,,,0,101,,12553,48,,,0,70,,12554,48,,,0,128,,12555,48,,,0,171,,12556,48,,,0,99,,12557,48,,,0,99,,12558,48,,,0
4000,'4614',652,,10853,35,,,0,55,,10879,35,,,0,40,,10880,35,0,6 7,0,8,,11643,35,,,0,53,,10884,35,0,6 7,0,27,,11648,35,0,6 7,0,91,,10831,35,,,0,15,,11644,35,,,0,99,,10860,35,,,0,201,,10864,35,,,0,259,,10841,35,,,0,524,,10827,35,,,0,30,,10825,35,,,0
4000,'4616',752,,10937,35,,,0,70,,10938,35,,,0,31,,10939,35,,,0,475,,10914,35,,,0,102,,10917,35,,,0,70,,11638,35,,,0,30,,10929,35,,,0,70,,10924,35,,,0,29,,10911,35,,,0
4000,'4619',1742,,12075,35,,,0
4000,'4931',1742,,12076,35,,,0
4000,'5454',956,,10892,35,,,0,98,,10894,35,,,0,504,,10904,35,,,0,69,,10905,35,,,0
4000,'5658',722,,12077,35,,,0,100,,12079,35,,,0,101,,12081,35,,,0,101,,12082,35,,,0,101,,12083,35,,,0,30,,12084,35,,,0,70,,12085,35,,,0,31,,12086,35,,,0,72,,12087,35,,,0,30,,12088,35,,,0,70,,12089,35,,,0,72,,12090,35,,,0,28,,12091,35,,,0,129,,12092,35,,,0,70,,12093,35,,,0,28,,12094,35,,,0,70,,12095,35,,,0,30,,12096,35,,,0,69,,12078,35,,,0,30,,12080,35,,,0
4000,'5659',622,,12051,35,,,0,101,,12052,35,,,0,16,,12072,35,,,0,65,,12073,35,0,6 7,0,9,,12071,35,,,0,7,,12074,35,0,6 7,0,7,,12053,35,,,0,15,,12070,35,,,0,15,,12031,35,,,0,54,,12054,35,,,0,45,,12032,35,,,0,54,,12055,35,,,0,15,,12033,35,,,0,30,,12034,35,,,0,56,,12056,35,,,0,15,,12035,35,,,0,15,,12057,35,,,0,15,,12036,35,,,0,55,,12058,35,,,0,15,,12037,35,,,0,30,,12038,35,,,0,55,,12059,35,,,0,15,,12039,35,,,0,15,,12060,35,,,0,15,,12040,35,,,0,57,,12061,35,,,0,17,,12041,35,,,0,15,,12062,35,,,0,70,,12063,35,,,0,15,,12042,35,,,0,16,,12064,35,,,0,13,,12043,35,,,0,55,,12065,35,,,0,15,,12044,35,,,0,15,,12066,35,,,0,15,,12045,35,,,0,55,,12067,35,,,0,14,,12046,35,,,0,28,,12047,35,,,0,55,,12068,35,,,0,15,,12048,35,,,0,28,,12049,35,,,0,70,,12050,35,,,0,30,,12028,35,,,0,169,,12029,35,,,0,29,,12027,35,,,0,69,,12030,35,,,0,30,,12026,35,,,0,69,,12069,35,,,0
4000,'5660',622,,12609,35,,,0,101,,12610,35,,,0,16,,12630,35,,,0,65,,12631,35,0,6 7,0,9,,12629,35,,,0,7,,12632,35,0,6 7,0,7,,12611,35,,,0,15,,12628,35,,,0,15,,12589,35,,,0,54,,12612,35,,,0,45,,12590,35,,,0,54,,12613,35,,,0,15,,12591,35,,,0,30,,12592,35,,,0,56,,12614,35,,,0,15,,12593,35,,,0,15,,12615,35,,,0,15,,12594,35,,,0,55,,12616,35,,,0,15,,12595,35,,,0,30,,12596,35,,,0,55,,12617,35,,,0,15,,12597,35,,,0,15,,12618,35,,,0,15,,12598,35,,,0,57,,12619,35,,,0,17,,12599,35,,,0,15,,12620,35,,,0,70,,12621,35,,,0,15,,12600,35,,,0,16,,12622,35,,,0,13,,12601,35,,,0,55,,12623,35,,,0,15,,12602,35,,,0,15,,12624,35,,,0,15,,12603,35,,,0,55,,12625,35,,,0,14,,12604,35,,,0,28,,12605,35,,,0,55,,12626,35,,,0,15,,12606,35,,,0,28,,12607,35,,,0,70,,12608,35,,,0,30,,12586,35,,,0,169,,12587,35,,,0,29,,12585,35,,,0,69,,12588,35,,,0,30,,12584,35,,,0,69,,12627,35,,,0
4000,'5661',722,,12633,35,,,0,100,,12635,35,,,0,101,,12637,35,,,0,101,,12638,35,,,0,101,,12639,35,,,0,30,,12640,35,,,0,70,,12641,35,,,0,31,,12642,35,,,0,72,,12643,35,,,0,30,,12644,35,,,0,70,,12645,35,,,0,72,,12646,35,,,0,28,,12647,35,,,0,129,,12648,35,,,0,70,,12649,35,,,0,28,,12650,35,,,0,70,,12651,35,,,0,30,,12652,35,,,0,69,,12634,35,,,0,30,,12636,35,,,0
4000,'5663',652,,12672,35,,,0,271,,12673,35,,,0,32,,12661,35,,,0,70,,12658,35,,,0,30,,12656,35,,,0,72,,12665,35,,,0,30,,12671,35,,,0,71,,12653,35,,,0,30,,12657,35,,,0,101,,12667,35,,,0,300,,12659,35,,,0,68,,12660,35,,,0,30,,12664,35,,,0,70,,12662,35,,,0,30,,12666,35,,,0,69,,12669,35,,,0,29,,12655,35,,,0,69,,12663,35,,,0,100,,12668,35,,,0,100,,12654,35,,,0,98,,12670,35,,,0
