501,'4614',801,,10111,19,0,8,0,31,,10118,19,0,8,0,99,,10100,19,0,8,0,100,,10117,19,0,8,0,100,,10105,19,0,8,0,188,,10103,19,0,8,0,101,,10110,19,0,8,0,95,,10101,19,0,8,0,214,,10116,19,0,8,0,96,,10108,19,0,8,0,98,,10106,19,0,8,0,298,,10112,19,0,8,0,137,,10115,7,0,8,0
501,'4616',726,,10134,19,0,8,0,201,,10148,19,0,8,0,100,,10133,19,0,8,0,101,,10135,19,0,8,0,103,,10136,19,0,8,0,100,,10137,19,0,8,0,101,,10138,19,0,8,0,300,,10141,19,0,8,0,489,,10145,19,0,8,0,99,,10147,19,0,8,0
501,'5454',1128,,10120,19,0,8,0,100,,10121,19,0,8,0,100,,10127,19,0,8,0,100,,10122,19,0,8,0,100,,10132,19,0,8,0,295,,10129,19,0,8,0,99,,10126,19,0,8,0,115,,10124,19,0,8,0
501,'5658',826,,11842,19,0,8,0,101,,11838,19,0,8,0,100,,11839,19,0,8,0,601,,11841,19,0,8,0,100,,11840,19,0,8,0
501,'5659',618,,11832,7,0,8,0,110,,11837,19,0,8,0,505,,11831,19,0,8,0,397,,11833,19,0,8,0,392,,11834,19,0,8,0,100,,11835,19,0,8,0,198,,11836,19,0,8,0
501,'5660',618,,12428,7,0,8,0,110,,12433,19,0,8,0,505,,12427,19,0,8,0,397,,12429,19,0,8,0,392,,12430,19,0,8,0,100,,12431,19,0,8,0,198,,12432,19,0,8,0
501,'5661',826,,12438,19,0,8,0,101,,12434,19,0,8,0,100,,12435,19,0,8,0,601,,12437,19,0,8,0,100,,12436,19,0,8,0
501,'5663',1532,,12439,19,0,8,0,101,,12440,19,0,8,0,190,,12445,19,0,8,0,99,,12441,19,0,8,0,100,,12442,19,0,8,0,99,,12443,19,0,8,0,238,,12444,7,0,8,0
1501,'4614',836,,10497,7,,,0,93,,10499,7,,,0,29,,10496,7,,,0,67,,10500,7,,,0,30,,11587,7,,,0,70,,10502,7,,,0,134,,10505,7,,,0,71,,10504,7,,,0,571,,10507,7,,,0,99,,10506,7,,,0,100,,10508,7,,,0
1501,'4616',749,,10528,7,,,0,106,,10532,7,,,0,102,,10529,7,,,0,100,,10526,7,,,0,99,,10530,7,,,0,101,,10527,7,,,0,101,,10525,7,,,0,100,,10520,7,,,0,242,,10523,7,,,0,100,,10533,7,,,0,100,,10524,7,,,0,100,,10521,7,,,0,100,,10531,7,,,0
1501,'5289',859,,12515,7,,,0
1501,'5454',956,,10518,7,,,0,201,,10514,7,,,0,100,,10511,7,,,0,100,,10519,7,,,0,100,,10512,7,,,0,202,,10510,7,,,0,141,,10517,7,,,0
1501,'5658',749,,11950,7,,,0,307,,11949,7,,,0,503,,11951,7,,,0,341,,11952,7,,,0
1501,'5659',859,,11953,7,,,0,296,,11947,7,,,0
1501,'5660',1155,,12516,7,,,0
1501,'5661',749,,12518,7,,,0,307,,12517,7,,,0,503,,12519,7,,,0,341,,12520,7,,,0
1501,'5662',859,,12521,7,,,0
1501,'5663',1559,,12522,7,,,0
1001501,'4614',746,,12329,7,,,0,482,,11354,7,,,0,174,,11355,7,,,0,35,,11356,7,,,0,71,,11357,7,,,0,28,,11358,7,,,0,76,,11359,7,,,0,29,,11360,7,,,0,70,,11361,7,,,0,30,,11363,7,,,0,70,,11362,7,,,0
1001501,'5659',716,,12330,7,,,0
1001501,'5660',716,,12879,7,,,0
