701,'4614',733,,10262,43,,,0,78,,11476,43,,,0,226,,10259,43,,,0,100,,10265,43,,,0,94,,10247,43,,,0,103,,11474,43,,,0,102,,10255,43,,,0,100,,10249,43,,,0,201,,10263,43,,,0,67,,10266,43,,,0,29,,10258,43,,,0,197,,10257,43,,,0,100,,10260,43,,,0,100,,10261,43,,,0,100,,10246,43,,,0
701,'4616',730,,10287,43,,,0,102,,10297,43,,,0,103,,10288,43,,,0,100,,10292,43,,,0,196,,10289,43,,,0,102,,10290,43,,,0,202,,10285,43,,,0,100,,10286,43,,,0,200,,10293,43,,,0,197,,10294,43,,,0
701,'5289',1637,,10267,43,,,0
701,'5454',934,,10280,43,,,0,101,,11473,43,,,0,196,,10272,43,,,0,102,,10271,43,,,0,101,,11472,43,,,0,101,,10269,43,,,0,99,,10281,43,,,0,200,,10276,43,,,0,98,,10270,43,,,0,100,,10268,43,,,0
701,'5568',1637,,10299,43,,,0
701,'5658',730,,11877,43,,,0,102,,11880,43,,,0,304,,11878,43,,,0,598,,11879,43,,,0
701,'5659',633,,11873,30,,,0,208,,11871,43,,,0,96,,11872,43,,,0,770,,11875,43,,,0,195,,11876,43,,,0,29,,11874,43,,,0
701,'5660',633,,12467,30,,,0,208,,12465,43,,,0,96,,12466,43,,,0,770,,12469,43,,,0,195,,12470,43,,,0,29,,12468,43,,,0
701,'5661',730,,12471,43,,,0,102,,12474,43,,,0,304,,12472,43,,,0,598,,12473,43,,,0
701,'5663',1136,,12475,43,,,0,298,,12476,43,,,0,301,,12481,43,,,0,198,,12477,43,,,0,199,,12479,43,,,0,99,,12478,43,,,0,99,,12480,43,,,0
