2000,'4614',625,,10539,57,,,0,103,,10540,57,,,0,108,,10541,57,,,0,80,,10534,40,,,0,201,,10542,40,,,0,202,,10544,40,,,0,100,,10535,40,,,0,206,,10545,40,,,0,97,,10546,40,,,0,98,,10536,40,,,0,203,,10537,57,,,0,196,,10538,57,,,0
2000,'4616',916,,10562,40,,,0,203,,10563,40,,,0,200,,10555,40,,,0,100,,10557,40,,,0,101,,10565,40,,,0,100,,10558,40,,,0,100,,10556,40,,,0,96,,10560,40,,,0,207,,10559,57,,,0,197,,10564,57,,,0
2000,'5289',1016,,11956,40,,,0,203,,11955,40,,,0
2000,'5454',926,,10548,57,,,0,203,,10551,57,,,0,202,,10550,57,,,0,201,,10552,57,,,0,200,,10549,57,,,0,291,,10553,57,,,0
2000,'5568',1016,,11958,40,,,0,203,,11957,40,,,0
2000,'5640',815,,11961,40,,,0,203,,11960,40,,,0,201,,11959,40,,,0
2500,'4614',802,,10609,22,0,5,0,247,,11595,22,,,0,193,,11964,22,0,5,0,212,,11965,22,,,0,401,,10613,22,,,0
2500,'4616',1050,,10622,22,,,0,399,,10621,22,,,0,200,,10623,22,,,0,201,,10619,22,,,0
2500,'5454',801,,11594,22,0,5,0,249,,10615,22,,,0,399,,10616,22,,,0,200,,10618,22,,,0,201,,10617,22,,,0
2500,'5640',801,,11966,22,0,5,0
1002000,'4614',646,,11370,46,,,0,154,,11371,46,,,0,100,,12333,63,,,0,48,,11372,46,,,0,101,,11738,46,,,0,101,,12331,46,,,0,153,,11739,63,,,0,48,,11367,46,,,0,159,,11373,63,,,0,35,,12332,46,,,0,68,,11369,63,,,0,144,,11374,63,,,0,365,,11375,63,,,0,199,,11376,63,,,0
1002000,'4616',652,,11389,63,,,0,201,,11388,63,,,0,202,,11391,63,,,0,101,,11392,63,,,0,100,,11393,63,,,0,201,,11395,63,,,0,100,,11400,63,,,0,100,,11396,63,,,0,98,,11397,63,,,0,173,,11398,63,,,0,195,,11399,63,,,0,198,,11387,63,,,0
1002000,'5299',1700,,11378,63,,,0,228,,11379,63,,,0
1002000,'5454',728,,11737,63,,,0,100,,11386,63,,,0,191,,11381,46,,,0,201,,11382,46,,,0,200,,11383,46,,,0,202,,11384,46,,,0,199,,11385,46,,,0
1002000,'5567',1700,,11402,63,,,0,228,,11403,63,,,0
1002000,'5640',753,,12336,63,,,0,201,,12334,63,,,0,402,,12335,63,,,0
