3001,'4614',615,,10741,7,,,0,30,,10734,7,,,0,101,,10736,7,,,0,57,,10739,7,,,0,17,,10738,7,,,0,31,,10735,7,,,0,169,,10713,7,,,0,30,,11604,7,,,0,70,,10714,7,,,0,30,,10716,7,,,0,70,,10718,7,,,0,30,,10720,7,,,0,101,,10717,7,,,0,70,,10722,7,,,0,30,,10719,7,,,0,100,,10723,7,,,0,200,,10725,7,,,0,69,,10726,7,,,0,30,,10727,7,,,0,199,,10730,7,,,0,100,,10731,7,,,0,100,,10728,7,,,0,100,,10732,7,,,0
3001,'4616',720,,10757,7,,,0,100,,10758,7,,,0,100,,10759,7,,,0,31,,10760,7,,,0,70,,10761,7,,,0,30,,10762,7,,,0,70,,10763,7,,,0,100,,10765,7,,,0,30,,10766,7,,,0,70,,10767,7,,,0,30,,10768,7,,,0,70,,10769,7,,,0,100,,10771,7,,,0,30,,10772,7,,,0,100,,10774,7,,,0,169,,10777,7,,,0,30,,10778,7,,,0,200,,10780,7,,,0,299,,10783,7,,,0
3001,'5289',1521,,10743,7,,,0,130,,10742,7,,,0
3001,'5454',951,,10746,7,,,0,100,,10747,7,,,0,200,,10749,7,,,0,100,,10750,7,,,0,200,,10752,7,,,0,100,,10753,7,,,0,199,,10755,7,,,0,100,,10756,7,,,0
3001,'5568',1521,,10785,7,,,0,130,,10784,7,,,0
3001,'5658',749,,12002,7,,,0,101,,12003,7,,,0,301,,12004,7,,,0,300,,12005,7,,,0,300,,12006,7,,,0
3001,'5659',715,,11999,7,,,0,120,,12001,7,,,0,85,,11994,7,,,0,30,,11995,7,,,0,371,,11996,7,,,0,300,,12000,7,,,0,100,,11997,7,,,0,229,,11998,7,,,0
3001,'5660',715,,12564,7,,,0,120,,12566,7,,,0,85,,12559,7,,,0,30,,12560,7,,,0,371,,12561,7,,,0,300,,12565,7,,,0,100,,12562,7,,,0,229,,12563,7,,,0
3001,'5661',749,,12567,7,,,0,101,,12568,7,,,0,301,,12569,7,,,0,300,,12570,7,,,0,300,,12571,7,,,0
3001,'5663',1151,,12572,7,,,0,300,,12573,7,,,0,170,,12574,7,,,0,101,,12575,7,,,0,28,,12576,7,,,0,200,,12577,7,,,0,200,,12578,7,,,0,99,,12579,7,,,0
