4001,'4614',702,,12708,49,,,0,33,,12709,49,,,0,75,,12711,49,,,0,15,,12713,49,,,0,15,,12710,49,,,0,17,,12714,49,,,0,52,,12688,49,,,0,15,,12715,49,,,0,15,,12690,49,,,0,16,,12716,49,,,0,54,,12689,49,,,0,16,,12717,49,,,0,15,,12691,49,,,0,15,,12718,49,,,0,55,,12692,49,,,0,15,,12719,49,,,0,17,,12693,49,,,0,15,,12720,49,,,0,55,,12694,49,,,0,15,,12721,49,,,0,15,,12695,49,,,0,15,,12722,49,,,0,56,,12696,49,,,0,15,,12723,49,,,0,16,,12697,49,,,0,15,,12724,49,,,0,55,,12698,49,,,0,17,,12725,49,,,0,15,,12699,49,,,0,10,,12726,49,,,0,50,,12727,49,,,0,11,,12700,49,,,0,10,,12728,49,,,0,20,,12701,49,,,0,60,,12730,49,,,0,10,,12703,49,,,0,10,,12729,49,,,0,10,,12731,49,,,0,9,,12702,49,,,0,60,,12732,49,,,0,10,,12704,49,,,0,13,,12733,49,,,0,14,,12712,49,,,0,15,,12734,49,,,0,54,,12706,49,,,0,14,,12735,49,,,0,14,,12705,49,,,0,15,,12736,49,,,0,55,,12707,49,,,0,15,,12737,49,,,0,14,,12687,49,,,0,69,,12686,49,,,0,31,,12685,49,,,0,69,,12681,49,,,0,28,,12684,49,,,0,69,,12680,49,,,0,29,,12683,49,,,0,68,,12679,49,,,0,29,,12682,49,,,0,70,,12678,49,,,0,30,,12738,49,,,0
4001,'4616',737,,12766,49,,,0,103,,12767,49,,,0,71,,12768,49,,,0,31,,12769,49,,,0,71,,12770,49,,,0,30,,12771,49,,,0,70,,12772,49,,,0,31,,12773,49,,,0,70,,12774,49,,,0,30,,12775,49,,,0,70,,12776,49,,,0,30,,12777,49,,,0,70,,12778,49,,,0,30,,12779,49,,,0,70,,12780,49,,,0,30,,12781,49,,,0,70,,12782,49,,,0,30,,12783,49,,,0,70,,12784,49,,,0,28,,12785,49,,,0,70,,12786,49,,,0,29,,12787,49,,,0,69,,12788,49,,,0,30,,12789,49,,,0,69,,12790,49,,,0,30,,12791,49,,,0,69,,12792,49,,,0,30,,12793,49,,,0,98,,12794,49,,,0,99,,12795,49,,,0,99,,12796,49,,,0
4001,'4619',1557,,12674,49,,,0
4001,'5289',1537,,12675,49,,,0,20,,12676,49,,,0,99,,12677,49,,,0
4001,'5299',1557,,12797,49,,,0
4001,'5454',735,,12739,49,,,0,105,,12741,49,,,0,102,,12743,49,,,0,100,,12745,49,,,0,70,,12746,49,,,0,30,,12747,49,,,0,71,,12748,49,,,0,31,,12749,49,,,0,70,,12750,49,,,0,30,,12751,49,,,0,71,,12752,49,,,0,28,,12753,49,,,0,69,,12754,49,,,0,30,,12755,49,,,0,70,,12756,49,,,0,30,,12757,49,,,0,70,,12758,49,,,0,30,,12759,49,,,0,67,,12760,49,,,0,30,,12761,49,,,0,70,,12762,49,,,0,29,,12744,49,,,0,69,,12742,49,,,0,30,,12740,49,,,0
4001,'5568',1537,,12763,49,,,0,119,,12764,49,,,0
1002001,'4614',733,,11408,46,,,0,183,,11409,63,,,0,84,,11742,46,,,0,224,,11404,46,,,0,102,,11405,46,,,0,114,,12887,63,,,0,98,,11406,63,,,0,97,,11407,63,,,0,98,,11413,63,,,0,99,,11414,63,,,0,98,,11415,63,,,0,199,,11416,63,,,0,198,,11417,63,,,0
1002001,'4616',759,,11438,63,,,0,172,,12889,63,,,0,100,,11426,63,,,0,100,,12890,63,,,0,100,,11428,63,,,0,101,,11437,63,,,0,100,,11429,63,,,0,100,,11430,63,,,0,100,,11431,63,,,0,99,,11432,63,,,0,100,,11433,63,,,0,99,,11434,63,,,0,200,,11435,63,,,0,198,,11436,63,,,0
1002001,'5289',1124,,12886,46,,,0
1002001,'5454',931,,11418,63,,,0,201,,11419,63,,,0,202,,11420,63,,,0,199,,11421,63,,,0,200,,11422,63,,,0,199,,11424,63,,,0,198,,11423,63,,,0
1002001,'5568',1124,,12888,46,,,0
