801,'4614',609,,11891,33,,,0,137,,10318,18,,,0,70,,10304,33,,,0,96,,11479,33,,,0,200,,10300,33,,,0,107,,10310,33,,,0,102,,10303,33,,,0,202,,10306,33,,,0,101,,10305,33,,,0,99,,10316,33,,,0,99,,10308,33,,,0,99,,10309,33,,,0,100,,10307,33,,,0,99,,10313,33,,,0,99,,10314,33,,,0,100,,10317,33,,,0
801,'4616',708,,10335,33,,,0,303,,10337,33,,,0,101,,10338,33,,,0,107,,10346,33,,,0,102,,10347,33,,,0,202,,10340,33,,,0,100,,10341,33,,,0,100,,10349,33,,,0,199,,10334,33,,,0,100,,10343,33,,,0,99,,11477,33,,,0,99,,10345,33,,,0
801,'5289',1543,,10319,33,0,24 25 26 7,0
801,'5454',810,,10325,33,,,0,201,,10323,33,,,0,101,,10327,33,,,0,209,,10328,33,,,0,202,,10322,33,,,0,100,,10333,33,,,0,100,,10320,33,,,0,100,,10321,33,,,0,99,,10331,33,,,0,100,,10330,33,,,0
801,'5568',1443,,10350,33,0,24 25 26 7,0
801,'5658',708,,11892,18,,,0,203,,11895,33,,,0,308,,11893,33,,,0,203,,11894,33,,,0
801,'5659',708,,11888,33,,,0,304,,11890,33,,,0,411,,11889,33,,,0
801,'5660',708,,12482,33,,,0,304,,12484,33,,,0,411,,12483,33,,,0
801,'5661',708,,12485,18,,,0,203,,12488,33,,,0,308,,12486,33,,,0,203,,12487,33,,,0
801,'5663',810,,12492,33,,,0,101,,12489,33,,,0,511,,12490,33,,,0,401,,12491,33,,,0
