2000,'4614',610,,10539,39,,,0,102,,10540,39,,,0,107,,10541,39,,,0,1188,,10537,39,,,0,198,,10538,39,,,0
2000,'4616',2008,,10559,39,,,0,198,,10564,39,,,0
2000,'5454',911,,10548,39,,,0,202,,10551,39,,,0,201,,10550,39,,,0,202,,10552,39,,,0,200,,10549,39,,,0,293,,10553,39,,,0
2001,'4614',751,,10579,31,,,0,72,,10572,31,,,0,188,,10578,31,,,0,434,,10576,31,,,0,764,,10570,31,,,0,197,,10571,31,,,0
2001,'4616',840,,12531,31,,,0,1170,,10603,31,,,0,200,,10596,31,,,0,197,,10593,31,,,0
2001,'5299',2009,,10583,31,,,0
2001,'5567',2009,,10606,31,,,0
4001,'4614',651,,12708,32,,,0,72,,12709,32,,,0,33,,12711,32,,,0,55,,12713,32,,,0,17,,12710,32,,,0,17,,12714,32,,,0,13,,12688,32,,,0,55,,12715,32,,,0,15,,12690,32,,,0,16,,12716,32,,,0,14,,12689,32,,,0,56,,12717,32,,,0,15,,12691,32,,,0,15,,12718,32,,,0,15,,12692,32,,,0,55,,12719,32,,,0,16,,12693,32,,,0,15,,12720,32,,,0,55,,12694,32,,,0,15,,12721,32,,,0,15,,12695,32,,,0,15,,12722,32,,,0,56,,12696,32,,,0,15,,12723,32,,,0,15,,12697,32,,,0,15,,12724,32,,,0,55,,12698,32,,,0,16,,12725,32,,,0,15,,12699,32,,,0,11,,12726,32,,,0,10,,12727,32,,,0,51,,12700,32,,,0,10,,12728,32,,,0,20,,12701,32,,,0,20,,12730,32,,,0,50,,12703,32,,,0,10,,12729,32,,,0,10,,12731,32,,,0,10,,12702,32,,,0,20,,12732,32,,,0,50,,12704,32,,,0,14,,12733,32,,,0,14,,12712,32,,,0,15,,12734,32,,,0,54,,12706,32,,,0,14,,12735,32,,,0,14,,12705,32,,,0,15,,12736,32,,,0,15,,12707,32,,,0,55,,12737,32,,,0,14,,12687,32,,,0,29,,12686,32,,,0,71,,12685,32,,,0,29,,12681,32,,,0,69,,12684,32,,,0,29,,12680,32,,,0,69,,12683,32,,,0,29,,12679,32,,,0,69,,12682,32,,,0,30,,12678,32,,,0,70,,12738,32,,,0
4001,'4616',726,,12766,32,,,0,102,,12767,32,,,0,31,,12768,32,,,0,71,,12769,32,,,0,70,,12770,32,,,0,30,,12771,32,,,0,70,,12772,32,,,0,31,,12773,32,,,0,70,,12774,32,,,0,30,,12775,32,,,0,70,,12776,32,,,0,30,,12777,32,,,0,70,,12778,32,,,0,30,,12779,32,,,0,70,,12780,32,,,0,30,,12781,32,,,0,70,,12782,32,,,0,31,,12783,32,,,0,70,,12784,32,,,0,29,,12785,32,,,0,70,,12786,32,,,0,29,,12787,32,,,0,29,,12788,32,,,0,70,,12789,32,,,0,29,,12790,32,,,0,70,,12791,32,,,0,29,,12792,32,,,0,70,,12793,32,,,0,98,,12794,32,,,0,99,,12795,32,,,0,100,,12796,32,,,0
4001,'4619',1544,,12674,32,,,0
4001,'5289',1524,,12675,32,,,0,20,,12676,32,,,0,100,,12677,32,,,0
4001,'5299',1544,,12797,32,,,0
4001,'5454',725,,12739,32,,,0,103,,12741,32,,,0,101,,12743,32,,,0,100,,12745,32,,,0,30,,12746,32,,,0,70,,12747,32,,,0,71,,12748,32,,,0,31,,12749,32,,,0,70,,12750,32,,,0,30,,12751,32,,,0,71,,12752,32,,,0,28,,12753,32,,,0,70,,12754,32,,,0,30,,12755,32,,,0,70,,12756,32,,,0,30,,12757,32,,,0,70,,12758,32,,,0,30,,12759,32,,,0,28,,12760,32,,,0,70,,12761,32,,,0,30,,12762,32,,,0,70,,12744,32,,,0,29,,12742,32,,,0,70,,12740,32,,,0
4001,'5568',1524,,12763,32,,,0,120,,12764,32,,,0
7200,'4614',636,,11669,3,,,0,70,,11672,3,,,0,30,,11670,3,,,0,70,,11113,3,,,0,32,,12808,3,,,0,70,,11115,3,,,0,30,,12809,3,,,0,70,,11671,3,,,0,30,,11118,3,,,0,70,,11119,3,,,0,30,,11120,3,,,0,70,,11121,3,,,0,30,,11122,3,,,0,70,,11123,3,,,0,30,,11124,3,,,0,70,,11125,3,,,0,32,,11126,3,,,0,70,,11127,3,,,0,31,,12810,3,,,0,70,,11129,3,,,0,30,,11130,3,,,0,69,,11131,3,,,0,30,,11132,3,,,0,69,,11133,3,,,0,29,,11134,3,,,0,98,,12811,3,,,0,100,,11136,3,,,0,100,,11137,3,,,0,100,,12812,3,,,0
7200,'4616',638,,11154,3,,,0,100,,11156,3,,,0,100,,11158,3,,,0,70,,12820,3,,,0,30,,11160,3,,,0,70,,12821,3,,,0,30,,11162,3,,,0,70,,12822,3,,,0,30,,12823,3,,,0,70,,12824,3,,,0,30,,12825,3,,,0,70,,12826,3,,,0,30,,12827,3,,,0,70,,12828,3,,,0,30,,12829,3,,,0,70,,12830,3,,,0,30,,12831,3,,,0,70,,12832,3,,,0,30,,12833,3,,,0,70,,12834,3,,,0,30,,12835,3,,,0,70,,11177,3,,,0,28,,12836,3,,,0,100,,12837,3,,,0,100,,12817,3,,,0,100,,12819,3,,,0,100,,11152,3,,,0,100,,12818,3,,,0
7200,'5454',738,,11139,3,,,0,100,,11140,3,,,0,100,,11141,3,,,0,100,,11142,3,,,0,100,,11143,3,,,0,100,,12813,3,,,0,100,,12814,3,,,0,100,,11146,3,,,0,100,,11147,3,,,0,100,,11148,3,,,0,100,,11149,3,,,0,100,,12815,3,,,0,100,,12816,3,,,0
1002000,'4614',844,,12882,45,,,0,403,,11739,45,,,0,206,,11373,45,,,0,103,,11369,45,,,0,184,,11374,45,,,0,368,,11375,45,,,0,199,,11376,45,,,0
1002000,'4616',638,,11389,45,,,0,101,,12885,45,,,0,100,,11388,45,,,0,100,,12883,45,,,0,100,,11391,45,,,0,101,,11392,45,,,0,100,,11393,45,,,0,100,,12884,45,,,0,101,,11395,45,,,0,100,,11400,45,,,0,100,,11396,45,,,0,98,,11397,45,,,0,174,,11398,45,,,0,196,,11399,45,,,0,198,,11387,45,,,0
1002000,'5299',1643,,11378,45,,,0,269,,11379,45,,,0
1002000,'5454',715,,11737,45,,,0,100,,11386,45,,,0
1002000,'5567',1643,,11402,45,,,0,269,,11403,45,,,0
1002001,'4614',852,,11409,31,,,0,560,,12887,31,,,0,101,,11406,31,,,0,99,,11407,31,,,0,100,,11413,31,,,0,100,,11414,31,,,0,98,,11415,31,,,0,199,,11416,31,,,0,199,,11417,31,,,0
1002001,'4616',739,,11438,31,,,0,171,,12889,31,,,0,100,,11426,31,,,0,100,,12890,31,,,0,100,,11428,31,,,0,101,,11437,31,,,0,100,,11429,31,,,0,100,,11430,31,,,0,100,,11431,31,,,0,100,,11432,31,,,0,100,,11433,31,,,0,99,,11434,31,,,0,200,,11435,31,,,0,198,,11436,31,,,0
1002001,'5454',910,,11418,31,,,0,201,,11419,31,,,0,201,,11420,31,,,0,200,,11421,31,,,0,200,,11422,31,,,0,199,,11424,31,,,0,199,,11423,31,,,0
