2000,'4614',606,,10539,36,,,0,102,,10540,36,,,0,107,,10541,36,,,0,1188,,10537,36,,,0,198,,10538,36,,,0
2000,'4616',2004,,10559,36,,,0,198,,10564,36,,,0
2000,'5454',909,,10548,36,,,0,202,,10551,36,,,0,201,,10550,36,,,0,202,,10552,36,,,0,200,,10549,36,,,0,293,,10553,36,,,0
2001,'4614',747,,10579,28,,,0,72,,10572,28,,,0,188,,10578,28,,,0,434,,10576,28,,,0,764,,10570,28,,,0,197,,10571,28,,,0
2001,'4616',2006,,10603,28,,,0,200,,10596,28,,,0,197,,10593,28,,,0
2001,'5299',2005,,10583,28,,,0
2001,'5567',2005,,10606,28,,,0
2001,'5663',836,,12531,28,,,0
4000,'4614',640,,10853,23,,,0,15,,10879,23,,,0,78,,10880,23,0,6 7,0,7,,11643,23,,,0,12,,10884,23,0,6 7,0,68,,11648,23,0,6 7,0,92,,10831,23,,,0,15,,11644,23,,,0,99,,10860,23,,,0,200,,10864,23,,,0,217,,10841,23,,,0,568,,10827,23,,,0,30,,10825,23,,,0
4000,'4616',740,,10937,23,,,0,70,,10938,23,,,0,30,,10939,23,,,0,473,,10914,23,,,0,101,,10917,23,,,0,30,,11638,23,,,0,70,,10929,23,,,0,30,,10924,23,,,0,70,,10911,23,,,0
4000,'4619',1728,,12075,23,,,0
4000,'4931',1728,,12076,23,,,0
4000,'5454',942,,10892,23,,,0,99,,10894,23,,,0,502,,10904,23,,,0,70,,10905,23,,,0
4000,'5658',710,,12077,23,,,0,100,,12079,23,,,0,100,,12081,23,,,0,101,,12082,23,,,0,100,,12083,23,,,0,30,,12084,23,,,0,70,,12085,23,,,0,30,,12086,23,,,0,72,,12087,23,,,0,30,,12088,23,,,0,70,,12089,23,,,0,32,,12090,23,,,0,68,,12091,23,,,0,130,,12092,23,,,0,70,,12093,23,,,0,28,,12094,23,,,0,70,,12095,23,,,0,30,,12096,23,,,0,70,,12078,23,,,0,30,,12080,23,,,0
4000,'5659',610,,12051,23,,,0,100,,12052,23,,,0,15,,12072,23,,,0,23,,12073,23,0,6 7,0,9,,12071,23,,,0,48,,12074,23,0,6 7,0,7,,12053,23,,,0,15,,12070,23,,,0,15,,12031,23,,,0,15,,12054,23,,,0,85,,12032,23,,,0,14,,12055,23,,,0,55,,12033,23,,,0,30,,12034,23,,,0,15,,12056,23,,,0,55,,12035,23,,,0,15,,12057,23,,,0,15,,12036,23,,,0,15,,12058,23,,,0,55,,12037,23,,,0,30,,12038,23,,,0,15,,12059,23,,,0,55,,12039,23,,,0,15,,12060,23,,,0,15,,12040,23,,,0,16,,12061,23,,,0,56,,12041,23,,,0,15,,12062,23,,,0,30,,12063,23,,,0,55,,12042,23,,,0,16,,12064,23,,,0,14,,12043,23,,,0,15,,12065,23,,,0,55,,12044,23,,,0,15,,12066,23,,,0,15,,12045,23,,,0,15,,12067,23,,,0,55,,12046,23,,,0,29,,12047,23,,,0,15,,12068,23,,,0,55,,12048,23,,,0,29,,12049,23,,,0,70,,12050,23,,,0,30,,12028,23,,,0,170,,12029,23,,,0,29,,12027,23,,,0,70,,12030,23,,,0,30,,12026,23,,,0,69,,12069,23,,,0
4000,'5660',610,,12609,23,,,0,100,,12610,23,,,0,15,,12630,23,,,0,23,,12631,23,0,6 7,0,9,,12629,23,,,0,48,,12632,23,0,6 7,0,7,,12611,23,,,0,15,,12628,23,,,0,15,,12589,23,,,0,15,,12612,23,,,0,85,,12590,23,,,0,14,,12613,23,,,0,55,,12591,23,,,0,30,,12592,23,,,0,15,,12614,23,,,0,55,,12593,23,,,0,15,,12615,23,,,0,15,,12594,23,,,0,15,,12616,23,,,0,55,,12595,23,,,0,30,,12596,23,,,0,15,,12617,23,,,0,55,,12597,23,,,0,15,,12618,23,,,0,15,,12598,23,,,0,16,,12619,23,,,0,56,,12599,23,,,0,15,,12620,23,,,0,30,,12621,23,,,0,55,,12600,23,,,0,16,,12622,23,,,0,14,,12601,23,,,0,15,,12623,23,,,0,55,,12602,23,,,0,15,,12624,23,,,0,15,,12603,23,,,0,15,,12625,23,,,0,55,,12604,23,,,0,29,,12605,23,,,0,15,,12626,23,,,0,55,,12606,23,,,0,29,,12607,23,,,0,70,,12608,23,,,0,30,,12586,23,,,0,170,,12587,23,,,0,29,,12585,23,,,0,70,,12588,23,,,0,30,,12584,23,,,0,69,,12627,23,,,0
4000,'5661',710,,12633,23,,,0,100,,12635,23,,,0,100,,12637,23,,,0,101,,12638,23,,,0,100,,12639,23,,,0,30,,12640,23,,,0,70,,12641,23,,,0,30,,12642,23,,,0,72,,12643,23,,,0,30,,12644,23,,,0,70,,12645,23,,,0,32,,12646,23,,,0,68,,12647,23,,,0,130,,12648,23,,,0,70,,12649,23,,,0,28,,12650,23,,,0,70,,12651,23,,,0,30,,12652,23,,,0,70,,12634,23,,,0,30,,12636,23,,,0
4000,'5663',640,,12672,23,,,0,270,,12673,23,,,0,31,,12661,23,,,0,70,,12658,23,,,0,30,,12656,23,,,0,71,,12665,23,,,0,30,,12671,23,,,0,71,,12653,23,,,0,30,,12657,23,,,0,100,,12667,23,,,0,301,,12659,23,,,0,68,,12660,23,,,0,30,,12664,23,,,0,70,,12662,23,,,0,30,,12666,23,,,0,70,,12669,23,,,0,29,,12655,23,,,0,70,,12663,23,,,0,100,,12668,23,,,0,100,,12654,23,,,0,99,,12670,23,,,0
7201,'4614',725,,11677,31,,,0,30,,11181,31,,,0,103,,11183,31,,,0,101,,11678,31,,,0,70,,11186,31,,,0,30,,11187,31,,,0,70,,11188,31,,,0,29,,11189,31,,,0,70,,11190,31,,,0,30,,11191,31,,,0,70,,11192,31,,,0,30,,11193,31,,,0,69,,11194,31,,,0,30,,11195,31,,,0,100,,11197,31,,,0,70,,11198,31,,,0,31,,11199,31,,,0,70,,11200,31,,,0,30,,11201,31,,,0,70,,11202,31,,,0,30,,11203,31,,,0,170,,11205,31,,,0,100,,11206,31,,,0,230,,11208,31,,,0
7201,'4616',728,,11228,31,,,0,100,,11229,31,,,0,100,,11230,31,,,0,100,,11232,31,,,0,730,,11247,31,,,0,100,,11249,31,,,0,370,,11225,31,,,0
7201,'5454',828,,11209,31,,,0,100,,11210,31,,,0,100,,11211,31,,,0,100,,11212,31,,,0,299,,11215,31,,,0,100,,11216,31,,,0,101,,11217,31,,,0,100,,11218,31,,,0
7201,'5658',1227,,12288,31,,,0,100,,12289,31,,,0,501,,12290,31,,,0,100,,12291,31,,,0,100,,12292,31,,,0
7201,'5659',825,,12283,31,,,0,104,,12284,31,,,0,598,,12285,31,,,0,401,,12286,31,,,0,300,,12287,31,,,0
7201,'5660',825,,12838,31,,,0,104,,12839,31,,,0,598,,12840,31,,,0,401,,12841,31,,,0,300,,12842,31,,,0
7201,'5661',1227,,12843,31,,,0,100,,12844,31,,,0,501,,12845,31,,,0,100,,12846,31,,,0,100,,12847,31,,,0
7201,'5663',958,,12853,31,,,0,100,,12854,31,,,0,70,,12855,31,,,0,30,,12856,31,,,0,70,,12857,31,,,0,30,,12858,31,,,0,70,,12859,31,,,0,30,,12860,31,,,0,70,,12861,31,,,0,30,,12862,31,,,0,70,,12863,31,,,0,30,,12864,31,,,0,70,,12865,31,,,0,30,,12866,31,,,0,70,,12867,31,,,0,100,,12868,31,,,0,100,,12848,31,,,0,100,,12849,31,,,0,100,,12850,31,,,0,200,,12851,31,,,0,100,,12852,31,,,0
1002000,'4614',1243,,11739,42,,,0,206,,11373,42,,,0,103,,11369,42,,,0,184,,11374,42,,,0,368,,11375,42,,,0,199,,11376,42,,,0
1002000,'4616',634,,11389,42,,,0,201,,11388,42,,,0,200,,11391,42,,,0,101,,11392,42,,,0,100,,11393,42,,,0,201,,11395,42,,,0,100,,11400,42,,,0,100,,11396,42,,,0,98,,11397,42,,,0,174,,11398,42,,,0,196,,11399,42,,,0,198,,11387,42,,,0
1002000,'5299',1639,,11378,42,,,0,269,,11379,42,,,0
1002000,'5454',711,,11737,42,,,0,100,,11386,42,,,0
1002000,'5567',1639,,11402,42,,,0,269,,11403,42,,,0
1002000,'5659',840,,12333,42,,,0
1002000,'5660',840,,12882,42,,,0
1002000,'5663',735,,12885,42,,,0,200,,12883,42,,,0,401,,12884,42,,,0
1002001,'4614',848,,11409,28,,,0,661,,11406,28,,,0,99,,11407,28,,,0,100,,11413,28,,,0,100,,11414,28,,,0,98,,11415,28,,,0,199,,11416,28,,,0,199,,11417,28,,,0
1002001,'4616',735,,11438,28,,,0,271,,11426,28,,,0,200,,11428,28,,,0,101,,11437,28,,,0,100,,11429,28,,,0,100,,11430,28,,,0,100,,11431,28,,,0,100,,11432,28,,,0,100,,11433,28,,,0,99,,11434,28,,,0,200,,11435,28,,,0,198,,11436,28,,,0
1002001,'5454',906,,11418,28,,,0,201,,11419,28,,,0,201,,11420,28,,,0,200,,11421,28,,,0,200,,11422,28,,,0,199,,11424,28,,,0,199,,11423,28,,,0
1002001,'5659',1408,,12337,28,,,0
1002001,'5660',1408,,12887,28,,,0
1002001,'5663',906,,12889,28,,,0,200,,12890,28,,,0
