600,'4614',650,,11853,11,,,0,251,,10154,11,,,0,57,,11464,11,,,0,200,,10150,11,,,0,144,,10160,11,,,0,103,,10152,11,,,0,204,,10156,11,,,0,99,,10165,11,,,0,97,,10157,11,,,0,98,,10155,11,,,0,100,,10158,11,,,0,99,,10162,11,,,0,100,,10163,11,,,0,100,,10164,11,,,0
600,'4616',649,,10186,11,,,0,102,,10189,11,,,0,307,,10193,11,,,0,100,,10184,11,,,0,144,,10187,11,,,0,100,,10188,11,,,0,101,,10190,11,,,0,101,,10192,11,,,0,100,,10181,11,,,0,99,,10185,11,,,0,200,,10182,11,,,0,100,,10194,11,,,0,99,,11462,11,,,0,100,,10191,11,,,0
600,'5454',857,,10175,11,,,0,200,,10180,11,,,0,100,,10170,11,,,0,101,,10177,11,,,0,143,,10167,11,,,0,201,,10172,11,,,0,101,,10179,11,,,0,100,,10178,11,,,0,100,,10171,11,,,0
600,'5658',657,,11854,11,,,0,94,,11858,11,,,0,206,,11856,11,,,0,545,,11857,11,,,0,501,,11855,11,,,0
600,'5659',752,,11850,11,,,0,306,,11852,11,,,0,453,,11851,11,,,0
600,'5660',752,,12446,11,,,0,306,,12448,11,,,0,453,,12447,11,,,0
600,'5661',657,,12449,11,,,0,94,,12453,11,,,0,206,,12451,11,,,0,545,,12452,11,,,0,501,,12450,11,,,0
600,'5663',857,,12455,11,,,0,100,,12454,11,,,0,946,,12456,11,,,0
801,'4614',552,,11891,9,0,18,0,205,,10304,9,0,18,0,96,,11479,9,0,18,0,201,,10300,9,0,18,0,104,,10310,9,0,18,0,142,,10303,9,0,18,0,200,,10306,9,0,18,0,101,,10305,9,0,18,0,100,,10316,9,0,18,0,99,,10308,9,0,18,0,100,,10309,9,0,18,0,100,,10307,9,0,18,0,100,,10313,9,0,18,0,101,,10314,9,0,18,0,100,,10317,9,0,18,0
801,'4616',651,,10335,9,0,18,0,302,,10337,9,0,18,0,101,,10338,9,0,18,0,105,,10346,9,0,18,0,141,,10347,9,0,18,0,202,,10340,9,0,18,0,100,,10341,9,0,18,0,100,,10349,9,0,18,0,199,,10334,9,0,18,0,100,,10343,9,0,18,0,100,,11477,9,0,18,0,100,,10345,9,0,18,0
801,'5289',1520,,10319,9,0,18,0
801,'5454',753,,10325,9,0,18,0,200,,10323,9,0,18,0,101,,10327,9,0,18,0,246,,10328,9,0,18,0,202,,10322,9,0,18,0,100,,10333,9,0,18,0,100,,10320,9,0,18,0,100,,10321,9,0,18,0,99,,10331,9,0,18,0,100,,10330,9,0,18,0
801,'5568',1420,,10350,9,0,18,0
801,'5658',854,,11895,9,0,18,0,305,,11893,9,0,18,0,242,,11894,9,0,18,0
801,'5659',651,,11888,9,0,18,0,303,,11890,9,0,18,0,446,,11889,9,0,18,0
801,'5660',651,,12482,9,0,18,0,303,,12484,9,0,18,0,446,,12483,9,0,18,0
801,'5661',854,,12488,9,0,18,0,305,,12486,9,0,18,0,242,,12487,9,0,18,0
801,'5663',753,,12492,9,0,18,0,101,,12489,9,0,18,0,547,,12490,9,0,18,0,401,,12491,9,0,18,0
