2001,'4528',644,,9422,6,,,0,156,,8078,6,0,9 10 11,0,105,,8066,6,,,0,109,,9416,6,,,0,110,,9417,6,,,0,111,,9418,6,,,0,220,,9419,6,0,9 10 11,0,150,,9420,6,,,0,110,,8072,6,,,0,105,,8073,6,0,9 10 11,0,114,,9421,6,,,0,205,,8075,6,0,9 10 11,0,199,,8076,6,0,9 10 11,0
2001,'4532',914,,8085,6,,,0,88,,8089,6,,,0,348,,8088,6,,,0,102,,8082,6,,,0,686,,8084,6,0,9 10 11,0,199,,8081,6,0,9 10 11,0
2001,'5221',904,,8090,6,,,0,655,,8093,6,,,0
2001,'5560',1131,,8092,6,,,0,219,,8091,6,,,0,474,,8094,6,,,0
2001,'5562',1107,,9426,6,,,0,128,,9423,6,,,0,324,,9427,6,,,0,143,,9425,6,,,0,111,,9424,6,,,0
2001,'5563',1131,,9429,6,,,0,219,,9428,6,,,0,474,,9430,6,,,0
2501,'4528',823,,9440,6,,,0,216,,9441,7,,,0,217,,9442,6,,,0,174,,8113,7,,,0,373,,9443,7,,,0,225,,9444,6,,,0
2501,'4532',1255,,8118,7,,,0,775,,8116,7,,,0
2501,'5221',820,,8121,6,,,0,435,,8123,7,,,0,775,,8125,7,,,0
2501,'5560',1040,,8122,7,,,0,760,,8124,6,,,0
2501,'5562',820,,9445,6,,,0,220,,9446,7,,,0,760,,9447,6,,,0
2501,'5563',1040,,9448,7,,,0,760,,9449,6,,,0
1002001,'4528',719,,9868,6,,,0,110,,9869,6,,,0,220,,9870,6,,,0,110,,9871,6,,,0,151,,8826,6,,,0,35,,9872,6,,,0,75,,9873,6,,,0,220,,9874,6,,,0,111,,9875,6,,,0,108,,9876,6,,,0,178,,9877,6,,,0,202,,9878,6,,,0
1002001,'4532',716,,8838,6,,,0,437,,8845,6,,,0,157,,8844,6,,,0,330,,8836,6,,,0,109,,8842,6,,,0,267,,8846,6,,,0,220,,8843,6,,,0
1002001,'4623',923,,9879,6,,,0,607,,9880,6,,,0
1002001,'5221',1003,,8853,6,,,0,232,,8849,6,,,0,222,,8851,6,,,0,257,,8850,6,,,0
1002001,'5222',923,,9881,6,,,0,607,,9882,6,,,0
1002001,'5560',752,,8854,6,,,0,1267,,8852,6,,,0
1002001,'5562',829,,9886,6,,,0,110,,9883,6,,,0,111,,9885,6,,,0,370,,9884,6,,,0,104,,9888,6,,,0,389,,9887,6,,,0
1002001,'5563',752,,9890,6,,,0,1267,,9889,6,,,0
