2001,'4614',649,,10573,12,,,0,86,,10579,12,0,9 10 11,0,70,,10572,12,0,9 10 11,0,105,,10567,12,,,0,45,,10578,12,0,9 10 11,0,75,,10568,12,,,0,201,,10574,12,,,0,100,,10575,12,,,0,97,,10576,12,0,9 10 11,0,407,,10569,12,,,0,320,,10570,12,0,9 10 11,0,198,,10571,12,0,9 10 11,0
2001,'4616',825,,10602,12,0,9 10 11,0,110,,10597,12,,,0,100,,10601,12,,,0,100,,10598,12,,,0,101,,10591,12,,,0,100,,10600,12,,,0,100,,10604,12,,,0,101,,10594,12,,,0,99,,10599,12,,,0,100,,10595,12,,,0,99,,10592,12,,,0,120,,10603,12,0,9 10 11,0,200,,10596,12,0,9 10 11,0,198,,10593,12,0,9 10 11,0
2001,'5289',1636,,10581,12,,,0
2001,'5299',1536,,10584,12,,,0,200,,10582,12,,,0,219,,10583,12,0,9 10 11,0
2001,'5454',754,,11592,12,,,0,202,,10585,12,,,0,200,,10587,12,,,0,200,,10586,12,,,0,201,,10588,12,,,0,199,,10589,12,,,0
2001,'5567',1536,,10607,12,,,0,200,,10605,12,,,0,219,,10606,12,0,9 10 11,0
2001,'5568',1636,,10608,12,,,0
2001,'5608',1130,,10577,12,,,0
2001,'5611',1130,,11593,12,,,0
2501,'4614',828,,10624,12,,,0,481,,10626,12,,,0,621,,10628,13,,,0
2501,'4616',829,,10636,12,,,0,303,,10638,13,,,0,400,,10637,13,,,0,200,,10639,13,,,0,200,,10635,13,,,0
2501,'5454',829,,11597,12,,,0,303,,10631,13,,,0,400,,10632,13,,,0,200,,10634,13,,,0,200,,10633,13,,,0
2501,'5608',1130,,10625,13,,,0,401,,10627,13,,,0,489,,10629,12,,,0
2501,'5611',1130,,11598,13,,,0,401,,11599,13,,,0,489,,11600,12,,,0
1002001,'4614',709,,11408,12,,,0,126,,11409,12,,,0,365,,11404,12,,,0,101,,11405,12,,,0,55,,11412,12,,,0,100,,11406,12,,,0,100,,11407,12,,,0,100,,11413,12,,,0,100,,11414,12,,,0,99,,11415,12,,,0,200,,11416,12,,,0,199,,11417,12,,,0
1002001,'4616',724,,11438,12,,,0,131,,11425,12,,,0,100,,11426,12,,,0,100,,11427,12,,,0,100,,11428,12,,,0,101,,11437,12,,,0,100,,11429,12,,,0,100,,11430,12,,,0,100,,11431,12,,,0,100,,11432,12,,,0,100,,11433,12,,,0,99,,11434,12,,,0,200,,11435,12,,,0,199,,11436,12,,,0
1002001,'5454',855,,11418,12,,,0,201,,11419,12,,,0,200,,11420,12,,,0,200,,11421,12,,,0,200,,11422,12,,,0,199,,11424,12,,,0,200,,11423,12,,,0
1002001,'5568',1100,,11740,12,,,0
1002001,'5602',1100,,11741,12,,,0
1002001,'5608',935,,11410,12,,,0
1002001,'5611',935,,11742,12,,,0
