2000,'4614',601,,10539,28,0,9 12 2 5,0,101,,10540,28,0,9 12 2 5,0,105,,10541,28,0,9 12 2 5,0,1151,,10537,28,0,9 12 2 5,0,198,,10538,28,0,9 12 2 5,0
2000,'5544',903,,10548,28,0,9 12 2 5,0,202,,10551,28,0,9 12 2 5,0,201,,10550,28,0,9 12 2 5,0,202,,10552,28,0,9 12 2 5,0,200,,10549,28,0,9 12 2 5,0,294,,10553,28,0,9 12 2 5,0
2000,'5547',1959,,10559,28,0,9 12 2 5,0,198,,10564,28,0,9 12 2 5,0
2001,'4614',741,,10579,20,0,9 10 11,0,71,,10572,20,0,9 10 11,0,189,,10578,20,0,9 10 11,0,433,,10576,20,0,9 10 11,0,766,,10570,20,0,9 10 11,0,157,,10571,20,0,9 10 11,0
2001,'5299',2000,,10583,20,0,9 10 11,0
2001,'5547',830,,10602,20,0,9 10 11,0,1170,,10603,20,0,9 10 11,0,200,,10596,20,0,9 10 11,0,158,,10593,20,0,9 10 11,0
2001,'5567',2000,,10606,20,0,9 10 11,0
9200,'4619',1418,,11282,24,,,0,2,,11281,24,,,0
9200,'5289',1527,,11284,24,,,0,2,,11283,24,,,0
9200,'5299',1434,,11285,24,,,0,2,,11286,24,,,0
1002000,'4614',833,,11377,34,,,0,404,,11366,34,,,0,205,,11373,34,,,0,104,,11369,34,,,0,185,,11374,34,,,0,328,,11375,34,,,0,199,,11376,34,,,0
1002000,'5299',1634,,11378,34,,,0,269,,11379,34,,,0
1002000,'5544',705,,11380,34,,,0,100,,11386,34,,,0
1002000,'5547',629,,11389,34,,,0,100,,11401,34,,,0,100,,11388,34,,,0,100,,11390,34,,,0,100,,11391,34,,,0,101,,11392,34,,,0,100,,11393,34,,,0,100,,11394,34,,,0,101,,11395,34,,,0,100,,11400,34,,,0,100,,11396,34,,,0,98,,11397,34,,,0,175,,11398,34,,,0,196,,11399,34,,,0,158,,11387,34,,,0
1002000,'5567',1634,,11402,34,,,0,269,,11403,34,,,0
1002001,'4614',841,,11409,20,,,0,561,,11412,20,,,0,100,,11406,20,,,0,100,,11407,20,,,0,100,,11413,20,,,0,100,,11414,20,,,0,98,,11415,20,,,0,200,,11416,20,,,0,159,,11417,20,,,0
1002001,'5544',900,,11418,20,,,0,201,,11419,20,,,0,201,,11420,20,,,0,200,,11421,20,,,0,200,,11422,20,,,0,199,,11424,20,,,0,199,,11423,20,,,0
1002001,'5547',729,,11438,20,,,0,171,,11425,20,,,0,100,,11426,20,,,0,100,,11427,20,,,0,100,,11428,20,,,0,101,,11437,20,,,0,100,,11429,20,,,0,100,,11430,20,,,0,100,,11431,20,,,0,100,,11432,20,,,0,100,,11433,20,,,0,99,,11434,20,,,0,200,,11435,20,,,0,159,,11436,20,,,0
