4000,'4614',643,2,10853,24,,,0,15,2,10879,24,,,0,78,2,10880,24,0,6 7,0,7,2,11643,24,,,0,12,2,10884,24,0,6 7,0,68,2,11648,24,0,6 7,0,92,2,10831,24,,,0,15,2,11644,24,,,0,99,2,10860,24,,,0,200,2,10864,24,,,0,217,2,10841,24,,,0,568,2,10827,24,,,0,30,2,10825,24,,,0
4000,'4616',743,2,10937,24,,,0,70,2,10938,24,,,0,30,2,10939,24,,,0,473,2,10914,24,,,0,101,2,10917,24,,,0,30,2,11638,24,,,0,70,2,10929,24,,,0,30,2,10924,24,,,0,70,2,10911,24,,,0
4000,'4619',1731,2,12075,24,,,0
4000,'4931',1731,2,12076,24,,,0
4000,'5454',945,2,10892,24,,,0,99,2,10894,24,,,0,502,2,10904,24,,,0,70,2,10905,24,,,0
4000,'5658',713,2,12077,24,,,0,100,2,12079,24,,,0,100,2,12081,24,,,0,101,2,12082,24,,,0,100,2,12083,24,,,0,30,2,12084,24,,,0,70,2,12085,24,,,0,30,2,12086,24,,,0,72,2,12087,24,,,0,30,2,12088,24,,,0,70,2,12089,24,,,0,32,2,12090,24,,,0,68,2,12091,24,,,0,130,2,12092,24,,,0,70,2,12093,24,,,0,28,2,12094,24,,,0,70,2,12095,24,,,0,30,2,12096,24,,,0,70,2,12078,24,,,0,30,2,12080,24,,,0
4000,'5659',613,2,12051,24,,,0,100,2,12052,24,,,0,15,2,12072,24,,,0,23,2,12073,24,0,6 7,0,49,42,12071,24,,,0,8,2,12074,24,0,6 7,0,7,2,12053,24,,,0,15,2,12070,24,,,0,15,2,12031,24,,,0,55,42,12054,24,,,0,45,2,12032,24,,,0,14,2,12055,24,,,0,55,2,12033,24,,,0,30,2,12034,24,,,0,15,2,12056,24,,,0,55,2,12035,24,,,0,15,2,12057,24,,,0,15,2,12036,24,,,0,15,2,12058,24,,,0,55,2,12037,24,,,0,30,2,12038,24,,,0,15,2,12059,24,,,0,55,2,12039,24,,,0,15,2,12060,24,,,0,15,2,12040,24,,,0,56,42,12061,24,,,0,16,2,12041,24,,,0,15,2,12062,24,,,0,70,42,12063,24,,,0,15,2,12042,24,,,0,16,2,12064,24,,,0,14,2,12043,24,,,0,55,42,12065,24,,,0,15,2,12044,24,,,0,15,2,12066,24,,,0,15,2,12045,24,,,0,55,42,12067,24,,,0,15,2,12046,24,,,0,29,2,12047,24,,,0,55,42,12068,24,,,0,15,2,12048,24,,,0,29,2,12049,24,,,0,70,2,12050,24,,,0,30,2,12028,24,,,0,170,2,12029,24,,,0,29,2,12027,24,,,0,70,2,12030,24,,,0,30,2,12026,24,,,0,69,2,12069,24,,,0
4000,'5660',613,2,12609,24,,,0,100,2,12610,24,,,0,15,2,12630,24,,,0,23,2,12631,24,0,6 7,0,49,42,12629,24,,,0,8,2,12632,24,0,6 7,0,7,2,12611,24,,,0,15,2,12628,24,,,0,15,2,12589,24,,,0,55,42,12612,24,,,0,45,2,12590,24,,,0,14,2,12613,24,,,0,55,2,12591,24,,,0,30,2,12592,24,,,0,15,2,12614,24,,,0,55,2,12593,24,,,0,15,2,12615,24,,,0,15,2,12594,24,,,0,15,2,12616,24,,,0,55,2,12595,24,,,0,30,2,12596,24,,,0,15,2,12617,24,,,0,55,2,12597,24,,,0,15,2,12618,24,,,0,15,2,12598,24,,,0,56,42,12619,24,,,0,16,2,12599,24,,,0,15,2,12620,24,,,0,70,42,12621,24,,,0,15,2,12600,24,,,0,16,2,12622,24,,,0,14,2,12601,24,,,0,55,42,12623,24,,,0,15,2,12602,24,,,0,15,2,12624,24,,,0,15,2,12603,24,,,0,55,42,12625,24,,,0,15,2,12604,24,,,0,29,2,12605,24,,,0,55,42,12626,24,,,0,15,2,12606,24,,,0,29,2,12607,24,,,0,70,2,12608,24,,,0,30,2,12586,24,,,0,170,2,12587,24,,,0,29,2,12585,24,,,0,70,2,12588,24,,,0,30,2,12584,24,,,0,69,2,12627,24,,,0
4000,'5661',713,2,12633,24,,,0,100,2,12635,24,,,0,100,2,12637,24,,,0,101,2,12638,24,,,0,100,2,12639,24,,,0,30,2,12640,24,,,0,70,2,12641,24,,,0,30,2,12642,24,,,0,72,2,12643,24,,,0,30,2,12644,24,,,0,70,2,12645,24,,,0,32,2,12646,24,,,0,68,2,12647,24,,,0,130,2,12648,24,,,0,70,2,12649,24,,,0,28,2,12650,24,,,0,70,2,12651,24,,,0,30,2,12652,24,,,0,70,2,12634,24,,,0,30,2,12636,24,,,0
4000,'5663',643,2,12672,24,,,0,270,2,12673,24,,,0,31,2,12661,24,,,0,70,2,12658,24,,,0,30,2,12656,24,,,0,71,2,12665,24,,,0,30,2,12671,24,,,0,71,2,12653,24,,,0,30,2,12657,24,,,0,100,2,12667,24,,,0,301,2,12659,24,,,0,68,2,12660,24,,,0,30,2,12664,24,,,0,70,2,12662,24,,,0,30,2,12666,24,,,0,70,2,12669,24,,,0,29,2,12655,24,,,0,70,2,12663,24,,,0,100,2,12668,24,,,0,100,2,12654,24,,,0,99,2,12670,24,,,0
