2001,'4528',705,,9422,37,,,0,136,,8078,54,,,0,87,,8066,37,,,0,109,,9416,37,,,0,110,,9417,37,,,0,111,,9418,37,,,0,280,,9419,54,,,0,90,,9420,37,,,0,110,,8072,37,,,0,119,,8073,54,,,0,99,,9421,37,,,0,259,,8075,54,,,0,197,,8076,54,,,0
2001,'4532',937,,8085,37,,,0,88,,8089,37,,,0,388,,8088,37,,,0,102,,8082,37,,,0,697,,8084,54,,,0,198,,8081,54,,,0
2001,'5221',927,,8090,37,,,0,695,,8093,37,,,0
2001,'5560',1155,,8092,37,,,0,258,,8091,37,,,0,433,,8094,37,,,0
2001,'5562',1130,,9426,37,,,0,128,,9423,37,,,0,364,,9427,37,,,0,103,,9425,37,,,0,110,,9424,37,,,0
2001,'5563',1155,,9429,37,,,0,258,,9428,37,,,0,433,,9430,37,,,0
1002001,'4528',741,,9868,37,,,0,111,,9869,37,,,0,259,,9870,37,,,0,110,,9871,37,,,0,111,,8826,37,,,0,96,,9872,54,,,0,76,,9873,54,,,0,214,,9874,54,,,0,95,,9875,37,,,0,107,,9876,37,,,0,192,,9877,54,,,0,200,,9878,54,,,0
1002001,'4532',749,,8838,54,,,0,480,,8845,54,,,0,117,,8844,54,,,0,369,,8836,54,,,0,109,,8842,54,,,0,226,,8846,54,,,0,259,,8843,54,,,0
1002001,'4623',1001,,9879,54,,,0,609,,9880,54,,,0
1002001,'5221',1040,,8853,54,,,0,271,,8849,54,,,0,222,,8851,54,,,0,216,,8850,54,,,0
1002001,'5222',1001,,9881,54,,,0,609,,9882,54,,,0
1002001,'5560',826,,8854,54,,,0,1227,,8852,54,,,0
1002001,'5562',903,,9886,54,,,0,112,,9883,54,,,0,111,,9885,54,,,0,330,,9884,54,,,0,144,,9888,54,,,0,348,,9887,54,,,0
1002001,'5563',826,,9890,54,,,0,1227,,9889,54,,,0
