2000,'4528',607,,9400,30,0,9 12 2 5,0,108,,9401,30,0,9 12 2 5,0,107,,9402,30,0,9 12 2 5,0,402,,8036,30,0,9 12 2 5,0,323,,8040,30,0,9 12 2 5,0,453,,8042,30,0,9 12 2 5,0,203,,8043,30,0,9 12 2 5,0
2000,'4532',2300,,8054,30,0,9 12 2 5,0
2000,'4623',1707,,9403,30,0,9 12 2 5,0
2000,'5222',1707,,9404,30,0,9 12 2 5,0
2000,'5562',1940,,9409,30,0,9 12 2 5,0,218,,9413,30,0,9 12 2 5,0
2001,'4528',817,,8078,22,0,9 10 11,0,695,,9419,22,0,9 10 11,0,323,,8073,22,0,9 10 11,0,319,,8075,22,0,9 10 11,0,197,,8076,22,0,9 10 11,0
2001,'4532',2152,,8084,22,0,9 10 11,0,199,,8081,22,0,9 10 11,0
1002000,'4528',2103,,9854,36,,,0,200,,8799,36,,,0
1002000,'4532',639,,8805,36,,,0,690,,8802,36,,,0,230,,8803,36,,,0,275,,8804,36,,,0,224,,8800,36,,,0
1002000,'4623',1443,,9856,36,,,0
1002000,'5221',933,,8815,36,,,0,210,,8814,36,,,0,272,,8819,36,,,0,495,,8817,36,,,0
1002000,'5222',1443,,9858,36,,,0
1002000,'5560',715,,8818,36,,,0,918,,8816,36,,,0
1002000,'5562',751,,9860,36,,,0,150,,9859,36,,,0,107,,9862,36,,,0,115,,9863,36,,,0,106,,9861,36,,,0,212,,9864,36,,,0,268,,9865,36,,,0
1002000,'5563',715,,9867,36,,,0,918,,9866,36,,,0
1002001,'4528',1402,,9872,22,,,0,35,,9873,22,,,0,218,,9874,22,,,0,397,,9877,22,,,0,200,,9878,22,,,0
1002001,'4532',730,,8838,22,,,0,478,,8845,22,,,0,117,,8844,22,,,0,330,,8836,22,,,0,149,,8842,22,,,0,227,,8846,22,,,0,219,,8843,22,,,0
1002001,'4623',938,,9879,22,,,0,608,,9880,22,,,0
1002001,'5221',1018,,8853,22,,,0,232,,8849,22,,,0,262,,8851,22,,,0,217,,8850,22,,,0
1002001,'5222',938,,9881,22,,,0,608,,9882,22,,,0
1002001,'5560',806,,8854,22,,,0,1228,,8852,22,,,0
1002001,'5562',843,,9886,22,,,0,111,,9883,22,,,0,151,,9885,22,,,0,330,,9884,22,,,0,104,,9888,22,,,0,389,,9887,22,,,0
1002001,'5563',806,,9890,22,,,0,1228,,9889,22,,,0
