2000,'4528',617,,9400,43,,,0,108,,9401,43,,,0,108,,9402,43,,,0,402,,8036,43,,,0,365,,8040,43,,,0,410,,8042,43,,,0,203,,8043,43,,,0
2000,'4532',2310,,8054,43,,,0
2000,'4623',1719,,9403,43,,,0
2000,'5222',1719,,9404,43,,,0
2000,'5562',1950,,9409,43,,,0,258,,9413,43,,,0
2001,'4528',829,,8078,35,,,0,696,,9419,35,,,0,321,,8073,35,,,0,358,,8075,35,,,0,197,,8076,35,,,0
2001,'4532',2201,,8084,35,,,0,199,,8081,35,,,0
1002000,'4528',2113,,9854,49,,,0,200,,8799,49,,,0
1002000,'4532',649,,8805,49,,,0,690,,8802,49,,,0,270,,8803,49,,,0,235,,8804,49,,,0,264,,8800,49,,,0
1002000,'4623',1456,,9856,49,,,0
1002000,'5221',943,,8815,49,,,0,210,,8814,49,,,0,272,,8819,49,,,0,495,,8817,49,,,0
1002000,'5222',1456,,9858,49,,,0
1002000,'5560',725,,8818,49,,,0,918,,8816,49,,,0
1002000,'5562',801,,9860,49,,,0,110,,9859,49,,,0,107,,9862,49,,,0,115,,9863,49,,,0,106,,9861,49,,,0,212,,9864,49,,,0,268,,9865,49,,,0
1002000,'5563',725,,9867,49,,,0,918,,9866,49,,,0
1002001,'4528',1414,,9872,35,,,0,36,,9873,35,,,0,257,,9874,35,,,0,395,,9877,35,,,0,200,,9878,35,,,0
1002001,'4532',739,,8838,35,,,0,479,,8845,35,,,0,117,,8844,35,,,0,370,,8836,35,,,0,109,,8842,35,,,0,226,,8846,35,,,0,219,,8843,35,,,0
1002001,'4623',950,,9879,35,,,0,608,,9880,35,,,0
1002001,'5221',1028,,8853,35,,,0,272,,8849,35,,,0,222,,8851,35,,,0,217,,8850,35,,,0
1002001,'5222',950,,9881,35,,,0,608,,9882,35,,,0
1002001,'5560',815,,8854,35,,,0,1228,,8852,35,,,0
1002001,'5562',852,,9886,35,,,0,152,,9883,35,,,0,111,,9885,35,,,0,330,,9884,35,,,0,104,,9888,35,,,0,389,,9887,35,,,0
1002001,'5563',815,,9890,35,,,0,1228,,9889,35,,,0
