3001,'4614',617,,10741,9,,,0,30,,10734,9,,,0,70,,12564,9,,,0,31,,10736,9,,,0,57,,10739,9,,,0,17,,10738,9,,,0,15,,12566,9,,,0,16,,10735,9,,,0,69,,12559,9,,,0,30,,12560,9,,,0,70,,10713,9,,,0,30,,11604,9,,,0,70,,10714,9,,,0,30,,10716,9,,,0,70,,10718,9,,,0,30,,10720,9,,,0,71,,12561,9,,,0,30,,10717,9,,,0,70,,10722,9,,,0,30,,10719,9,,,0,100,,10723,9,,,0,70,,12565,9,,,0,100,,12562,9,,,0,30,,10725,9,,,0,69,,10726,9,,,0,30,,10727,9,,,0,100,,12563,9,,,0,99,,10730,9,,,0,100,,10731,9,,,0,100,,10728,9,,,0,100,,10732,9,,,0
3001,'4616',722,,10757,9,,,0,100,,10758,9,,,0,100,,10759,9,,,0,31,,10760,9,,,0,70,,10761,9,,,0,30,,10762,9,,,0,70,,10763,9,,,0,30,,12572,9,,,0,70,,10765,9,,,0,30,,10766,9,,,0,70,,10767,9,,,0,30,,10768,9,,,0,70,,10769,9,,,0,30,,12573,9,,,0,70,,10771,9,,,0,30,,10772,9,,,0,70,,12574,9,,,0,30,,10774,9,,,0,71,,12575,9,,,0,28,,12576,9,,,0,70,,10777,9,,,0,30,,10778,9,,,0,100,,12577,9,,,0,100,,10780,9,,,0,100,,12578,9,,,0,99,,12579,9,,,0,100,,10783,9,,,0
3001,'5289',1523,,10743,9,,,0,130,,10742,9,,,0
3001,'5454',751,,12567,9,,,0,101,,12568,9,,,0,101,,10746,9,,,0,100,,10747,9,,,0,100,,12569,9,,,0,100,,10749,9,,,0,100,,10750,9,,,0,100,,12570,9,,,0,100,,10752,9,,,0,100,,10753,9,,,0,100,,12571,9,,,0,99,,10755,9,,,0,100,,10756,9,,,0
3001,'5568',1523,,10785,9,,,0,130,,10784,9,,,0
4001,'4614',637,,12708,17,,,0,71,,12709,17,,,0,32,,12711,17,,,0,15,,12713,17,,,0,57,,12710,17,,,0,17,,12714,17,,,0,13,,12688,17,,,0,16,,12715,17,,,0,55,,12690,17,,,0,16,,12716,17,,,0,14,,12689,17,,,0,15,,12717,17,,,0,55,,12691,17,,,0,15,,12718,17,,,0,15,,12692,17,,,0,15,,12719,17,,,0,56,,12693,17,,,0,15,,12720,17,,,0,15,,12694,17,,,0,15,,12721,17,,,0,55,,12695,17,,,0,15,,12722,17,,,0,15,,12696,17,,,0,15,,12723,17,,,0,55,,12697,17,,,0,15,,12724,17,,,0,15,,12698,17,,,0,56,,12725,17,,,0,15,,12699,17,,,0,11,,12726,17,,,0,10,,12727,17,,,0,11,,12700,17,,,0,10,,12728,17,,,0,59,,12179,7,0,19 20 7,0,1,,12701,17,,,0,20,,12730,17,,,0,10,,12703,17,,,0,10,,12729,17,,,0,50,,12731,17,,,0,10,,12702,17,,,0,20,,12732,17,,,0,10,,12704,17,,,0,54,,12733,17,,,0,15,,12712,17,,,0,15,,12734,17,,,0,15,,12706,17,,,0,54,,12735,17,,,0,14,,12705,17,,,0,15,,12736,17,,,0,15,,12707,17,,,0,15,,12737,17,,,0,54,,12687,17,,,0,30,,12686,17,,,0,71,,12685,17,,,0,29,,12681,17,,,0,69,,12684,17,,,0,30,,12680,17,,,0,69,,12683,17,,,0,30,,12679,17,,,0,69,,12682,17,,,0,30,,12678,17,,,0,70,,12738,17,,,0
4001,'4616',712,,12766,17,,,0,102,,12767,17,,,0,30,,12768,17,,,0,70,,12769,17,,,0,30,,12770,17,,,0,70,,12771,17,,,0,30,,12772,17,,,0,71,,12773,17,,,0,30,,12774,17,,,0,69,,12775,17,,,0,30,,12776,17,,,0,70,,12777,17,,,0,30,,12778,17,,,0,70,,12779,17,,,0,30,,12780,17,,,0,71,,12781,17,,,0,30,,12782,17,,,0,71,,12783,17,,,0,30,,12784,17,,,0,70,,12785,17,,,0,30,,12786,17,,,0,69,,12787,17,,,0,29,,12788,17,,,0,70,,12789,17,,,0,30,,12790,17,,,0,70,,12791,17,,,0,29,,12792,17,,,0,70,,12793,17,,,0,99,,12794,17,,,0,99,,12795,17,,,0,100,,12796,17,,,0
4001,'4619',1527,,12674,17,,,0
4001,'5289',1507,,12675,17,,,0,20,,12676,17,,,0,100,,12677,17,,,0
4001,'5299',1527,,12797,17,,,0
4001,'5454',711,,12739,17,,,0,102,,12741,17,,,0,101,,12743,17,,,0,100,,12745,17,,,0,30,,12746,17,,,0,70,,12747,17,,,0,31,,12748,17,,,0,70,,12749,17,,,0,30,,12750,17,,,0,70,,12751,17,,,0,30,,12752,17,,,0,70,,12753,17,,,0,30,,12754,17,,,0,70,,12755,17,,,0,30,,12756,17,,,0,70,,12757,17,,,0,30,,12758,17,,,0,70,,12759,17,,,0,29,,12760,17,,,0,70,,12761,17,,,0,30,,12762,17,,,0,70,,12744,17,,,0,30,,12742,17,,,0,70,,12740,17,,,0
4001,'5568',1359,,12765,7,0,19 20 7,0,148,,12763,17,,,0,120,,12764,17,,,0
