2000,'4614',554,,10539,13,0,9 12 2 5,0,100,,10540,13,0,9 12 2 5,0,101,,10541,13,0,9 12 2 5,0,100,,10534,13,,,0,200,,10542,13,,,0,201,,10544,13,,,0,100,,10535,13,,,0,246,,10545,13,,,0,57,,10546,13,,,0,99,,10536,13,,,0,192,,10537,13,0,9 12 2 5,0,199,,10538,13,0,9 12 2 5,0
2000,'4616',856,,10562,13,,,0,201,,10563,13,,,0,200,,10555,13,,,0,100,,10557,13,,,0,101,,10565,13,,,0,100,,10558,13,,,0,100,,10556,13,,,0,97,,10560,13,,,0,195,,10559,13,0,9 12 2 5,0,199,,10564,13,0,9 12 2 5,0
2000,'5289',955,,11956,13,,,0,201,,11955,13,,,0
2000,'5454',856,,10548,13,0,9 12 2 5,0,201,,10551,13,0,9 12 2 5,0,200,,10550,13,0,9 12 2 5,0,201,,10552,13,0,9 12 2 5,0,200,,10549,13,0,9 12 2 5,0,295,,10553,13,0,9 12 2 5,0
2000,'5568',955,,11958,13,,,0,201,,11957,13,,,0
2000,'5640',756,,11961,13,,,0,201,,11960,13,,,0,200,,11959,13,,,0
9200,'4619',1407,,12319,9,,,0,2,,12318,9,,,0
9200,'5289',1516,,12320,9,,,0,2,,11283,9,,,0
9200,'5299',1422,,12321,9,,,0,2,,11286,9,,,0
1002000,'4614',625,,11370,19,,,0,112,,11371,19,,,0,87,,12333,19,,,0,103,,11372,19,,,0,100,,11738,19,,,0,100,,12331,19,,,0,101,,11739,19,,,0,100,,11367,19,,,0,103,,11373,19,,,0,89,,12332,19,,,0,16,,11369,19,,,0,185,,11374,19,,,0,330,,11375,19,,,0,199,,11376,19,,,0
1002000,'4616',620,,11389,19,,,0,200,,11388,19,,,0,200,,11391,19,,,0,101,,11392,19,,,0,100,,11393,19,,,0,201,,11395,19,,,0,100,,11400,19,,,0,100,,11396,19,,,0,98,,11397,19,,,0,135,,11398,19,,,0,196,,11399,19,,,0,199,,11387,19,,,0
1002000,'5299',1624,,11378,19,,,0,230,,11379,19,,,0
1002000,'5454',657,,11737,19,,,0,100,,11386,19,,,0,200,,11381,19,,,0,201,,11382,19,,,0,200,,11383,19,,,0,201,,11384,19,,,0,200,,11385,19,,,0
1002000,'5567',1624,,11402,19,,,0,230,,11403,19,,,0
1002000,'5640',720,,12336,19,,,0,200,,12334,19,,,0,401,,12335,19,,,0
