501,'4614',830,,10111,47,,,0,29,,10118,47,,,0,97,,10100,47,,,0,100,,10117,47,,,0,100,,10105,47,,,0,188,,10103,47,,,0,101,,10110,47,,,0,95,,10101,47,,,0,213,,10116,47,,,0,96,,10108,47,,,0,98,,10106,47,,,0,296,,10112,47,,,0
501,'4616',750,,10134,47,,,0,201,,10148,47,,,0,100,,10133,47,,,0,102,,10135,47,,,0,103,,10136,47,,,0,100,,10137,47,,,0,101,,10138,47,,,0,300,,10141,47,,,0,486,,10145,47,,,0,99,,10147,47,,,0
501,'5454',1151,,10120,47,,,0,101,,10121,47,,,0,100,,10127,47,,,0,100,,10122,47,,,0,100,,10132,47,,,0,294,,10129,47,,,0,98,,10126,47,,,0
501,'5658',849,,11842,47,,,0,101,,11838,47,,,0,100,,11839,47,,,0,602,,11841,47,,,0,100,,11840,47,,,0
501,'5659',642,,11832,35,,,0,111,,11837,47,,,0,505,,11831,47,,,0,397,,11833,47,,,0,390,,11834,47,,,0,99,,11835,47,,,0,198,,11836,47,,,0
501,'5660',642,,12428,35,,,0,111,,12433,47,,,0,505,,12427,47,,,0,397,,12429,47,,,0,390,,12430,47,,,0,99,,12431,47,,,0,198,,12432,47,,,0
501,'5661',849,,12438,47,,,0,101,,12434,47,,,0,100,,12435,47,,,0,602,,12437,47,,,0,100,,12436,47,,,0
501,'5663',1557,,12439,47,,,0,101,,12440,47,,,0,190,,12445,47,,,0,96,,12441,47,,,0,100,,12442,47,,,0,99,,12443,47,,,0
600,'4614',700,,11853,26,,,0,213,,10154,26,,,0,97,,11464,26,,,0,201,,10150,26,,,0,104,,10160,26,,,0,103,,10152,26,,,0,204,,10156,26,,,0,99,,10165,26,,,0,95,,10157,26,,,0,98,,10155,26,,,0,99,,10158,26,,,0,98,,10162,26,,,0,100,,10163,26,,,0,100,,10164,26,,,0
600,'4616',658,,10186,26,,,0,144,,10189,26,,,0,307,,10193,26,,,0,100,,10184,26,,,0,104,,10187,26,,,0,100,,10188,26,,,0,101,,10190,26,,,0,101,,10192,26,,,0,100,,10181,26,,,0,99,,10185,26,,,0,199,,10182,26,,,0,100,,10194,26,,,0,98,,11462,26,,,0,100,,10191,26,,,0
600,'5454',908,,10175,26,,,0,200,,10180,26,,,0,100,,10170,26,,,0,101,,10177,26,,,0,103,,10167,26,,,0,201,,10172,26,,,0,102,,10179,26,,,0,100,,10178,26,,,0,98,,10171,26,,,0
600,'5658',706,,11854,26,,,0,95,,11858,26,,,0,207,,11856,26,,,0,505,,11857,26,,,0,500,,11855,26,,,0
600,'5659',803,,11850,26,,,0,307,,11852,26,,,0,416,,11851,26,,,0
600,'5660',803,,12446,26,,,0,307,,12448,26,,,0,416,,12447,26,,,0
600,'5661',706,,12449,26,,,0,95,,12453,26,,,0,207,,12451,26,,,0,505,,12452,26,,,0,500,,12450,26,,,0
600,'5663',908,,12455,26,,,0,100,,12454,26,,,0,906,,12456,26,,,0
