501,'4614',757,,10111,14,0,8,0,70,,10118,14,0,8,0,100,,10100,14,0,8,0,100,,10117,14,0,8,0,100,,10105,14,0,8,0,187,,10103,14,0,8,0,101,,10110,14,0,8,0,95,,10101,14,0,8,0,215,,10116,14,0,8,0,96,,10108,14,0,8,0,98,,10106,14,0,8,0,298,,10112,14,0,8,0,137,,10115,2,0,8,0
501,'4616',722,,10134,14,0,8,0,201,,10148,14,0,8,0,100,,10133,14,0,8,0,101,,10135,14,0,8,0,103,,10136,14,0,8,0,100,,10137,14,0,8,0,101,,10138,14,0,8,0,300,,10141,14,0,8,0,489,,10145,14,0,8,0,99,,10147,14,0,8,0
501,'5454',1124,,10120,14,0,8,0,100,,10121,14,0,8,0,100,,10127,14,0,8,0,100,,10122,14,0,8,0,100,,10132,14,0,8,0,295,,10129,14,0,8,0,99,,10126,14,0,8,0,115,,10124,14,0,8,0
501,'5658',822,,11842,14,0,8,0,101,,11838,14,0,8,0,100,,11839,14,0,8,0,601,,11841,14,0,8,0,100,,11840,14,0,8,0
501,'5659',614,,11832,2,0,8,0,110,,11837,14,0,8,0,505,,11831,14,0,8,0,396,,11833,14,0,8,0,393,,11834,14,0,8,0,100,,11835,14,0,8,0,198,,11836,14,0,8,0
501,'5660',614,,12428,2,0,8,0,110,,12433,14,0,8,0,505,,12427,14,0,8,0,396,,12429,14,0,8,0,393,,12430,14,0,8,0,100,,12431,14,0,8,0,198,,12432,14,0,8,0
501,'5661',822,,12438,14,0,8,0,101,,12434,14,0,8,0,100,,12435,14,0,8,0,601,,12437,14,0,8,0,100,,12436,14,0,8,0
501,'5663',1528,,12439,14,0,8,0,101,,12440,14,0,8,0,190,,12445,14,0,8,0,99,,12441,14,0,8,0,100,,12442,14,0,8,0,99,,12443,14,0,8,0,238,,12444,2,0,8,0
600,'4614',645,,11853,2,,,0,210,,10154,2,,,0,97,,11464,2,,,0,200,,10150,2,,,0,104,,10160,2,,,0,102,,10152,2,,,0,244,,10156,2,,,0,100,,10165,2,,,0,57,,10157,2,,,0,98,,10155,2,,,0,100,,10158,2,,,0,100,,10162,2,,,0,100,,10163,2,,,0,100,,10164,2,,,0
600,'4616',644,,10186,2,,,0,102,,10189,2,,,0,306,,10193,2,,,0,100,,10184,2,,,0,104,,10187,2,,,0,100,,10188,2,,,0,101,,10190,2,,,0,101,,10192,2,,,0,100,,10181,2,,,0,99,,10185,2,,,0,200,,10182,2,,,0,100,,10194,2,,,0,100,,11462,2,,,0,100,,10191,2,,,0
600,'5454',852,,10175,2,,,0,200,,10180,2,,,0,100,,10170,2,,,0,101,,10177,2,,,0,103,,10167,2,,,0,201,,10172,2,,,0,100,,10179,2,,,0,100,,10178,2,,,0,100,,10171,2,,,0
600,'5658',652,,11854,2,,,0,94,,11858,2,,,0,206,,11856,2,,,0,505,,11857,2,,,0,500,,11855,2,,,0
600,'5659',746,,11850,2,,,0,306,,11852,2,,,0,450,,11851,2,,,0
600,'5660',746,,12446,2,,,0,306,,12448,2,,,0,450,,12447,2,,,0
600,'5661',652,,12449,2,,,0,94,,12453,2,,,0,206,,12451,2,,,0,505,,12452,2,,,0,500,,12450,2,,,0
600,'5663',852,,12455,2,,,0,100,,12454,2,,,0,905,,12456,2,,,0
