2500,'4614',742,,10609,7,0,5,0,287,,11595,7,,,0,405,,11965,7,,,0,401,,10613,7,,,0
2500,'4616',1030,,10622,7,,,0,397,,10621,7,,,0,201,,10623,7,,,0,202,,10619,7,,,0
2500,'5454',741,,11594,7,0,5,0,289,,10615,7,,,0,397,,10616,7,,,0,201,,10618,7,,,0,202,,10617,7,,,0
2500,'5659',1222,,11964,7,0,5,0
2500,'5660',1222,,12532,7,0,5,0
2500,'5663',741,,12533,7,0,5,0
3000,'4614',704,,10665,22,,,0,15,,10669,22,,,0,16,,10661,22,,,0,99,,10668,22,,,0,71,,10662,22,,,0,30,,10640,22,,,0,70,,10641,22,,,0,132,,10644,22,,,0,70,,11602,22,,,0,30,,10646,22,,,0,70,,10648,22,,,0,30,,10649,22,,,0,103,,10647,22,,,0,70,,10651,22,,,0,31,,10666,22,,,0,71,,10652,22,,,0,29,,10667,22,,,0,69,,10653,22,,,0,198,,10656,22,,,0,99,,10657,22,,,0,199,,10659,22,,,0,99,,10660,22,,,0
3000,'4616',633,,10684,22,,,0,100,,10685,22,,,0,100,,10686,22,,,0,101,,10688,22,,,0,71,,10689,22,,,0,30,,10690,22,,,0,71,,10691,22,,,0,30,,10692,22,,,0,70,,10693,22,,,0,30,,10694,22,,,0,101,,10696,22,,,0,70,,10697,22,,,0,101,,10699,22,,,0,130,,10702,22,,,0,70,,10703,22,,,0,98,,10705,22,,,0,400,,10709,22,,,0,99,,10710,22,,,0
3000,'5454',805,,10672,22,,,0,302,,10675,22,,,0,101,,10676,22,,,0,201,,10678,22,,,0,100,,10679,22,,,0,200,,10681,22,,,0,100,,10682,22,,,0,98,,10683,22,,,0
3000,'5658',705,,11980,22,,,0,201,,11981,22,,,0,101,,11982,22,,,0,301,,11983,22,,,0,301,,11984,22,,,0
3000,'5659',634,,11977,22,,,0,115,,11979,22,,,0,56,,11978,22,,,0,230,,11971,22,,,0,71,,11972,22,,,0,301,,11973,22,,,0,333,,11974,22,,,0,69,,11975,22,,,0,297,,11976,22,,,0
3000,'5660',634,,12542,22,,,0,115,,12544,22,,,0,56,,12543,22,,,0,230,,12536,22,,,0,71,,12537,22,,,0,301,,12538,22,,,0,333,,12539,22,,,0,69,,12540,22,,,0,297,,12541,22,,,0
3000,'5661',705,,12545,22,,,0,201,,12546,22,,,0,101,,12547,22,,,0,301,,12548,22,,,0,301,,12549,22,,,0
3000,'5663',904,,12550,22,,,0,402,,12551,22,,,0,130,,12552,22,,,0,101,,12553,22,,,0,71,,12554,22,,,0,129,,12555,22,,,0,171,,12556,22,,,0,99,,12557,22,,,0,99,,12558,22,,,0
3001,'4614',641,,10741,38,,,0,72,,10734,38,,,0,105,,10736,38,,,0,16,,10739,38,,,0,15,,10738,38,,,0,70,,10735,38,,,0,130,,10713,38,,,0,70,,11604,38,,,0,30,,10714,38,,,0,70,,10716,38,,,0,30,,10718,38,,,0,70,,10720,38,,,0,102,,10717,38,,,0,31,,10722,38,,,0,70,,10719,38,,,0,99,,10723,38,,,0,197,,10725,38,,,0,29,,10726,38,,,0,69,,10727,38,,,0,199,,10730,38,,,0,100,,10731,38,,,0,99,,10728,38,,,0,100,,10732,38,,,0
3001,'4616',746,,10757,38,,,0,101,,10758,38,,,0,100,,10759,38,,,0,71,,10760,38,,,0,30,,10761,38,,,0,70,,10762,38,,,0,30,,10763,38,,,0,101,,10765,38,,,0,70,,10766,38,,,0,30,,10767,38,,,0,70,,10768,38,,,0,30,,10769,38,,,0,100,,10771,38,,,0,69,,10772,38,,,0,99,,10774,38,,,0,129,,10777,38,,,0,70,,10778,38,,,0,200,,10780,38,,,0,297,,10783,38,,,0
3001,'5289',1552,,10743,38,,,0,168,,10742,38,,,0
3001,'5454',1017,,10746,38,,,0,100,,10747,38,,,0,202,,10749,38,,,0,100,,10750,38,,,0,199,,10752,38,,,0,100,,10753,38,,,0,197,,10755,38,,,0,100,,10756,38,,,0
3001,'5568',1552,,10785,38,,,0,168,,10784,38,,,0
3001,'5658',815,,12002,38,,,0,101,,12003,38,,,0,303,,12004,38,,,0,300,,12005,38,,,0,298,,12006,38,,,0
3001,'5659',743,,11999,38,,,0,160,,12001,38,,,0,45,,11994,38,,,0,71,,11995,38,,,0,332,,11996,38,,,0,300,,12000,38,,,0,99,,11997,38,,,0,266,,11998,38,,,0
3001,'5660',743,,12564,38,,,0,160,,12566,38,,,0,45,,12559,38,,,0,71,,12560,38,,,0,332,,12561,38,,,0,300,,12565,38,,,0,99,,12562,38,,,0,266,,12563,38,,,0
3001,'5661',815,,12567,38,,,0,101,,12568,38,,,0,303,,12569,38,,,0,300,,12570,38,,,0,298,,12571,38,,,0
3001,'5663',1219,,12572,38,,,0,300,,12573,38,,,0,129,,12574,38,,,0,100,,12575,38,,,0,68,,12576,38,,,0,200,,12577,38,,,0,199,,12578,38,,,0,99,,12579,38,,,0
4000,'4614',644,,10853,25,,,0,15,,10879,25,,,0,78,,10880,25,0,6 7,0,7,,11643,25,,,0,13,,10884,25,0,6 7,0,67,,11648,25,0,6 7,0,92,,10831,25,,,0,15,,11644,25,,,0,99,,10860,25,,,0,200,,10864,25,,,0,218,,10841,25,,,0,567,,10827,25,,,0,30,,10825,25,,,0
4000,'4616',744,,10937,25,,,0,70,,10938,25,,,0,30,,10939,25,,,0,473,,10914,25,,,0,102,,10917,25,,,0,30,,11638,25,,,0,70,,10929,25,,,0,30,,10924,25,,,0,69,,10911,25,,,0
4000,'4619',1732,,12075,25,,,0
4000,'4931',1732,,12076,25,,,0
4000,'5454',946,,10892,25,,,0,99,,10894,25,,,0,502,,10904,25,,,0,70,,10905,25,,,0
4000,'5658',714,,12077,25,,,0,100,,12079,25,,,0,100,,12081,25,,,0,101,,12082,25,,,0,100,,12083,25,,,0,30,,12084,25,,,0,70,,12085,25,,,0,30,,12086,25,,,0,72,,12087,25,,,0,30,,12088,25,,,0,70,,12089,25,,,0,32,,12090,25,,,0,68,,12091,25,,,0,130,,12092,25,,,0,70,,12093,25,,,0,28,,12094,25,,,0,70,,12095,25,,,0,30,,12096,25,,,0,70,,12078,25,,,0,30,,12080,25,,,0
4000,'5659',614,,12051,25,,,0,100,,12052,25,,,0,15,,12072,25,,,0,24,,12073,25,0,6 7,0,49,,12071,25,,,0,7,,12074,25,0,6 7,0,7,,12053,25,,,0,15,,12070,25,,,0,15,,12031,25,,,0,55,,12054,25,,,0,45,,12032,25,,,0,54,,12055,25,,,0,15,,12033,25,,,0,30,,12034,25,,,0,55,,12056,25,,,0,15,,12035,25,,,0,15,,12057,25,,,0,15,,12036,25,,,0,55,,12058,25,,,0,15,,12037,25,,,0,30,,12038,25,,,0,55,,12059,25,,,0,15,,12039,25,,,0,15,,12060,25,,,0,15,,12040,25,,,0,57,,12061,25,,,0,16,,12041,25,,,0,15,,12062,25,,,0,70,,12063,25,,,0,15,,12042,25,,,0,16,,12064,25,,,0,14,,12043,25,,,0,55,,12065,25,,,0,15,,12044,25,,,0,15,,12066,25,,,0,15,,12045,25,,,0,55,,12067,25,,,0,14,,12046,25,,,0,29,,12047,25,,,0,55,,12068,25,,,0,15,,12048,25,,,0,29,,12049,25,,,0,70,,12050,25,,,0,30,,12028,25,,,0,170,,12029,25,,,0,29,,12027,25,,,0,70,,12030,25,,,0,30,,12026,25,,,0,69,,12069,25,,,0
4000,'5660',614,,12609,25,,,0,100,,12610,25,,,0,15,,12630,25,,,0,24,,12631,25,0,6 7,0,49,,12629,25,,,0,7,,12632,25,0,6 7,0,7,,12611,25,,,0,15,,12628,25,,,0,15,,12589,25,,,0,55,,12612,25,,,0,45,,12590,25,,,0,54,,12613,25,,,0,15,,12591,25,,,0,30,,12592,25,,,0,55,,12614,25,,,0,15,,12593,25,,,0,15,,12615,25,,,0,15,,12594,25,,,0,55,,12616,25,,,0,15,,12595,25,,,0,30,,12596,25,,,0,55,,12617,25,,,0,15,,12597,25,,,0,15,,12618,25,,,0,15,,12598,25,,,0,57,,12619,25,,,0,16,,12599,25,,,0,15,,12620,25,,,0,70,,12621,25,,,0,15,,12600,25,,,0,16,,12622,25,,,0,14,,12601,25,,,0,55,,12623,25,,,0,15,,12602,25,,,0,15,,12624,25,,,0,15,,12603,25,,,0,55,,12625,25,,,0,14,,12604,25,,,0,29,,12605,25,,,0,55,,12626,25,,,0,15,,12606,25,,,0,29,,12607,25,,,0,70,,12608,25,,,0,30,,12586,25,,,0,170,,12587,25,,,0,29,,12585,25,,,0,70,,12588,25,,,0,30,,12584,25,,,0,69,,12627,25,,,0
4000,'5661',714,,12633,25,,,0,100,,12635,25,,,0,100,,12637,25,,,0,101,,12638,25,,,0,100,,12639,25,,,0,30,,12640,25,,,0,70,,12641,25,,,0,30,,12642,25,,,0,72,,12643,25,,,0,30,,12644,25,,,0,70,,12645,25,,,0,32,,12646,25,,,0,68,,12647,25,,,0,130,,12648,25,,,0,70,,12649,25,,,0,28,,12650,25,,,0,70,,12651,25,,,0,30,,12652,25,,,0,70,,12634,25,,,0,30,,12636,25,,,0
4000,'5663',644,,12672,25,,,0,270,,12673,25,,,0,31,,12661,25,,,0,70,,12658,25,,,0,30,,12656,25,,,0,71,,12665,25,,,0,30,,12671,25,,,0,71,,12653,25,,,0,30,,12657,25,,,0,101,,12667,25,,,0,300,,12659,25,,,0,68,,12660,25,,,0,30,,12664,25,,,0,70,,12662,25,,,0,30,,12666,25,,,0,70,,12669,25,,,0,29,,12655,25,,,0,70,,12663,25,,,0,100,,12668,25,,,0,100,,12654,25,,,0,99,,12670,25,,,0
