600,'4614',703,,11853,28,4,,0,213,,10154,28,4,,0,97,,11464,28,4,,0,201,,10150,28,4,,0,104,,10160,28,4,,0,104,,10152,28,4,,0,203,,10156,28,4,,0,99,,10165,28,4,,0,95,,10157,28,4,,0,98,,10155,28,4,,0,99,,10158,28,4,,0,98,,10162,28,4,,0,100,,10163,28,4,,0,100,,10164,28,4,,0
600,'4616',701,,10186,28,4,,0,104,,10189,28,4,,0,307,,10193,28,4,,0,100,,10184,28,4,,0,104,,10187,28,4,,0,100,,10188,28,4,,0,101,,10190,28,4,,0,101,,10192,28,4,,0,100,,10181,28,4,,0,99,,10185,28,4,,0,199,,10182,28,4,,0,100,,10194,28,4,,0,98,,11462,28,4,,0,100,,10191,28,4,,0
600,'5454',911,,10175,28,4,,0,200,,10180,28,4,,0,100,,10170,28,4,,0,101,,10177,28,4,,0,103,,10167,28,4,,0,201,,10172,28,4,,0,102,,10179,28,4,,0,100,,10178,28,4,,0,98,,10171,28,4,,0
600,'5658',709,,11854,28,4,,0,95,,11858,28,4,,0,207,,11856,28,4,,0,505,,11857,28,4,,0,500,,11855,28,4,,0
600,'5659',806,,11850,28,4,,0,307,,11852,28,4,,0,417,,11851,28,4,,0
600,'5660',806,,12446,28,4,,0,307,,12448,28,4,,0,417,,12447,28,4,,0
600,'5661',709,,12449,28,4,,0,95,,12453,28,4,,0,207,,12451,28,4,,0,505,,12452,28,4,,0,500,,12450,28,4,,0
600,'5663',911,,12455,28,4,,0,100,,12454,28,4,,0,906,,12456,28,4,,0
601,'4614',716,,11864,1,,,0,88,,11467,1,,,0,19,,11469,1,,,0,106,,10198,1,,,0,97,,11468,1,,,0,204,,10199,1,,,0,101,,10214,1,,,0,105,,10203,1,,,0,105,,10205,1,,,0,99,,10206,1,,,0,100,,10215,1,,,0,92,,10204,1,,,0,101,,10216,1,,,0,101,,10207,1,,,0,100,,10209,1,,,0,101,,10211,1,,,0,100,,10212,1,,,0
601,'4616',724,,10237,1,,,0,105,,10244,1,,,0,100,,10238,1,,,0,100,,10235,1,,,0,99,,10239,1,,,0,101,,10236,1,,,0,100,,10234,1,,,0,100,,10229,1,,,0,202,,10232,1,,,0,101,,10245,1,,,0,101,,10233,1,,,0,100,,10230,1,,,0,101,,10242,1,,,0,101,,10243,1,,,0,100,,11465,1,,,0
601,'5454',930,,10227,1,,,0,200,,10223,1,,,0,100,,10218,1,,,0,99,,10228,1,,,0,99,,10220,1,,,0,202,,10219,1,,,0,102,,10226,1,,,0,201,,10222,1,,,0
601,'5658',724,,11866,1,,,0,306,,11865,1,,,0,500,,11867,1,,,0,302,,11868,1,,,0
601,'5659',620,,11863,1,,,0,506,,11862,1,,,0
601,'5660',620,,12458,1,,,0,506,,12457,1,,,0
601,'5661',724,,12460,1,,,0,306,,12459,1,,,0,500,,12461,1,,,0,302,,12462,1,,,0
601,'5663',1530,,12463,1,,,0,807,,12464,1,,,0
2500,'4614',808,,10609,28,4,,0
2500,'5454',808,,11594,28,4,,0
2500,'5659',1249,,11964,28,4,,0
2500,'5660',1249,,12532,28,4,,0
2500,'5663',808,,12533,28,4,,0
2501,'4614',813,,10624,1,,,0,302,,11598,2,,,0,400,,11968,2,,,0,400,,10628,2,,,0,90,,11969,1,,,0
2501,'4616',1115,,10638,2,,,0,400,,10637,2,,,0,200,,10639,2,,,0,200,,10635,2,,,0
2501,'5454',813,,11597,1,,,0,302,,10631,2,,,0,400,,10632,2,,,0,200,,10634,2,,,0,200,,10633,2,,,0
2501,'5659',1254,,11967,1,,,0
2501,'5660',1254,,12534,1,,,0
2501,'5663',813,,12535,1,,,0
