1501,'4614',844,,10497,9,,,0,93,,10499,9,,,0,69,,10496,9,,,0,27,,10500,9,,,0,70,,11587,9,,,0,30,,10502,9,,,0,174,,10505,9,,,0,31,,10504,9,,,0,570,,10507,9,,,0,98,,10506,9,,,0,100,,10508,9,,,0
1501,'4616',755,,10528,9,,,0,148,,10532,9,,,0,102,,10529,9,,,0,101,,10526,9,,,0,99,,10530,9,,,0,101,,10527,9,,,0,101,,10525,9,,,0,100,,10520,9,,,0,201,,10523,9,,,0,98,,10533,9,,,0,100,,10524,9,,,0,100,,10521,9,,,0,100,,10531,9,,,0
1501,'5289',907,,12515,9,,,0
1501,'5454',1004,,10518,9,,,0,201,,10514,9,,,0,100,,10511,9,,,0,100,,10519,9,,,0,100,,10512,9,,,0,201,,10510,9,,,0,100,,10517,9,,,0
1501,'5658',756,,11950,9,,,0,348,,11949,9,,,0,502,,11951,9,,,0,300,,11952,9,,,0
1501,'5659',907,,11953,9,,,0,296,,11947,9,,,0
1501,'5660',1203,,12516,9,,,0
1501,'5661',756,,12518,9,,,0,348,,12517,9,,,0,502,,12519,9,,,0,300,,12520,9,,,0
1501,'5662',907,,12521,9,,,0
1501,'5663',1607,,12522,9,,,0
3001,'4614',648,,10741,47,,,0,72,,10734,47,,,0,105,,10736,47,,,0,16,,10739,47,,,0,15,,10738,47,,,0,70,,10735,47,,,0,130,,10713,47,,,0,70,,11604,47,,,0,30,,10714,47,,,0,71,,10716,47,,,0,30,,10718,47,,,0,70,,10720,47,,,0,102,,10717,47,,,0,71,,10722,47,,,0,31,,10719,47,,,0,97,,10723,47,,,0,197,,10725,47,,,0,29,,10726,47,,,0,69,,10727,47,,,0,198,,10730,47,,,0,100,,10731,47,,,0,99,,10728,47,,,0,99,,10732,47,,,0
3001,'4616',753,,10757,47,,,0,101,,10758,47,,,0,100,,10759,47,,,0,71,,10760,47,,,0,30,,10761,47,,,0,70,,10762,47,,,0,30,,10763,47,,,0,101,,10765,47,,,0,70,,10766,47,,,0,30,,10767,47,,,0,70,,10768,47,,,0,30,,10769,47,,,0,100,,10771,47,,,0,69,,10772,47,,,0,99,,10774,47,,,0,128,,10777,47,,,0,70,,10778,47,,,0,200,,10780,47,,,0,297,,10783,47,,,0
3001,'5289',1600,,10743,47,,,0,127,,10742,47,,,0
3001,'5454',1024,,10746,47,,,0,100,,10747,47,,,0,202,,10749,47,,,0,100,,10750,47,,,0,199,,10752,47,,,0,100,,10753,47,,,0,196,,10755,47,,,0,100,,10756,47,,,0
3001,'5568',1600,,10785,47,,,0,127,,10784,47,,,0
3001,'5658',822,,12002,47,,,0,101,,12003,47,,,0,303,,12004,47,,,0,300,,12005,47,,,0,297,,12006,47,,,0
3001,'5659',750,,11999,47,,,0,160,,12001,47,,,0,45,,11994,47,,,0,71,,11995,47,,,0,333,,11996,47,,,0,299,,12000,47,,,0,99,,11997,47,,,0,265,,11998,47,,,0
3001,'5660',750,,12564,47,,,0,160,,12566,47,,,0,45,,12559,47,,,0,71,,12560,47,,,0,333,,12561,47,,,0,299,,12565,47,,,0,99,,12562,47,,,0,265,,12563,47,,,0
3001,'5661',822,,12567,47,,,0,101,,12568,47,,,0,303,,12569,47,,,0,300,,12570,47,,,0,297,,12571,47,,,0
3001,'5663',1226,,12572,47,,,0,300,,12573,47,,,0,129,,12574,47,,,0,99,,12575,47,,,0,68,,12576,47,,,0,200,,12577,47,,,0,199,,12578,47,,,0,99,,12579,47,,,0
1001501,'4614',800,,12329,14,,,0,442,,11354,14,,,0,174,,11355,14,,,0,35,,11356,14,,,0,72,,11357,14,,,0,28,,11358,14,,,0,76,,11359,14,,,0,29,,11360,14,,,0,69,,11361,14,,,0,30,,11363,14,,,0,69,,11362,14,,,0
1001501,'5659',730,,12330,14,,,0
1001501,'5660',730,,12879,14,,,0
