501,'4614',802,,10111,20,0,8,0,31,,10118,20,0,8,0,99,,10100,20,0,8,0,100,,10117,20,0,8,0,100,,10105,20,0,8,0,188,,10103,20,0,8,0,101,,10110,20,0,8,0,95,,10101,20,0,8,0,214,,10116,20,0,8,0,96,,10108,20,0,8,0,98,,10106,20,0,8,0,298,,10112,20,0,8,0,137,,10115,8,0,8,0
501,'4616',727,,10134,20,0,8,0,201,,10148,20,0,8,0,100,,10133,20,0,8,0,101,,10135,20,0,8,0,103,,10136,20,0,8,0,100,,10137,20,0,8,0,101,,10138,20,0,8,0,300,,10141,20,0,8,0,489,,10145,20,0,8,0,99,,10147,20,0,8,0
501,'5454',1129,,10120,20,0,8,0,100,,10121,20,0,8,0,100,,10127,20,0,8,0,100,,10122,20,0,8,0,100,,10132,20,0,8,0,295,,10129,20,0,8,0,99,,10126,20,0,8,0,115,,10124,20,0,8,0
501,'5658',827,,11842,20,0,8,0,101,,11838,20,0,8,0,100,,11839,20,0,8,0,601,,11841,20,0,8,0,100,,11840,20,0,8,0
501,'5659',619,,11832,8,0,8,0,110,,11837,20,0,8,0,505,,11831,20,0,8,0,397,,11833,20,0,8,0,392,,11834,20,0,8,0,100,,11835,20,0,8,0,198,,11836,20,0,8,0
501,'5660',619,,12428,8,0,8,0,110,,12433,20,0,8,0,505,,12427,20,0,8,0,397,,12429,20,0,8,0,392,,12430,20,0,8,0,100,,12431,20,0,8,0,198,,12432,20,0,8,0
501,'5661',827,,12438,20,0,8,0,101,,12434,20,0,8,0,100,,12435,20,0,8,0,601,,12437,20,0,8,0,100,,12436,20,0,8,0
501,'5663',1533,,12439,20,0,8,0,101,,12440,20,0,8,0,190,,12445,20,0,8,0,99,,12441,20,0,8,0,100,,12442,20,0,8,0,99,,12443,20,0,8,0,278,,12444,8,0,8,0
1001501,'4614',747,,12329,8,,,0,482,,11354,8,,,0,174,,11355,8,,,0,35,,11356,8,,,0,71,,11357,8,,,0,28,,11358,8,,,0,76,,11359,8,,,0,29,,11360,8,,,0,70,,11361,8,,,0,30,,11363,8,,,0,70,,11362,8,,,0
1001501,'5659',717,,12330,8,,,0
1001501,'5660',717,,12879,8,,,0
