101,'4614',726,,10025,11,,,0,21,,10019,11,,,0,80,,10034,11,,,0,22,,11456,11,,,0,60,,10018,11,,,0,96,,10014,11,,,0,30,,11455,11,,,0,70,,10005,11,,,0,30,,10016,11,,,0,70,,10006,11,,,0,29,,10012,11,,,0,70,,10033,11,,,0,29,,10013,11,,,0,70,,10009,11,,,0,140,,9994,11,,,0,60,,10020,11,,,0,20,,9996,11,,,0,20,,10004,11,,,0,60,,9995,11,,,0,40,,10008,11,,,0,61,,10032,11,,,0,132,,10027,11,,,0,203,,10029,11,,,0,100,,10028,11,,,0,70,,10003,11,,,0,30,,10030,11,,,0,100,,9997,11,,,0
101,'4616',836,,10068,11,,,0,69,,10069,11,,,0,30,,10070,11,,,0,168,,10073,11,,,0,30,,10074,11,,,0,100,,10076,11,,,0,70,,10077,11,,,0,30,,10078,11,,,0,200,,10082,11,,,0,70,,11449,11,,,0,30,,10084,11,,,0,71,,10085,11,,,0,31,,10086,11,,,0,100,,10088,11,,,0,70,,10089,11,,,0,133,,10092,11,,,0,101,,10094,11,,,0,100,,10096,11,,,0,70,,10097,11,,,0,31,,10098,11,,,0
101,'4619',1835,,11801,11,,,0
101,'4931',1835,,11802,11,,,0
101,'5289',807,,12386,11,,,0
101,'5454',806,,10046,11,,,0,101,,10049,11,,,0,129,,10045,11,,,0,70,,10055,11,,,0,99,,10039,11,,,0,29,,10043,11,,,0,70,,10056,11,,,0,230,,11452,11,,,0,101,,10040,11,,,0,70,,10047,11,,,0,30,,10041,11,,,0,70,,10062,11,,,0,31,,10061,11,,,0,70,,10050,11,,,0,103,,10054,11,,,0,30,,10063,11,,,0,100,,10064,11,,,0
101,'5658',836,,11809,11,,,0,100,,11807,11,,,0,70,,11811,11,,,0,130,,11812,11,,,0,198,,11814,11,,,0,70,,11813,11,,,0,30,,11805,11,,,0,70,,11808,11,,,0,101,,11806,11,,,0,331,,11804,11,,,0,173,,11810,11,,,0
101,'5659',645,,11798,11,,,0,61,,11797,11,,,0,101,,11815,11,,,0,128,,11796,11,,,0,498,,11795,11,,,0,70,,11800,11,,,0,20,,11793,11,,,0,200,,11794,11,,,0,183,,11789,11,,,0,103,,11790,11,,,0,30,,11799,11,,,0,70,,11791,11,,,0,100,,11792,11,,,0,200,,11788,11,,,0
101,'5660',645,,12397,11,,,0,61,,12396,11,,,0,229,,12395,11,,,0,498,,12394,11,,,0,70,,12399,11,,,0,20,,12392,11,,,0,200,,12393,11,,,0,183,,12388,11,,,0,103,,12389,11,,,0,30,,12398,11,,,0,70,,12390,11,,,0,100,,12391,11,,,0,200,,12387,11,,,0
101,'5661',836,,12405,11,,,0,100,,12403,11,,,0,70,,12407,11,,,0,130,,12408,11,,,0,198,,12410,11,,,0,70,,12409,11,,,0,30,,12401,11,,,0,70,,12404,11,,,0,101,,12402,11,,,0,331,,12400,11,,,0,173,,12406,11,,,0
101,'5662',807,,12411,11,,,0
101,'5663',706,,12412,11,,,0,30,,12413,11,,,0,70,,12414,11,,,0,199,,12415,11,,,0,28,,12416,11,,,0,170,,12417,11,,,0,200,,12418,11,,,0,30,,12419,11,,,0,70,,12420,11,,,0,302,,12421,11,,,0,130,,12422,11,,,0,73,,12423,11,,,0,101,,12424,11,,,0,100,,12425,11,,,0,231,,12426,11,,,0
2501,'4614',845,,10624,27,,,0,301,,11598,28,,,0,403,,11968,28,,,0,395,,10628,28,,,0,89,,11969,27,,,0
2501,'4616',1147,,10638,28,,,0,400,,10637,28,,,0,199,,10639,28,,,0,199,,10635,28,,,0
2501,'5454',842,,11597,27,,,0,305,,10631,28,,,0,400,,10632,28,,,0,199,,10634,28,,,0,199,,10633,28,,,0
2501,'5659',1325,,11967,27,,,0
2501,'5660',1325,,12534,27,,,0
2501,'5663',842,,12535,27,,,0
