901,'4614',552,,11577,43,,,0,80,,11576,50,,,0,77,,11931,43,,,0,29,,11574,50,,,0,70,,11930,43,,,0,36,,11560,57,,,0,60,,11932,36,,,0,103,,11919,43,,,0,104,,11579,50,,,0,97,,11562,43,,,0,102,,11920,50,,,0,98,,11563,43,,,0,105,,11921,50,,,0,96,,11922,43,,,0,35,,11923,57,,,0,69,,11924,57,,,0,28,,11933,50,,,0,66,,11934,43,,,0,102,,11926,50,,,0,96,,11928,43,,,0,103,,11925,50,,,0,95,,11929,43,,,0,204,,11927,57,,,0
901,'4616',712,,11937,57,,,0,97,,11533,43,,,0,39,,11534,57,,,0,62,,11939,43,,,0,100,,11539,50,,,0,96,,11536,43,,,0,104,,11938,50,,,0,96,,11544,43,,,0,104,,11537,50,,,0,98,,11538,43,,,0,104,,11541,50,,,0,32,,11546,57,,,0,67,,11531,50,,,0,96,,11540,43,,,0,101,,11543,50,,,0,97,,11542,43,,,0,203,,11532,57,,,0
901,'4619',1538,,11935,36,,,0
901,'4931',1538,,11936,36,,,0
901,'5454',805,,11551,43,,,0,45,,11555,57,,,0,189,,11553,50,,,0,170,,11556,50,,,0,97,,11554,43,,,0,105,,11548,50,,,0,96,,11557,43,,,0,104,,11549,50,,,0,35,,11559,57,,,0,65,,11550,50,,,0,130,,11558,57,,,0,167,,11552,57,,,0
9701,'4614',815,,11698,42,,,0,101,,11699,42,,,0,118,,11697,42,,,0,92,,11696,42,,,0,117,,11694,42,,,0,104,,11695,42,,,0,96,,11693,42,,,0,82,,11691,42,,,0,99,,11690,42,,,0,119,,11700,42,,,0,95,,11692,42,,,0
9701,'4616',755,,11680,42,,,0,101,,11681,42,,,0,93,,11682,42,,,0,167,,11683,42,,,0,101,,11684,42,,,0,94,,11686,42,,,0,105,,11685,42,,,0,100,,11687,42,,,0,130,,11688,42,,,0,97,,11689,42,,,0
9900,'4614',1054,,12322,10,,,0,785,,12323,7,,,0
9900,'4616',1039,,11722,10,,,0,797,,11723,7,,,0
9900,'5454',1039,,11724,10,,,0,799,,11725,7,,,0
