801,'4614',608,,11891,30,,,0,137,,10318,15,,,0,70,,10304,30,,,0,96,,11479,30,,,0,200,,10300,30,,,0,107,,10310,30,,,0,102,,10303,30,,,0,202,,10306,30,,,0,101,,10305,30,,,0,99,,10316,30,,,0,99,,10308,30,,,0,99,,10309,30,,,0,100,,10307,30,,,0,99,,10313,30,,,0,99,,10314,30,,,0,100,,10317,30,,,0
801,'4616',707,,10335,30,,,0,303,,10337,30,,,0,101,,10338,30,,,0,107,,10346,30,,,0,102,,10347,30,,,0,202,,10340,30,,,0,100,,10341,30,,,0,100,,10349,30,,,0,199,,10334,30,,,0,100,,10343,30,,,0,99,,11477,30,,,0,99,,10345,30,,,0
801,'5289',1542,,10319,30,0,24 25 26 7,0
801,'5454',809,,10325,30,,,0,201,,10323,30,,,0,101,,10327,30,,,0,209,,10328,30,,,0,202,,10322,30,,,0,100,,10333,30,,,0,100,,10320,30,,,0,100,,10321,30,,,0,99,,10331,30,,,0,100,,10330,30,,,0
801,'5568',1442,,10350,30,0,24 25 26 7,0
801,'5658',707,,11892,15,,,0,203,,11895,30,,,0,308,,11893,30,,,0,203,,11894,30,,,0
801,'5659',707,,11888,30,,,0,304,,11890,30,,,0,411,,11889,30,,,0
801,'5660',707,,12482,30,,,0,304,,12484,30,,,0,411,,12483,30,,,0
801,'5661',707,,12485,15,,,0,203,,12488,30,,,0,308,,12486,30,,,0,203,,12487,30,,,0
801,'5663',809,,12492,30,,,0,101,,12489,30,,,0,511,,12490,30,,,0,401,,12491,30,,,0
