801,'4614',555,,11891,13,0,18,0,245,,10304,13,0,18,0,56,,11479,13,0,18,0,201,,10300,13,0,18,0,144,,10310,13,0,18,0,102,,10303,13,0,18,0,201,,10306,13,0,18,0,101,,10305,13,0,18,0,100,,10316,13,0,18,0,99,,10308,13,0,18,0,99,,10309,13,0,18,0,100,,10307,13,0,18,0,100,,10313,13,0,18,0,101,,10314,13,0,18,0,100,,10317,13,0,18,0
801,'4616',654,,10335,13,0,18,0,302,,10337,13,0,18,0,101,,10338,13,0,18,0,145,,10346,13,0,18,0,101,,10347,13,0,18,0,202,,10340,13,0,18,0,100,,10341,13,0,18,0,100,,10349,13,0,18,0,199,,10334,13,0,18,0,100,,10343,13,0,18,0,100,,11477,13,0,18,0,100,,10345,13,0,18,0
801,'5289',1524,,10319,13,0,18,0
801,'5454',756,,10325,13,0,18,0,200,,10323,13,0,18,0,101,,10327,13,0,18,0,246,,10328,13,0,18,0,202,,10322,13,0,18,0,100,,10333,13,0,18,0,100,,10320,13,0,18,0,100,,10321,13,0,18,0,99,,10331,13,0,18,0,100,,10330,13,0,18,0
801,'5568',1424,,10350,13,0,18,0
801,'5658',857,,11895,13,0,18,0,345,,11893,13,0,18,0,202,,11894,13,0,18,0
801,'5659',654,,11888,13,0,18,0,303,,11890,13,0,18,0,447,,11889,13,0,18,0
801,'5660',654,,12482,13,0,18,0,303,,12484,13,0,18,0,447,,12483,13,0,18,0
801,'5661',857,,12488,13,0,18,0,345,,12486,13,0,18,0,202,,12487,13,0,18,0
801,'5663',756,,12492,13,0,18,0,101,,12489,13,0,18,0,547,,12490,13,0,18,0,401,,12491,13,0,18,0
