100,'4614',501,,11755,10,,,0,147,,9925,10,,,0,71,,9919,10,,,0,83,,9915,10,,,0,21,,9917,10,,,0,80,,9928,10,,,0,20,,11444,10,,,0,20,,9906,10,,,0,100,,9897,10,,,0,70,,9914,10,,,0,31,,9898,10,,,0,70,,9907,10,,,0,31,,9900,10,,,0,70,,9910,10,,,0,31,,9927,10,,,0,260,,9903,10,,,0,20,,9889,10,,,0,20,,9909,10,,,0,60,,9891,10,,,0,19,,9899,10,,,0,19,,9926,10,,,0,99,,9893,10,,,0,69,,9920,10,,,0,129,,9894,10,,,0,70,,9922,10,,,0,97,,9923,10,,,0,99,,9924,10,,,0,99,,9902,10,,,0
100,'4616',637,,9993,10,,,0,70,,9986,10,,,0,203,,9984,10,,,0,32,,9979,10,,,0,70,,9965,10,,,0,133,,9962,10,,,0,70,,9982,10,,,0,130,,9977,10,,,0,300,,11439,10,,,0,69,,9992,10,,,0,30,,9972,10,,,0,69,,9976,10,,,0,99,,9959,10,,,0,30,,9988,10,,,0,266,,9963,10,,,0,99,,9969,10,,,0,100,,9975,10,,,0
100,'5289',741,,12342,10,,,0
100,'5454',737,,9950,10,,,0,101,,9941,10,,,0,104,,9931,10,,,0,170,,9946,10,,,0,30,,9953,10,,,0,101,,9939,10,,,0,70,,9954,10,,,0,31,,9933,10,,,0,100,,9945,10,,,0,100,,9942,10,,,0,169,,9937,10,,,0,30,,9932,10,,,0,68,,9935,10,,,0,29,,9956,10,,,0,170,,9957,10,,,0,29,,9948,10,,,0,69,,9958,10,,,0
100,'5658',807,,11765,10,,,0,101,,11761,10,,,0,104,,11762,10,,,0,30,,11767,10,,,0,171,,11760,10,,,0,201,,11766,10,,,0,100,,11759,10,,,0,99,,11763,10,,,0,30,,11768,10,,,0,267,,11764,10,,,0,30,,11758,10,,,0
100,'5659',546,,11756,10,,,0,71,,11753,10,,,0,124,,11769,10,,,0,101,,11752,10,,,0,171,,11751,10,,,0,403,,11748,10,,,0,30,,11747,10,,,0,70,,11749,10,,,0,30,,11743,10,,,0,267,,11750,10,,,0,129,,11746,10,,,0,69,,11754,10,,,0,130,,11744,10,,,0,97,,11745,10,,,0
100,'5660',546,,12355,10,,,0,71,,12353,10,,,0,225,,12352,10,,,0,171,,12351,10,,,0,403,,12348,10,,,0,30,,12347,10,,,0,70,,12349,10,,,0,30,,12343,10,,,0,267,,12350,10,,,0,129,,12346,10,,,0,69,,12354,10,,,0,130,,12344,10,,,0,97,,12345,10,,,0
100,'5661',807,,12363,10,,,0,101,,12359,10,,,0,104,,12360,10,,,0,30,,12365,10,,,0,171,,12358,10,,,0,201,,12364,10,,,0,100,,12357,10,,,0,99,,12361,10,,,0,30,,12366,10,,,0,267,,12362,10,,,0,30,,12356,10,,,0
100,'5662',741,,12367,10,,,0
100,'5663',737,,12371,10,,,0,71,,12375,10,,,0,30,,12374,10,,,0,205,,12373,10,,,0,71,,12380,10,,,0,131,,12370,10,,,0,70,,12385,10,,,0,100,,12368,10,,,0,30,,12382,10,,,0,70,,12383,10,,,0,30,,12369,10,,,0,70,,12384,10,,,0,227,,12381,10,,,0,170,,12377,10,,,0,28,,12379,10,,,0,70,,12376,10,,,0,30,,12378,10,,,0,98,,12372,10,,,0
2000,'4614',627,,10539,60,,,0,104,,10540,60,,,0,108,,10541,60,,,0,80,,10534,43,,,0,201,,10542,43,,,0,202,,10544,43,,,0,100,,10535,43,,,0,206,,10545,43,,,0,97,,10546,43,,,0,98,,10536,43,,,0,202,,10537,60,,,0,197,,10538,60,,,0
2000,'4616',918,,10562,43,,,0,204,,10563,43,,,0,200,,10555,43,,,0,100,,10557,43,,,0,101,,10565,43,,,0,99,,10558,43,,,0,100,,10556,43,,,0,96,,10560,43,,,0,207,,10559,60,,,0,198,,10564,60,,,0
2000,'5289',1019,,12524,43,,,0,203,,12523,43,,,0
2000,'5454',928,,10548,60,,,0,203,,10551,60,,,0,203,,10550,60,,,0,201,,10552,60,,,0,199,,10549,60,,,0,292,,10553,60,,,0
2000,'5659',1019,,11958,43,,,0,203,,11957,43,,,0
2000,'5662',1019,,12526,43,,,0,203,,12525,43,,,0
2000,'5663',818,,12529,43,,,0,203,,12528,43,,,0,201,,12527,43,,,0
3000,'4614',729,,10665,53,,,0,16,,10669,53,,,0,57,,10661,53,,,0,100,,10668,53,,,0,30,,10662,53,,,0,70,,10640,53,,,0,30,,10641,53,,,0,172,,10644,53,,,0,31,,11602,53,,,0,70,,10646,53,,,0,30,,10648,53,,,0,71,,10649,53,,,0,105,,10647,53,,,0,31,,10651,53,,,0,68,,10666,53,,,0,31,,10652,53,,,0,68,,10667,53,,,0,29,,10653,53,,,0,194,,10656,53,,,0,99,,10657,53,,,0,197,,10659,53,,,0,97,,10660,53,,,0
3000,'4616',654,,10684,53,,,0,100,,10685,53,,,0,103,,10686,53,,,0,101,,10688,53,,,0,71,,10689,53,,,0,30,,10690,53,,,0,71,,10691,53,,,0,71,,10692,53,,,0,30,,10693,53,,,0,70,,10694,53,,,0,102,,10696,53,,,0,30,,10697,53,,,0,101,,10699,53,,,0,168,,10702,53,,,0,30,,10703,53,,,0,98,,10705,53,,,0,397,,10709,53,,,0,99,,10710,53,,,0
3000,'5454',827,,10672,53,,,0,304,,10675,53,,,0,102,,10676,53,,,0,202,,10678,53,,,0,99,,10679,53,,,0,200,,10681,53,,,0,100,,10682,53,,,0,97,,10683,53,,,0
3000,'5658',727,,11980,53,,,0,201,,11981,53,,,0,103,,11982,53,,,0,303,,11983,53,,,0,300,,11984,53,,,0
3000,'5659',657,,11977,53,,,0,160,,11979,53,,,0,16,,11978,53,,,0,269,,11971,53,,,0,31,,11972,53,,,0,303,,11973,53,,,0,372,,11974,53,,,0,27,,11975,53,,,0,295,,11976,53,,,0
3000,'5660',657,,12542,53,,,0,160,,12544,53,,,0,16,,12543,53,,,0,269,,12536,53,,,0,31,,12537,53,,,0,303,,12538,53,,,0,372,,12539,53,,,0,27,,12540,53,,,0,295,,12541,53,,,0
3000,'5661',727,,12545,53,,,0,201,,12546,53,,,0,103,,12547,53,,,0,303,,12548,53,,,0,300,,12549,53,,,0
3000,'5663',928,,12550,53,,,0,404,,12551,53,,,0,170,,12552,53,,,0,101,,12553,53,,,0,30,,12554,53,,,0,168,,12555,53,,,0,131,,12556,53,,,0,99,,12557,53,,,0,99,,12558,53,,,0
7200,'4614',654,,11669,27,,,0,71,,11672,27,,,0,31,,11670,27,,,0,71,,11113,27,,,0,100,,11115,27,,,0,100,,11671,27,,,0,30,,11118,27,,,0,70,,11119,27,,,0,30,,11120,27,,,0,70,,11121,27,,,0,30,,11122,27,,,0,70,,11123,27,,,0,30,,11124,27,,,0,72,,11125,27,,,0,72,,11126,27,,,0,31,,11127,27,,,0,99,,11129,27,,,0,70,,11130,27,,,0,28,,11131,27,,,0,30,,11132,27,,,0,69,,11133,27,,,0,29,,11134,27,,,0,196,,11136,27,,,0,99,,11137,27,,,0
7200,'4616',654,,11154,27,,,0,101,,11156,27,,,0,100,,11158,27,,,0,102,,11160,27,,,0,100,,11162,27,,,0,770,,11177,27,,,0,426,,11152,27,,,0
7200,'5454',754,,11139,27,,,0,101,,11140,27,,,0,102,,11141,27,,,0,100,,11142,27,,,0,100,,11143,27,,,0,300,,11146,27,,,0,100,,11147,27,,,0,100,,11148,27,,,0,100,,11149,27,,,0
7200,'5658',1257,,12258,27,,,0,100,,12259,27,,,0,500,,12260,27,,,0,98,,12261,27,,,0
7200,'5659',858,,12253,27,,,0,99,,12254,27,,,0,644,,12255,27,,,0,352,,12256,27,,,0,299,,12257,27,,,0
7200,'5660',858,,12808,27,,,0,99,,12809,27,,,0,644,,12810,27,,,0,352,,12811,27,,,0,299,,12812,27,,,0
7200,'5661',1257,,12813,27,,,0,100,,12814,27,,,0,500,,12815,27,,,0,98,,12816,27,,,0
7200,'5663',927,,12820,27,,,0,100,,12821,27,,,0,100,,12822,27,,,0,30,,12823,27,,,0,70,,12824,27,,,0,30,,12825,27,,,0,70,,12826,27,,,0,30,,12827,27,,,0,70,,12828,27,,,0,30,,12829,27,,,0,70,,12830,27,,,0,30,,12831,27,,,0,70,,12832,27,,,0,30,,12833,27,,,0,70,,12834,27,,,0,30,,12835,27,,,0,98,,12836,27,,,0,98,,12837,27,,,0,100,,12817,27,,,0,100,,12819,27,,,0,199,,12818,27,,,0
1002000,'4614',648,,11370,49,,,0,155,,11371,49,,,0,148,,11372,49,,,0,101,,11738,49,,,0,254,,11739,66,,,0,48,,11367,49,,,0,159,,11373,66,,,0,103,,11369,66,,,0,184,,11374,66,,,0,325,,11375,66,,,0,199,,11376,66,,,0
1002000,'4616',655,,11389,66,,,0,201,,11388,66,,,0,202,,11391,66,,,0,101,,11392,66,,,0,100,,11393,66,,,0,241,,11395,66,,,0,100,,11400,66,,,0,59,,11396,66,,,0,98,,11397,66,,,0,173,,11398,66,,,0,196,,11399,66,,,0,198,,11387,66,,,0
1002000,'5299',1703,,11378,66,,,0,227,,11379,66,,,0
1002000,'5454',731,,11737,66,,,0,100,,11386,66,,,0,190,,11381,49,,,0,201,,11382,49,,,0,201,,11383,49,,,0,201,,11384,49,,,0,199,,11385,49,,,0
1002000,'5567',1703,,11402,66,,,0,227,,11403,66,,,0
1002000,'5659',903,,12333,66,,,0,250,,12331,49,,,0,395,,12332,49,,,0
1002000,'5660',903,,12882,66,,,0,250,,12880,49,,,0,395,,12881,49,,,0
1002000,'5663',756,,12885,66,,,0,200,,12883,66,,,0,403,,12884,66,,,0
