7000,'4614',724,,11066,1,,,0,190,,11069,1,,,0,326,,11067,1,,,0,290,,11072,1,,,0,323,,11071,1,,,0
7000,'4616',912,,11083,1,,,0,318,,11081,1,,,0,310,,11082,1,,,0,172,,11080,1,,,0,188,,11084,1,,,0,207,,11086,1,,,0
7000,'4619',2000,,11074,1,,,0,107,,11073,1,,,0
7000,'5454',912,,11079,1,,,0,188,,11075,1,,,0,130,,11663,1,,,0,670,,11078,1,,,0
7000,'5658',1540,,12245,1,,,0
7000,'5659',615,,12243,1,,,0,1112,,12244,1,,,0
7000,'5660',615,,12798,1,,,0,1112,,12799,1,,,0
7000,'5661',1540,,12800,1,,,0
7000,'5663',810,,12802,1,,,0,290,,12801,1,,,0
7001,'4614',715,,11088,10,4,,0,139,,11090,10,4,,0,378,,11092,10,4,,0,291,,11094,10,4,,0,319,,11093,10,4,,0
7001,'4616',855,,11105,10,4,,0,347,,11103,10,4,,0,315,,11104,10,4,,0,138,,11102,10,4,,0,199,,11106,10,4,,0,205,,11108,10,4,,0
7001,'4619',1948,,11095,10,4,,0,152,,11096,10,4,,0
7001,'5454',855,,11101,10,4,,0,191,,11098,10,4,,0,156,,11664,10,4,,0,652,,11100,10,4,,0
7001,'5658',1517,,12250,10,4,,0
7001,'5659',608,,12248,10,4,,0,1105,,12249,10,4,,0
7001,'5660',608,,12803,10,4,,0,1105,,12804,10,4,,0
7001,'5661',1517,,12805,10,4,,0
7001,'5663',757,,12807,10,4,,0,289,,12806,10,4,,0
