2000,'4528',616,,9400,42,,,0,108,,9401,42,,,0,108,,9402,42,,,0,402,,8036,42,,,0,325,,8040,42,,,0,450,,8042,42,,,0,203,,8043,42,,,0
2000,'4532',2309,,8054,42,,,0
2000,'4623',1718,,9403,42,,,0
2000,'5222',1718,,9404,42,,,0
2000,'5562',1949,,9409,42,,,0,258,,9413,42,,,0
2001,'4528',827,,8078,34,,,0,696,,9419,34,,,0,321,,8073,34,,,0,359,,8075,34,,,0,197,,8076,34,,,0
2001,'4532',2200,,8084,34,,,0,159,,8081,34,,,0
1002000,'4528',2112,,9854,48,,,0,200,,8799,48,,,0
1002000,'4532',648,,8805,48,,,0,690,,8802,48,,,0,270,,8803,48,,,0,235,,8804,48,,,0,264,,8800,48,,,0
1002000,'4623',1455,,9856,48,,,0
1002000,'5221',942,,8815,48,,,0,210,,8814,48,,,0,272,,8819,48,,,0,495,,8817,48,,,0
1002000,'5222',1455,,9858,48,,,0
1002000,'5560',724,,8818,48,,,0,918,,8816,48,,,0
1002000,'5562',800,,9860,48,,,0,110,,9859,48,,,0,107,,9862,48,,,0,115,,9863,48,,,0,106,,9861,48,,,0,212,,9864,48,,,0,268,,9865,48,,,0
1002000,'5563',724,,9867,48,,,0,918,,9866,48,,,0
1002001,'4528',1413,,9872,34,,,0,35,,9873,34,,,0,257,,9874,34,,,0,396,,9877,34,,,0,200,,9878,34,,,0
1002001,'4532',738,,8838,34,,,0,479,,8845,34,,,0,117,,8844,34,,,0,370,,8836,34,,,0,109,,8842,34,,,0,226,,8846,34,,,0,219,,8843,34,,,0
1002001,'4623',948,,9879,34,,,0,608,,9880,34,,,0
1002001,'5221',1027,,8853,34,,,0,232,,8849,34,,,0,262,,8851,34,,,0,217,,8850,34,,,0
1002001,'5222',948,,9881,34,,,0,608,,9882,34,,,0
1002001,'5560',814,,8854,34,,,0,1228,,8852,34,,,0
1002001,'5562',851,,9886,34,,,0,152,,9883,34,,,0,111,,9885,34,,,0,330,,9884,34,,,0,104,,9888,34,,,0,389,,9887,34,,,0
1002001,'5563',814,,9890,34,,,0,1228,,9889,34,,,0
