3001,'4614',626,,10741,19,,,0,30,,10734,19,,,0,103,,10736,19,,,0,57,,10739,19,,,0,16,,10738,19,,,0,71,,10735,19,,,0,129,,10713,19,,,0,70,,11604,19,,,0,30,,10714,19,,,0,70,,10716,19,,,0,30,,10718,19,,,0,70,,10720,19,,,0,102,,10717,19,,,0,30,,10722,19,,,0,70,,10719,19,,,0,99,,10723,19,,,0,199,,10725,19,,,0,29,,10726,19,,,0,70,,10727,19,,,0,199,,10730,19,,,0,100,,10731,19,,,0,59,,10728,19,,,0,100,,10732,19,,,0
3001,'4616',731,,10757,19,,,0,100,,10758,19,,,0,100,,10759,19,,,0,71,,10760,19,,,0,30,,10761,19,,,0,70,,10762,19,,,0,30,,10763,19,,,0,101,,10765,19,,,0,70,,10766,19,,,0,30,,10767,19,,,0,70,,10768,19,,,0,30,,10769,19,,,0,100,,10771,19,,,0,70,,10772,19,,,0,99,,10774,19,,,0,129,,10777,19,,,0,70,,10778,19,,,0,200,,10780,19,,,0,258,,10783,19,,,0
3001,'5289',1534,,10743,19,,,0,169,,10742,19,,,0
3001,'5454',1002,,10746,19,,,0,100,,10747,19,,,0,201,,10749,19,,,0,100,,10750,19,,,0,200,,10752,19,,,0,100,,10753,19,,,0,197,,10755,19,,,0,100,,10756,19,,,0
3001,'5568',1534,,10785,19,,,0,169,,10784,19,,,0
3001,'5658',800,,12002,19,,,0,101,,12003,19,,,0,302,,12004,19,,,0,300,,12005,19,,,0,299,,12006,19,,,0
3001,'5659',726,,11999,19,,,0,121,,12001,19,,,0,85,,11994,19,,,0,70,,11995,19,,,0,332,,11996,19,,,0,299,,12000,19,,,0,100,,11997,19,,,0,268,,11998,19,,,0
3001,'5660',726,,12564,19,,,0,121,,12566,19,,,0,85,,12559,19,,,0,70,,12560,19,,,0,332,,12561,19,,,0,299,,12565,19,,,0,100,,12562,19,,,0,268,,12563,19,,,0
3001,'5661',800,,12567,19,,,0,101,,12568,19,,,0,302,,12569,19,,,0,300,,12570,19,,,0,299,,12571,19,,,0
3001,'5663',1203,,12572,19,,,0,300,,12573,19,,,0,130,,12574,19,,,0,100,,12575,19,,,0,68,,12576,19,,,0,200,,12577,19,,,0,199,,12578,19,,,0,59,,12579,19,,,0
