4000,'4614',627,,10853,4,,,0,15,,10879,4,,,0,78,,10880,4,0,6 7,0,7,,11643,4,,,0,11,,10884,4,0,6 7,0,68,,11648,4,0,6 7,0,52,,10831,4,,,0,55,,11644,4,,,0,100,,10860,4,,,0,200,,10864,4,,,0,215,,10841,4,,,0,530,,10827,4,,,0,70,,10825,4,,,0
4000,'4616',727,,10937,4,,,0,30,,10938,4,,,0,70,,10939,4,,,0,432,,10914,4,,,0,100,,10917,4,,,0,70,,11638,4,,,0,30,,10929,4,,,0,70,,10924,4,,,0,30,,10911,4,,,0
4000,'4619',1713,,12075,4,,,0
4000,'4931',1713,,12076,4,,,0
4000,'5454',928,,10892,4,,,0,100,,10894,4,,,0,500,,10904,4,,,0,30,,10905,4,,,0
4000,'5658',657,,12077,4,,,0,100,,12079,4,,,0,100,,12081,4,,,0,101,,12082,4,,,0,100,,12083,4,,,0,70,,12084,4,,,0,30,,12085,4,,,0,70,,12086,4,,,0,31,,12087,4,,,0,70,,12088,4,,,0,30,,12089,4,,,0,71,,12090,4,,,0,28,,12091,4,,,0,170,,12092,4,,,0,30,,12093,4,,,0,69,,12094,4,,,0,31,,12095,4,,,0,70,,12096,4,,,0,30,,12078,4,,,0,70,,12080,4,,,0
4000,'5659',557,,12051,4,,,0,100,,12052,4,,,0,55,,12072,4,,,0,22,,12073,4,0,6 7,0,9,,12071,4,,,0,8,,12074,4,0,6 7,0,7,,12053,4,,,0,55,,12070,4,,,0,15,,12031,4,,,0,15,,12054,4,,,0,85,,12032,4,,,0,15,,12055,4,,,0,15,,12033,4,,,0,70,,12034,4,,,0,15,,12056,4,,,0,15,,12035,4,,,0,55,,12057,4,,,0,15,,12036,4,,,0,15,,12058,4,,,0,15,,12037,4,,,0,70,,12038,4,,,0,15,,12059,4,,,0,15,,12039,4,,,0,55,,12060,4,,,0,15,,12040,4,,,0,15,,12061,4,,,0,15,,12041,4,,,0,55,,12062,4,,,0,30,,12063,4,,,0,15,,12042,4,,,0,55,,12064,4,,,0,15,,12043,4,,,0,15,,12065,4,,,0,15,,12044,4,,,0,55,,12066,4,,,0,15,,12045,4,,,0,15,,12067,4,,,0,15,,12046,4,,,0,70,,12047,4,,,0,15,,12068,4,,,0,15,,12048,4,,,0,70,,12049,4,,,0,30,,12050,4,,,0,70,,12028,4,,,0,130,,12029,4,,,0,70,,12027,4,,,0,30,,12030,4,,,0,70,,12026,4,,,0,29,,12069,4,,,0
4000,'5660',557,,12609,4,,,0,100,,12610,4,,,0,55,,12630,4,,,0,22,,12631,4,0,6 7,0,9,,12629,4,,,0,8,,12632,4,0,6 7,0,7,,12611,4,,,0,55,,12628,4,,,0,15,,12589,4,,,0,15,,12612,4,,,0,85,,12590,4,,,0,15,,12613,4,,,0,15,,12591,4,,,0,70,,12592,4,,,0,15,,12614,4,,,0,15,,12593,4,,,0,55,,12615,4,,,0,15,,12594,4,,,0,15,,12616,4,,,0,15,,12595,4,,,0,70,,12596,4,,,0,15,,12617,4,,,0,15,,12597,4,,,0,55,,12618,4,,,0,15,,12598,4,,,0,15,,12619,4,,,0,15,,12599,4,,,0,55,,12620,4,,,0,30,,12621,4,,,0,15,,12600,4,,,0,55,,12622,4,,,0,15,,12601,4,,,0,15,,12623,4,,,0,15,,12602,4,,,0,55,,12624,4,,,0,15,,12603,4,,,0,15,,12625,4,,,0,15,,12604,4,,,0,70,,12605,4,,,0,15,,12626,4,,,0,15,,12606,4,,,0,70,,12607,4,,,0,30,,12608,4,,,0,70,,12586,4,,,0,130,,12587,4,,,0,70,,12585,4,,,0,30,,12588,4,,,0,70,,12584,4,,,0,29,,12627,4,,,0
4000,'5661',657,,12633,4,,,0,100,,12635,4,,,0,100,,12637,4,,,0,101,,12638,4,,,0,100,,12639,4,,,0,70,,12640,4,,,0,30,,12641,4,,,0,70,,12642,4,,,0,31,,12643,4,,,0,70,,12644,4,,,0,30,,12645,4,,,0,71,,12646,4,,,0,28,,12647,4,,,0,170,,12648,4,,,0,30,,12649,4,,,0,69,,12650,4,,,0,31,,12651,4,,,0,70,,12652,4,,,0,30,,12634,4,,,0,70,,12636,4,,,0
4000,'5663',627,,12672,4,,,0,230,,12673,4,,,0,71,,12661,4,,,0,30,,12658,4,,,0,70,,12656,4,,,0,30,,12665,4,,,0,70,,12671,4,,,0,31,,12653,4,,,0,70,,12657,4,,,0,100,,12667,4,,,0,300,,12659,4,,,0,29,,12660,4,,,0,70,,12664,4,,,0,30,,12662,4,,,0,70,,12666,4,,,0,30,,12669,4,,,0,70,,12655,4,,,0,30,,12663,4,,,0,100,,12668,4,,,0,100,,12654,4,,,0,99,,12670,4,,,0
1002000,'4614',617,,11370,4,,,0,110,,11371,4,,,0,190,,11372,4,,,0,100,,11738,4,,,0,201,,11739,4,,,0,100,,11367,4,,,0,102,,11373,4,,,0,105,,11369,4,,,0,186,,11374,4,,,0,331,,11375,4,,,0,200,,11376,4,,,0
1002000,'4616',612,,11389,4,,,0,200,,11388,4,,,0,200,,11391,4,,,0,100,,11392,4,,,0,100,,11393,4,,,0,200,,11395,4,,,0,100,,11400,4,,,0,100,,11396,4,,,0,98,,11397,4,,,0,135,,11398,4,,,0,197,,11399,4,,,0,200,,11387,4,,,0
1002000,'5299',1613,,11378,4,,,0,232,,11379,4,,,0
1002000,'5454',649,,11737,4,,,0,100,,11386,4,,,0,200,,11381,4,,,0,200,,11382,4,,,0,200,,11383,4,,,0,200,,11384,4,,,0,200,,11385,4,,,0
1002000,'5567',1613,,11402,4,,,0,232,,11403,4,,,0
1002000,'5659',813,,12333,4,,,0,304,,12331,4,,,0,386,,12332,4,,,0
1002000,'5660',813,,12882,4,,,0,304,,12880,4,,,0,386,,12881,4,,,0
1002000,'5663',712,,12885,4,,,0,200,,12883,4,,,0,400,,12884,4,,,0
