7000,'4614',808,,11066,8,,,0,151,,11069,8,,,0,367,,11067,8,,,0,292,,11072,8,,,0,318,,11071,8,,,0
7000,'4616',956,,11083,8,,,0,361,,11081,8,,,0,309,,11082,8,,,0,131,,11080,8,,,0,186,,11084,8,,,0,207,,11086,8,,,0
7000,'4619',2043,,11074,8,,,0,106,,11073,8,,,0
7000,'5454',956,,11079,8,,,0,190,,11075,8,,,0,171,,11663,8,,,0,626,,11078,8,,,0
7000,'5658',1626,,12245,8,,,0
7000,'5659',658,,12243,8,,,0,1153,,12244,8,,,0
7000,'5660',658,,12798,8,,,0,1153,,12799,8,,,0
7000,'5661',1626,,12800,8,,,0
7000,'5663',853,,12802,8,,,0,293,,12801,8,,,0
7001,'4614',633,,11088,3,,,0,176,,11090,3,,,0,338,,11092,3,,,0,290,,11094,3,,,0,321,,11093,3,,,0
7001,'4616',813,,11105,3,,,0,304,,11103,3,,,0,316,,11104,3,,,0,178,,11102,3,,,0,201,,11106,3,,,0,205,,11108,3,,,0
7001,'4619',1906,,11095,3,,,0,112,,11096,3,,,0
7001,'5454',813,,11101,3,,,0,188,,11098,3,,,0,116,,11664,3,,,0,695,,11100,3,,,0
7001,'5658',1433,,12250,3,,,0
7001,'5659',527,,12248,3,,,0,1100,,12249,3,,,0
7001,'5660',527,,12803,3,,,0,1100,,12804,3,,,0
7001,'5661',1433,,12805,3,,,0
7001,'5663',716,,12807,3,,,0,285,,12806,3,,,0
7801,'4614',954,,11252,10,,,0
7801,'5659',624,,12314,10,,,0,101,,12315,10,,,0,833,,12316,10,,,0,269,,12317,10,,,0
7801,'5660',624,,12869,10,,,0,101,,12870,10,,,0,833,,12871,10,,,0,269,,12872,10,,,0
