801,'4614',617,,11891,41,,,0,137,,10318,26,,,0,70,,10304,41,,,0,96,,11479,41,,,0,200,,10300,41,,,0,107,,10310,41,,,0,102,,10303,41,,,0,202,,10306,41,,,0,101,,10305,41,,,0,99,,10316,41,,,0,99,,10308,41,,,0,98,,10309,41,,,0,100,,10307,41,,,0,99,,10313,41,,,0,99,,10314,41,,,0,99,,10317,41,,,0
801,'4616',714,,10335,41,,,0,304,,10337,41,,,0,101,,10338,41,,,0,107,,10346,41,,,0,102,,10347,41,,,0,202,,10340,41,,,0,100,,10341,41,,,0,100,,10349,41,,,0,199,,10334,41,,,0,100,,10343,41,,,0,98,,11477,41,,,0,99,,10345,41,,,0
801,'5289',1551,,10319,41,0,24 25 26 7,0
801,'5454',816,,10325,41,,,0,202,,10323,41,,,0,101,,10327,41,,,0,209,,10328,41,,,0,202,,10322,41,,,0,100,,10333,41,,,0,100,,10320,41,,,0,100,,10321,41,,,0,99,,10331,41,,,0,100,,10330,41,,,0
801,'5568',1451,,10350,41,0,24 25 26 7,0
801,'5658',714,,11892,26,,,0,204,,11895,41,,,0,308,,11893,41,,,0,203,,11894,41,,,0
801,'5659',716,,11888,41,,,0,304,,11890,41,,,0,411,,11889,41,,,0
801,'5660',716,,12482,41,,,0,304,,12484,41,,,0,411,,12483,41,,,0
801,'5661',714,,12485,26,,,0,204,,12488,41,,,0,308,,12486,41,,,0,203,,12487,41,,,0
801,'5663',816,,12492,41,,,0,102,,12489,41,,,0,511,,12490,41,,,0,401,,12491,41,,,0
