1,100,'4614',9889,12343,9891,12344,9893,9894,12345,12346,9897,9898,9899,9900,12347,9902,9903,12348,12349,9906,9907,12350,9909,9910,12351,11444,12352,9914,9915,9917,12353,9919,9920,12354,9922,9923,9924,9925,9926,9927,9928,11755,12355
1,100,'4616',9959,12368,12369,9962,9963,12370,9965,12371,12372,12373,9969,12374,12375,9972,12376,12377,9975,9976,9977,11439,9979,12378,12379,9982,12380,9984,12381,9986,12382,9988,12383,12384,12385,9992,9993
1,100,'5289',12342
1,100,'5454',9931,9932,9933,12356,9935,12357,9937,12358,9939,12359,9941,9942,12360,12361,9945,9946,12362,9948,12363,9950,12364,12365,9953,9954,12366,9956,9957,9958
1,100,'5568',12367
1,101,'4614',9994,9995,9996,9997,12387,12388,12389,12390,12391,10003,10004,10005,10006,12392,10008,10009,12393,12394,10012,10013,10014,12395,10016,11455,10018,10019,10020,12396,12397,11456,10025,12398,10027,10028,10029,10030,12399,10032,10033,10034
1,101,'4616',12412,12413,12414,10068,10069,10070,12415,12416,10073,10074,12417,10076,10077,10078,12418,12419,12420,10082,11449,10084,10085,10086,12421,10088,10089,12422,12423,10092,12424,10094,12425,10096,10097,10098,12426
1,101,'4619',11801
1,101,'4931',11802
1,101,'5289',12386
1,101,'5454',12400,12401,10039,10040,10041,12402,10043,11452,10045,10046,10047,12403,10049,10050,12404,12405,12406,10054,10055,10056,12407,12408,12409,12410,10061,10062,10063,10064
1,101,'5568',12411
5,501,'4614',10100,10101,12427,10103,12428,10105,10106,12429,10108,12430,10110,10111,10112,12431,12432,10115,10116,10117,10118,12433
5,501,'4616',10133,10134,10135,10136,10137,10138,12439,12440,10141,12441,12442,12443,10145,12444,10147,10148,12445
5,501,'5454',10120,10121,10122,12434,10124,12435,10126,10127,12436,10129,12437,12438,10132
6,600,'4614',10150,12446,10152,12447,10154,10155,10156,10157,10158,12448,10160,11853,10162,10163,10164,10165,11464
6,600,'4616',10181,10182,12454,10184,10185,10186,10187,10188,10189,10190,10191,10192,10193,10194,11462,12455,12456
6,600,'5454',10167,12449,12450,10170,10171,10172,12451,12452,10175,12453,10177,10178,10179,10180
6,601,'4614',10198,10199,12457,11467,12458,10203,10204,10205,10206,10207,11468,10209,11469,10211,10212,11864,10214,10215,10216
6,601,'4616',10229,10230,12463,10232,10233,10234,10235,10236,10237,10238,10239,11465,12464,10242,10243,10244,10245
6,601,'5454',12459,10218,10219,10220,12460,10222,10223,12461,12462,10226,10227,10228
7,701,'4614',10246,10247,12465,10249,12466,11474,11476,12467,12468,10255,12469,10257,10258,10259,10260,10261,10262,10263,12470,10265,10266
7,701,'4616',12475,12476,12477,10285,10286,10287,10288,10289,10290,12478,10292,10293,10294,12479,12480,10297,12481
7,701,'5289',10267
7,701,'5454',10268,10269,10270,10271,10272,12471,12472,11472,10276,12473,12474,11473,10280,10281
7,701,'5568',10299
8,801,'4614',10300,12482,12483,10303,10304,10305,10306,10307,10308,10309,10310,12484,11891,10313,10314,11479,10316,10317,10318
8,801,'4616',10334,10335,12489,10337,10338,12490,10340,10341,12491,10343,11477,10345,10346,10347,12492,10349
8,801,'5289',10319
8,801,'5454',10320,10321,10322,10323,12485,10325,12486,10327,10328,12487,10330,10331,12488,10333
8,801,'5568',10350
9,900,'4614',11900,11901,11510,11511,11512,11902,11903,12493,11905,11906,11907,11908,12494,11910,12495,11523,11524,11525,11526,12496,11913
9,900,'4616',12497,11481,11482,12498,12499,11485,11486,11487,11488,11489,11490,11491,11492,11493,11494,11495
9,900,'4619',11914
9,900,'4931',11915
9,900,'5454',11497,11498,11499,11500,11501,11502,11503,11504,11505,11506,11507
9,901,'4614',11560,11919,11562,11563,11920,11921,12500,11923,11924,12501,12502,11927,11928,11929,11574,11930,11576,11577,12503,11579,11932,12504,11934
9,901,'4616',12505,11531,11532,11533,11534,12506,11536,11537,11538,11539,11540,11541,11542,11543,11544,12507,11546
9,901,'4619',11935
9,901,'4931',11936
9,901,'5454',11548,11549,11550,11551,11552,11553,11554,11555,11556,11557,11558,11559
15,1500,'4614',12508,10456,10457,10458,10459,10460,10461,10462,10463,10464,10465,10466,10467,10468
15,1500,'4616',12512,10483,12513,10485,10486,10487,10488,12514,10490,10491,10492,11584,10494,10495
15,1500,'5454',10469,10470,12509,12510,10473,10474,10475,12511,10477,10478,10479,10480,10481
15,1501,'4614',10496,10497,10499,10500,11587,10502,12516,10504,10505,10506,10507,10508
15,1501,'4616',10520,10521,12522,10523,10524,10525,10526,10527,10528,10529,10530,10531,10532,10533
15,1501,'5289',12515
15,1501,'5454',12517,10510,10511,10512,12518,10514,12519,12520,10517,10518,10519
15,1501,'5568',12521
20,2000,'4614',10534,10535,10536,10537,10538,10539,10540,10541,10542,10544,10545,10546
20,2000,'4616',12527,10555,10556,10557,10558,10559,10560,12528,10562,10563,10564,10565,12529
20,2000,'5289',12523,12524
20,2000,'5454',10548,10549,10550,10551,10552,10553
20,2000,'5568',12525,12526
20,2001,'4614',10567,10568,10569,10570,10571,10572,10573,12530,10575,10576,11593,10578,10579,10580
20,2001,'4616',10591,10592,10593,10594,10595,10596,10597,10598,10599,10600,10601,12531,10603,10604
20,2001,'5289',10581
20,2001,'5299',10582,10583,10584
20,2001,'5454',10585,10586,10587,10588,10589,11592
20,2001,'5567',10605,10606,10607
20,2001,'5568',10608
25,2500,'4614',10609,11595,12532,11965,10613
25,2500,'4616',10619,12533,10621,10622,10623
25,2500,'5454',11594,10615,10616,10617,10618
25,2501,'4614',10624,11598,12534,11968,10628,11969
25,2501,'4616',10635,12535,10637,10638,10639
25,2501,'5454',11597,10631,10632,10633,10634
30,3000,'4614',10640,10641,12536,12537,10644,11602,10646,10647,10648,10649,12538,10651,10652,10653,12539,12540,10656,10657,12541,10659,10660,10661,10662,12542,12543,10665,10666,10667,10668,10669,12544
30,3000,'4616',10684,10685,10686,12550,10688,10689,10690,10691,10692,10693,10694,12551,10696,10697,12552,10699,12553,12554,10702,10703,12555,10705,12556,12557,12558,10709,10710
30,3000,'5454',12545,10672,12546,12547,10675,10676,12548,10678,10679,12549,10681,10682,10683
30,3001,'4614',12559,12560,10713,10714,11604,10716,10717,10718,10719,10720,12561,10722,10723,12562,10725,10726,10727,10728,12563,10730,10731,10732,12564,10734,10735,10736,12565,10738,10739,12566,10741
30,3001,'4616',10757,10758,10759,10760,10761,10762,10763,12572,10765,10766,10767,10768,10769,12573,10771,10772,12574,10774,12575,12576,10777,10778,12577,10780,12578,12579,10783
30,3001,'5289',10742,10743
30,3001,'5454',12567,12568,10746,10747,12569,10749,10750,12570,10752,10753,12571,10755,10756
30,3001,'5568',10784,10785
31,3101,'4614',12015,10787,10788,12016,11629,12017,12018,11632,11633,12580,12020,12581,12022,12023
31,3101,'4616',11606,10811,11607,11608,11609,11610,11611,11612,12582,12583,11615,11616,11617
31,3101,'5454',11618,11619,11620,11621,10804,11622,11623,11624,11625,11626
40,4000,'4614',12584,12585,10825,12586,10827,12587,12588,12589,10831,12590,12591,12592,12593,12594,12595,12596,12597,12598,10841,12599,12600,12601,12602,12603,12604,12605,12606,12607,12608,12609,10853,12610,11643,12611,12612,11644,12613,10860,12614,12615,12616,10864,12617,12618,12619,12620,12621,12622,12623,12624,12625,12626,12627,12628,12629,12630,10879,10880,12631,12632,11648,10884
40,4000,'4616',10911,11638,12653,10914,12654,12655,10917,12656,12657,12658,12659,12660,12661,10924,12662,12663,12664,12665,10929,12666,12667,12668,12669,12670,12671,12672,10937,10938,10939,12673
40,4000,'4619',12075
40,4000,'4931',12076
40,4000,'5454',12633,12634,12635,12636,12637,10892,12638,10894,12639,12640,12641,12642,12643,12644,12645,12646,12647,10904,10905,12648,12649,12650,12651,12652
40,4001,'4614',12678,12679,12680,12681,12682,12683,12684,12685,12686,12687,12688,12689,12690,12691,12692,12693,12694,12695,12696,12697,12698,12699,12700,12701,12702,12703,12704,12705,12706,12707,12708,12709,12710,12711,12712,12713,12714,12715,12716,12717,12718,12719,12720,12721,12722,12723,12724,12725,12726,12727,12728,12729,12730,12731,12732,12733,12734,12735,12736,12737,12738,12179
40,4001,'4616',12766,12767,12768,12769,12770,12771,12772,12773,12774,12775,12776,12777,12778,12779,12780,12781,12782,12783,12784,12785,12786,12787,12788,12789,12790,12791,12792,12793,12794,12795,12796
40,4001,'4619',12674
40,4001,'5289',12675,12676,12677
40,4001,'5299',12797
40,4001,'5454',12739,12740,12741,12742,12743,12744,12745,12746,12747,12748,12749,12750,12751,12752,12753,12754,12755,12756,12757,12758,12759,12760,12761,12762
40,4001,'5568',12763,12764,12765
70,7000,'4614',11066,11067,12798,11069,12799,11071,11072
70,7000,'4616',11080,11081,11082,11083,11084,12801,11086,12802
70,7000,'4619',11073,11074
70,7000,'5454',11075,11663,12800,11078,11079
70,7001,'4614',11088,12803,11090,12804,11092,11093,11094
70,7001,'4616',11102,11103,11104,11105,11106,12806,11108,12807
70,7001,'4619',11095,11096
70,7001,'5454',11664,11098,12805,11100,11101
72,7200,'4614',11669,11672,11670,11113,12808,11115,12809,11671,11118,11119,11120,11121,11122,11123,11124,11125,11126,11127,12810,11129,11130,11131,11132,11133,11134,12811,11136,11137,12812
72,7200,'4616',11152,12817,11154,12818,11156,12819,11158,12820,11160,12821,11162,12822,12823,12824,12825,12826,12827,12828,12829,12830,12831,12832,12833,12834,12835,11177,12836,12837
72,7200,'5454',11139,11140,11141,11142,11143,12813,12814,11146,11147,11148,11149,12815,12816
72,7201,'4614',11677,11181,12838,11183,12839,11678,11186,11187,11188,11189,11190,11191,11192,11193,11194,11195,12840,11197,11198,11199,11200,11201,11202,11203,12841,11205,11206,12842,11208
72,7201,'4616',12848,12849,12850,11225,12851,12852,11228,11229,11230,12853,11232,12854,12855,12856,12857,12858,12859,12860,12861,12862,12863,12864,12865,12866,12867,11247,12868,11249
72,7201,'5454',11209,11210,11211,11212,12843,12844,11215,11216,11217,11218,12845,12846,12847
78,7801,'4614',12869,12870,11252,12871,12872
88,8800,'4614',11255,11256,11257,11258,11259,11260,11261,11262,11263,11264,11265,11266,11267,11268
88,8800,'4616',11269,11270,11271,11272,11273,11274,11275,11276,11277,11278,11279,11280
92,9200,'4619',12318,12873
92,9200,'5289',11283,12874
92,9200,'5299',12875,11286
97,9701,'4614',11690,11691,11692,11693,11694,11695,11696,11697,11698,11699,11700
97,9701,'4616',11680,11681,11682,11683,11684,11685,11686,11687,11688,11689
98,9801,'4614',11712,11713,11714,11715,11716,11717,11718,11719,11720,11721
98,9801,'4616',11701,11702,11703,11704,11705,11706,11707,11708,11709,11710,11711
99,9900,'4614',12322,12323
99,9900,'4616',11722,11723
99,9900,'5454',11724,11725
99,9901,'4614',12324,12325
99,9901,'4616',11728,11729
99,9901,'5454',11730,11731
10015,1001500,'4614',11341,12877,11343,11345,11346,11347,11348,11349,11350,11351
10015,1001500,'5289',12876
10015,1001500,'5568',12878
10015,1001501,'4614',12329,12879,11354,11355,11356,11357,11358,11359,11360,11361,11362,11363
10020,1002000,'4614',11738,12880,11739,11367,12881,11369,11370,11371,11372,11373,11374,11375,11376,12882
10020,1002000,'4616',11387,11388,11389,12883,11391,11392,11393,12884,11395,11396,11397,11398,11399,11400,12885
10020,1002000,'5299',11378,11379
10020,1002000,'5454',11737,11381,11382,11383,11384,11385,11386
10020,1002000,'5567',11402,11403
10020,1002001,'4614',11404,11405,11406,11407,11408,11409,11742,12887,11413,11414,11415,11416,11417
10020,1002001,'4616',12889,11426,12890,11428,11429,11430,11431,11432,11433,11434,11435,11436,11437,11438
10020,1002001,'5289',12886
10020,1002001,'5454',11418,11419,11420,11421,11422,11423,11424
10020,1002001,'5568',12888
