900,'4614',652,,11525,59,,,0,81,,11524,59,,,0,80,,12495,59,,,0,33,,11523,59,,,0,69,,11907,51,,,0,30,,11510,45,,,0,170,,11901,51,,,0,38,,11900,37,,,0,62,,11526,45,,,0,100,,11511,59,,,0,100,,11902,51,,,0,100,,11512,59,,,0,100,,11903,37,,,0,100,,12493,45,,,0,101,,11905,59,,,0,29,,12496,59,,,0,69,,11913,59,,,0,28,,11906,59,,,0,159,,11908,51,,,0,101,,12494,45,,,0,56,,11910,51,,,0
900,'4616',816,,12497,59,,,0,100,,11482,59,,,0,100,,12498,59,,,0,100,,11488,45,,,0,31,,11485,59,,,0,69,,11495,59,,,0,100,,12499,45,,,0,100,,11493,59,,,0,100,,11487,59,,,0,100,,11486,59,,,0,101,,11490,59,,,0,98,,11481,45,,,0,97,,11489,59,,,0,19,,11494,45,,,0,75,,11492,45,,,0,97,,11491,59,,,0
900,'4619',1645,,11914,51,,,0
900,'4931',1645,,11915,51,,,0
900,'5454',916,,11501,59,,,0,100,,11499,59,,,0,130,,11504,59,,,0,170,,11505,45,,,0,100,,11503,59,,,0,101,,11497,59,,,0,99,,11506,59,,,0,100,,11498,59,,,0,100,,11500,45,,,0,121,,11507,59,,,0,172,,11502,59,,,0
3101,'4614',713,,12015,29,,,0,91,,10787,29,,,0,110,,10788,29,,,0,99,,12016,29,,,0,100,,11629,29,,,0,101,,12018,29,,,0,100,,11632,29,,,0,100,,11633,29,,,0,100,,12017,29,,,0,45,,12580,29,,,0,155,,12020,29,,,0,100,,12581,29,,,0,99,,12022,29,,,0,100,,12023,29,,,0
3101,'4616',713,,11609,29,,,0,100,,12582,29,,,0,100,,11615,29,,,0,100,,11616,29,,,0,100,,12583,29,,,0,101,,11607,29,,,0,100,,11610,29,,,0,100,,11606,29,,,0,100,,10811,29,,,0,100,,11611,29,,,0,100,,11608,29,,,0,100,,11612,29,,,0,99,,11617,29,,,0
3101,'5454',753,,11622,29,,,0,190,,11619,29,,,0,170,,11624,29,,,0,100,,11620,29,,,0,100,,10804,29,,,0,100,,11625,29,,,0,100,,11623,29,,,0,100,,11618,29,,,0,130,,11621,29,,,0,170,,11626,29,,,0
4001,'4614',705,,12708,53,,,0,33,,12709,53,,,0,75,,12711,53,,,0,15,,12713,53,,,0,15,,12710,53,,,0,58,,12714,53,,,0,12,,12688,53,,,0,15,,12715,53,,,0,15,,12690,53,,,0,15,,12716,53,,,0,54,,12689,53,,,0,16,,12717,53,,,0,15,,12691,53,,,0,15,,12718,53,,,0,55,,12692,53,,,0,15,,12719,53,,,0,17,,12693,53,,,0,55,,12720,53,,,0,16,,12694,53,,,0,15,,12721,53,,,0,15,,12695,53,,,0,55,,12722,53,,,0,16,,12696,53,,,0,15,,12723,53,,,0,16,,12697,53,,,0,55,,12724,53,,,0,15,,12698,53,,,0,17,,12725,53,,,0,15,,12699,53,,,0,50,,12726,53,,,0,10,,12727,53,,,0,11,,12700,53,,,0,10,,12728,53,,,0,20,,12701,53,,,0,60,,12730,53,,,0,10,,12703,53,,,0,10,,12729,53,,,0,10,,12731,53,,,0,9,,12702,53,,,0,60,,12732,53,,,0,10,,12704,53,,,0,13,,12733,53,,,0,14,,12712,53,,,0,55,,12734,53,,,0,13,,12706,53,,,0,14,,12735,53,,,0,14,,12705,53,,,0,15,,12736,53,,,0,55,,12707,53,,,0,15,,12737,53,,,0,14,,12687,53,,,0,69,,12686,53,,,0,31,,12685,53,,,0,69,,12681,53,,,0,28,,12684,53,,,0,69,,12680,53,,,0,29,,12683,53,,,0,68,,12679,53,,,0,29,,12682,53,,,0,70,,12678,53,,,0,30,,12738,53,,,0
4001,'4616',740,,12766,53,,,0,103,,12767,53,,,0,72,,12768,53,,,0,31,,12769,53,,,0,71,,12770,53,,,0,30,,12771,53,,,0,70,,12772,53,,,0,31,,12773,53,,,0,70,,12774,53,,,0,30,,12775,53,,,0,70,,12776,53,,,0,30,,12777,53,,,0,70,,12778,53,,,0,30,,12779,53,,,0,70,,12780,53,,,0,30,,12781,53,,,0,70,,12782,53,,,0,29,,12783,53,,,0,70,,12784,53,,,0,28,,12785,53,,,0,70,,12786,53,,,0,29,,12787,53,,,0,69,,12788,53,,,0,30,,12789,53,,,0,69,,12790,53,,,0,30,,12791,53,,,0,69,,12792,53,,,0,30,,12793,53,,,0,98,,12794,53,,,0,99,,12795,53,,,0,99,,12796,53,,,0
4001,'4619',1601,,12674,53,,,0
4001,'5289',1541,,12675,53,,,0,60,,12676,53,,,0,99,,12677,53,,,0
4001,'5299',1601,,12797,53,,,0
4001,'5454',738,,12739,53,,,0,105,,12741,53,,,0,103,,12743,53,,,0,100,,12745,53,,,0,70,,12746,53,,,0,30,,12747,53,,,0,71,,12748,53,,,0,31,,12749,53,,,0,70,,12750,53,,,0,30,,12751,53,,,0,71,,12752,53,,,0,28,,12753,53,,,0,69,,12754,53,,,0,30,,12755,53,,,0,70,,12756,53,,,0,30,,12757,53,,,0,70,,12758,53,,,0,30,,12759,53,,,0,66,,12760,53,,,0,30,,12761,53,,,0,70,,12762,53,,,0,29,,12744,53,,,0,69,,12742,53,,,0,30,,12740,53,,,0
4001,'5568',1541,,12763,53,,,0,159,,12764,53,,,0
1002001,'4614',736,,11408,50,,,0,183,,11409,67,,,0,84,,11742,50,,,0,224,,11404,50,,,0,102,,11405,50,,,0,114,,12887,67,,,0,98,,11406,67,,,0,97,,11407,67,,,0,98,,11413,67,,,0,98,,11414,67,,,0,98,,11415,67,,,0,199,,11416,67,,,0,198,,11417,67,,,0
1002001,'4616',801,,11438,67,,,0,132,,12889,67,,,0,100,,11426,67,,,0,100,,12890,67,,,0,101,,11428,67,,,0,101,,11437,67,,,0,99,,11429,67,,,0,100,,11430,67,,,0,100,,11431,67,,,0,99,,11432,67,,,0,100,,11433,67,,,0,99,,11434,67,,,0,200,,11435,67,,,0,198,,11436,67,,,0
1002001,'5289',1127,,12886,50,,,0
1002001,'5454',933,,11418,67,,,0,201,,11419,67,,,0,203,,11420,67,,,0,198,,11421,67,,,0,200,,11422,67,,,0,199,,11424,67,,,0,198,,11423,67,,,0
1002001,'5568',1127,,12888,50,,,0
