501,'4614',713,,12433,2,0,8,0,31,,10111,2,0,8,0,70,,10118,2,0,8,0,100,,10100,2,0,8,0,100,,10117,2,0,8,0,100,,10105,2,0,8,0,102,,12427,2,0,8,0,85,,10103,2,0,8,0,100,,10110,2,0,8,0,55,,10101,2,0,8,0,155,,12429,2,0,8,0,100,,10116,2,0,8,0,97,,10108,2,0,8,0,98,,10106,2,0,8,0,100,,12430,2,0,8,0,100,,12431,2,0,8,0,100,,10112,2,0,8,0,100,,12432,2,0,8,0
501,'4616',711,,10134,2,0,8,0,200,,10148,2,0,8,0,100,,10133,2,0,8,0,100,,10135,2,0,8,0,103,,10136,2,0,8,0,100,,10137,2,0,8,0,101,,10138,2,0,8,0,99,,12439,2,0,8,0,101,,12440,2,0,8,0,99,,10141,2,0,8,0,92,,12445,2,0,8,0,100,,12441,2,0,8,0,100,,12442,2,0,8,0,100,,12443,2,0,8,0,100,,10145,2,0,8,0,100,,10147,2,0,8,0
501,'5454',811,,12438,2,0,8,0,100,,12434,2,0,8,0,100,,12435,2,0,8,0,100,,10120,2,0,8,0,100,,10121,2,0,8,0,100,,10127,2,0,8,0,100,,10122,2,0,8,0,100,,10132,2,0,8,0,100,,12437,2,0,8,0,100,,12436,2,0,8,0,95,,10129,2,0,8,0,100,,10126,2,0,8,0,115,,10124,2,0,8,0
601,'4614',621,,12458,2,,,0,96,,11864,2,,,0,89,,11467,2,,,0,18,,11469,2,,,0,106,,10198,2,,,0,97,,11468,2,,,0,100,,12457,2,,,0,104,,10199,2,,,0,101,,10214,2,,,0,105,,10203,2,,,0,106,,10205,2,,,0,99,,10206,2,,,0,100,,10215,2,,,0,91,,10204,2,,,0,101,,10216,2,,,0,101,,10207,2,,,0,100,,10209,2,,,0,101,,10211,2,,,0,100,,10212,2,,,0
601,'4616',725,,10237,2,,,0,105,,10244,2,,,0,100,,10238,2,,,0,100,,10235,2,,,0,99,,10239,2,,,0,101,,10236,2,,,0,101,,10234,2,,,0,100,,10229,2,,,0,101,,12463,2,,,0,101,,10232,2,,,0,100,,10245,2,,,0,101,,10233,2,,,0,100,,10230,2,,,0,101,,10242,2,,,0,101,,10243,2,,,0,100,,11465,2,,,0,102,,12464,2,,,0
601,'5454',725,,12460,2,,,0,206,,10227,2,,,0,100,,12459,2,,,0,100,,10223,2,,,0,100,,10218,2,,,0,99,,10228,2,,,0,100,,10220,2,,,0,102,,12461,2,,,0,100,,10219,2,,,0,101,,10226,2,,,0,100,,12462,2,,,0,101,,10222,2,,,0
4001,'4614',621,,12708,2,,,0,30,,12709,2,,,0,70,,12711,2,,,0,15,,12713,2,,,0,16,,12710,2,,,0,55,,12714,2,,,0,15,,12688,2,,,0,17,,12715,2,,,0,15,,12690,2,,,0,56,,12716,2,,,0,15,,12689,2,,,0,15,,12717,2,,,0,15,,12691,2,,,0,55,,12718,2,,,0,15,,12692,2,,,0,15,,12719,2,,,0,15,,12693,2,,,0,55,,12720,2,,,0,15,,12694,2,,,0,15,,12721,2,,,0,15,,12695,2,,,0,55,,12722,2,,,0,15,,12696,2,,,0,15,,12723,2,,,0,15,,12697,2,,,0,55,,12724,2,,,0,15,,12698,2,,,0,15,,12725,2,,,0,15,,12699,2,,,0,51,,12726,2,,,0,10,,12727,2,,,0,10,,12700,2,,,0,10,,12728,2,,,0,20,,12701,2,,,0,60,,12730,2,,,0,11,,12703,2,,,0,10,,12729,2,,,0,10,,12731,2,,,0,10,,12702,2,,,0,60,,12732,2,,,0,10,,12704,2,,,0,14,,12733,2,,,0,15,,12712,2,,,0,55,,12734,2,,,0,15,,12706,2,,,0,15,,12735,2,,,0,15,,12705,2,,,0,55,,12736,2,,,0,15,,12707,2,,,0,15,,12737,2,,,0,15,,12687,2,,,0,70,,12686,2,,,0,31,,12685,2,,,0,69,,12681,2,,,0,30,,12684,2,,,0,70,,12680,2,,,0,30,,12683,2,,,0,70,,12679,2,,,0,30,,12682,2,,,0,70,,12678,2,,,0,30,,12738,2,,,0
4001,'4616',656,,12766,2,,,0,100,,12767,2,,,0,70,,12768,2,,,0,30,,12769,2,,,0,70,,12770,2,,,0,30,,12771,2,,,0,70,,12772,2,,,0,29,,12773,2,,,0,70,,12774,2,,,0,29,,12775,2,,,0,70,,12776,2,,,0,30,,12777,2,,,0,70,,12778,2,,,0,30,,12779,2,,,0,70,,12780,2,,,0,31,,12781,2,,,0,70,,12782,2,,,0,31,,12783,2,,,0,70,,12784,2,,,0,30,,12785,2,,,0,70,,12786,2,,,0,30,,12787,2,,,0,70,,12788,2,,,0,30,,12789,2,,,0,70,,12790,2,,,0,30,,12791,2,,,0,70,,12792,2,,,0,30,,12793,2,,,0,100,,12794,2,,,0,100,,12795,2,,,0,100,,12796,2,,,0
4001,'4619',1506,,12674,2,,,0
4001,'5289',1446,,12675,2,,,0,60,,12676,2,,,0,101,,12677,2,,,0
4001,'5299',1506,,12797,2,,,0
4001,'5454',656,,12739,2,,,0,100,,12741,2,,,0,100,,12743,2,,,0,100,,12745,2,,,0,70,,12746,2,,,0,30,,12747,2,,,0,70,,12748,2,,,0,30,,12749,2,,,0,70,,12750,2,,,0,30,,12751,2,,,0,70,,12752,2,,,0,30,,12753,2,,,0,70,,12754,2,,,0,30,,12755,2,,,0,70,,12756,2,,,0,30,,12757,2,,,0,70,,12758,2,,,0,30,,12759,2,,,0,70,,12760,2,,,0,30,,12761,2,,,0,70,,12762,2,,,0,30,,12744,2,,,0,70,,12742,2,,,0,30,,12740,2,,,0
4001,'5568',1446,,12763,2,,,0,161,,12764,2,,,0
