2001,'4614',659,,10573,28,,,0,144,,10579,45,,,0,2,,10580,9,,,0,28,,10572,45,,,0,88,,10567,28,,,0,99,,10578,45,,,0,21,,10568,28,,,0,201,,10574,28,,,0,100,,10575,28,,,0,115,,10576,45,,,0,388,,10569,28,,,0,373,,10570,45,,,0,196,,10571,45,,,0
2001,'4616',849,,10602,45,,,0,97,,10597,28,,,0,100,,10601,28,,,0,100,,10598,28,,,0,101,,10591,28,,,0,100,,10600,28,,,0,100,,10604,28,,,0,100,,10594,28,,,0,99,,10599,28,,,0,100,,10595,28,,,0,99,,10592,28,,,0,174,,10603,45,,,0,200,,10596,45,,,0,195,,10593,45,,,0
2001,'5289',1647,,10581,28,,,0
2001,'5299',1547,,10584,28,,,0,200,,10582,28,,,0,271,,10583,45,,,0
2001,'5454',804,,11592,28,,,0,202,,10585,28,,,0,201,,10587,28,,,0,200,,10586,28,,,0,201,,10588,28,,,0,199,,10589,28,,,0
2001,'5567',1547,,10607,28,,,0,200,,10605,28,,,0,271,,10606,45,,,0
2001,'5568',1647,,10608,28,,,0
2001,'5608',1141,,10577,28,,,0
2001,'5611',1141,,11593,28,,,0
1002001,'4614',719,,11408,28,,,0,183,,11409,45,,,0,309,,11404,28,,,0,101,,11405,28,,,0,112,,11412,45,,,0,100,,11406,45,,,0,98,,11407,45,,,0,99,,11413,45,,,0,100,,11414,45,,,0,98,,11415,45,,,0,199,,11416,45,,,0,198,,11417,45,,,0
1002001,'4616',747,,11438,45,,,0,172,,11425,45,,,0,100,,11426,45,,,0,100,,11427,45,,,0,100,,11428,45,,,0,101,,11437,45,,,0,100,,11429,45,,,0,100,,11430,45,,,0,100,,11431,45,,,0,100,,11432,45,,,0,100,,11433,45,,,0,99,,11434,45,,,0,200,,11435,45,,,0,198,,11436,45,,,0
1002001,'5454',919,,11418,45,,,0,201,,11419,45,,,0,201,,11420,45,,,0,200,,11421,45,,,0,200,,11422,45,,,0,199,,11424,45,,,0,198,,11423,45,,,0
1002001,'5568',1111,,11740,28,,,0
1002001,'5602',1111,,11741,28,,,0
1002001,'5608',946,,11410,28,,,0
1002001,'5611',946,,11742,28,,,0
