2501,'4614',838,,10624,22,,,0,301,,11598,23,,,0,403,,11968,23,,,0,396,,10628,23,,,0,89,,11969,22,,,0
2501,'4616',1140,,10638,23,,,0,400,,10637,23,,,0,199,,10639,23,,,0,200,,10635,23,,,0
2501,'5454',836,,11597,22,,,0,304,,10631,23,,,0,400,,10632,23,,,0,199,,10634,23,,,0,200,,10633,23,,,0
2501,'5659',1318,,11967,22,,,0
2501,'5660',1318,,12534,22,,,0
2501,'5663',836,,12535,22,,,0
3000,'4614',658,,10665,18,,,0,55,,10669,18,,,0,16,,10661,18,,,0,99,,10668,18,,,0,31,,10662,18,,,0,70,,10640,18,,,0,30,,10641,18,,,0,172,,10644,18,,,0,70,,11602,18,,,0,30,,10646,18,,,0,70,,10648,18,,,0,30,,10649,18,,,0,103,,10647,18,,,0,70,,10651,18,,,0,31,,10666,18,,,0,71,,10652,18,,,0,29,,10667,18,,,0,69,,10653,18,,,0,198,,10656,18,,,0,99,,10657,18,,,0,199,,10659,18,,,0,59,,10660,18,,,0
3000,'4616',627,,10684,18,,,0,100,,10685,18,,,0,100,,10686,18,,,0,101,,10688,18,,,0,31,,10689,18,,,0,70,,10690,18,,,0,71,,10691,18,,,0,30,,10692,18,,,0,70,,10693,18,,,0,30,,10694,18,,,0,101,,10696,18,,,0,70,,10697,18,,,0,101,,10699,18,,,0,130,,10702,18,,,0,70,,10703,18,,,0,98,,10705,18,,,0,400,,10709,18,,,0,59,,10710,18,,,0
3000,'5454',759,,10672,18,,,0,342,,10675,18,,,0,101,,10676,18,,,0,201,,10678,18,,,0,100,,10679,18,,,0,200,,10681,18,,,0,100,,10682,18,,,0,98,,10683,18,,,0
3000,'5658',659,,11980,18,,,0,241,,11981,18,,,0,101,,11982,18,,,0,301,,11983,18,,,0,301,,11984,18,,,0
3000,'5659',628,,11977,18,,,0,115,,11979,18,,,0,16,,11978,18,,,0,270,,11971,18,,,0,71,,11972,18,,,0,301,,11973,18,,,0,333,,11974,18,,,0,69,,11975,18,,,0,297,,11976,18,,,0
3000,'5660',628,,12542,18,,,0,115,,12544,18,,,0,16,,12543,18,,,0,270,,12536,18,,,0,71,,12537,18,,,0,301,,12538,18,,,0,333,,12539,18,,,0,69,,12540,18,,,0,297,,12541,18,,,0
3000,'5661',659,,12545,18,,,0,241,,12546,18,,,0,101,,12547,18,,,0,301,,12548,18,,,0,301,,12549,18,,,0
3000,'5663',858,,12550,18,,,0,442,,12551,18,,,0,130,,12552,18,,,0,101,,12553,18,,,0,71,,12554,18,,,0,129,,12555,18,,,0,171,,12556,18,,,0,99,,12557,18,,,0,99,,12558,18,,,0
4001,'4614',1526,,12179,17,0,19 20 7,0
4001,'4619',1537,,12674,27,,,0
4001,'5289',1517,,12675,27,,,0,20,,12676,27,,,0,100,,12677,27,,,0
4001,'5658',719,,12185,27,,,0,102,,12187,27,,,0,101,,12189,27,,,0,100,,12191,27,,,0,30,,12192,27,,,0,70,,12193,27,,,0,31,,12194,27,,,0,71,,12195,27,,,0,30,,12196,27,,,0,70,,12197,27,,,0,31,,12198,27,,,0,68,,12199,27,,,0,30,,12200,27,,,0,70,,12201,27,,,0,30,,12202,27,,,0,70,,12203,27,,,0,30,,12204,27,,,0,70,,12205,27,,,0,29,,12206,27,,,0,70,,12207,27,,,0,30,,12208,27,,,0,70,,12190,27,,,0,29,,12188,27,,,0,70,,12186,27,,,0
4001,'5659',645,,12148,27,,,0,71,,12149,27,,,0,33,,12151,27,,,0,55,,12153,27,,,0,17,,12150,27,,,0,17,,12154,27,,,0,13,,12128,27,,,0,55,,12155,27,,,0,15,,12130,27,,,0,16,,12156,27,,,0,14,,12129,27,,,0,56,,12157,27,,,0,15,,12131,27,,,0,15,,12158,27,,,0,15,,12132,27,,,0,55,,12159,27,,,0,16,,12133,27,,,0,15,,12160,27,,,0,15,,12134,27,,,0,55,,12161,27,,,0,15,,12135,27,,,0,15,,12162,27,,,0,16,,12136,27,,,0,55,,12163,27,,,0,15,,12137,27,,,0,15,,12164,27,,,0,15,,12138,27,,,0,55,,12211,17,0,19 20 7,0,1,,12165,27,,,0,15,,12139,27,,,0,11,,12166,27,,,0,10,,12167,27,,,0,11,,12140,27,,,0,50,,12168,27,,,0,10,,12209,27,,,0,10,,12141,27,,,0,10,,12184,27,,,0,10,,12170,27,,,0,10,,12143,27,,,0,50,,12169,27,,,0,10,,12171,27,,,0,10,,12142,27,,,0,10,,12210,27,,,0,10,,12172,27,,,0,10,,12144,27,,,0,54,,12173,27,,,0,14,,12152,27,,,0,15,,12174,27,,,0,14,,12146,27,,,0,54,,12175,27,,,0,14,,12145,27,,,0,15,,12176,27,,,0,15,,12147,27,,,0,55,,12177,27,,,0,14,,12127,27,,,0,30,,12126,27,,,0,71,,12125,27,,,0,29,,12121,27,,,0,69,,12124,27,,,0,29,,12120,27,,,0,69,,12123,27,,,0,29,,12119,27,,,0,69,,12122,27,,,0,30,,12118,27,,,0,70,,12178,27,,,0
4001,'5660',645,,12708,27,,,0,71,,12709,27,,,0,33,,12711,27,,,0,55,,12713,27,,,0,17,,12710,27,,,0,17,,12714,27,,,0,13,,12688,27,,,0,55,,12715,27,,,0,15,,12690,27,,,0,16,,12716,27,,,0,14,,12689,27,,,0,56,,12717,27,,,0,15,,12691,27,,,0,15,,12718,27,,,0,15,,12692,27,,,0,55,,12719,27,,,0,16,,12693,27,,,0,15,,12720,27,,,0,15,,12694,27,,,0,55,,12721,27,,,0,15,,12695,27,,,0,15,,12722,27,,,0,16,,12696,27,,,0,55,,12723,27,,,0,15,,12697,27,,,0,15,,12724,27,,,0,15,,12698,27,,,0,56,,12725,27,,,0,15,,12699,27,,,0,11,,12726,27,,,0,10,,12727,27,,,0,11,,12700,27,,,0,50,,12728,27,,,0,20,,12701,27,,,0,20,,12730,27,,,0,10,,12703,27,,,0,50,,12729,27,,,0,10,,12731,27,,,0,10,,12702,27,,,0,20,,12732,27,,,0,10,,12704,27,,,0,54,,12733,27,,,0,14,,12712,27,,,0,15,,12734,27,,,0,14,,12706,27,,,0,54,,12735,27,,,0,14,,12705,27,,,0,15,,12736,27,,,0,15,,12707,27,,,0,55,,12737,27,,,0,14,,12687,27,,,0,30,,12686,27,,,0,71,,12685,27,,,0,29,,12681,27,,,0,69,,12684,27,,,0,29,,12680,27,,,0,69,,12683,27,,,0,29,,12679,27,,,0,69,,12682,27,,,0,30,,12678,27,,,0,70,,12738,27,,,0
4001,'5661',719,,12739,27,,,0,102,,12741,27,,,0,101,,12743,27,,,0,100,,12745,27,,,0,30,,12746,27,,,0,70,,12747,27,,,0,31,,12748,27,,,0,71,,12749,27,,,0,30,,12750,27,,,0,70,,12751,27,,,0,31,,12752,27,,,0,68,,12753,27,,,0,30,,12754,27,,,0,70,,12755,27,,,0,30,,12756,27,,,0,70,,12757,27,,,0,30,,12758,27,,,0,70,,12759,27,,,0,29,,12760,27,,,0,70,,12761,27,,,0,30,,12762,27,,,0,70,,12744,27,,,0,29,,12742,27,,,0,70,,12740,27,,,0
4001,'5662',1409,,12765,17,0,19 20 7,0,108,,12763,27,,,0,120,,12764,27,,,0
4001,'5663',720,,12766,27,,,0,102,,12767,27,,,0,30,,12768,27,,,0,71,,12769,27,,,0,30,,12770,27,,,0,70,,12771,27,,,0,30,,12772,27,,,0,71,,12773,27,,,0,30,,12774,27,,,0,70,,12775,27,,,0,30,,12776,27,,,0,70,,12777,27,,,0,30,,12778,27,,,0,70,,12779,27,,,0,30,,12780,27,,,0,70,,12781,27,,,0,30,,12782,27,,,0,71,,12783,27,,,0,30,,12784,27,,,0,69,,12785,27,,,0,30,,12786,27,,,0,69,,12787,27,,,0,29,,12788,27,,,0,70,,12789,27,,,0,30,,12790,27,,,0,70,,12791,27,,,0,29,,12792,27,,,0,70,,12793,27,,,0,98,,12794,27,,,0,99,,12795,27,,,0,100,,12796,27,,,0
4001,'5664',1537,,12797,27,,,0
