600,'4614',649,,11853,9,,,0,252,,10154,9,,,0,56,,11464,9,,,0,201,,10150,9,,,0,144,,10160,9,,,0,102,,10152,9,,,0,204,,10156,9,,,0,100,,10165,9,,,0,96,,10157,9,,,0,98,,10155,9,,,0,100,,10158,9,,,0,99,,10162,9,,,0,100,,10163,9,,,0,100,,10164,9,,,0
600,'4616',648,,10186,9,,,0,102,,10189,9,,,0,307,,10193,9,,,0,100,,10184,9,,,0,144,,10187,9,,,0,100,,10188,9,,,0,101,,10190,9,,,0,101,,10192,9,,,0,100,,10181,9,,,0,99,,10185,9,,,0,200,,10182,9,,,0,100,,10194,9,,,0,99,,11462,9,,,0,100,,10191,9,,,0
600,'5454',856,,10175,9,,,0,200,,10180,9,,,0,100,,10170,9,,,0,101,,10177,9,,,0,143,,10167,9,,,0,201,,10172,9,,,0,102,,10179,9,,,0,100,,10178,9,,,0,99,,10171,9,,,0
600,'5658',656,,11854,9,,,0,94,,11858,9,,,0,206,,11856,9,,,0,545,,11857,9,,,0,501,,11855,9,,,0
600,'5659',751,,11850,9,,,0,306,,11852,9,,,0,453,,11851,9,,,0
600,'5660',751,,12446,9,,,0,306,,12448,9,,,0,453,,12447,9,,,0
600,'5661',656,,12449,9,,,0,94,,12453,9,,,0,206,,12451,9,,,0,545,,12452,9,,,0,501,,12450,9,,,0
600,'5663',856,,12455,9,,,0,100,,12454,9,,,0,946,,12456,9,,,0
801,'4614',551,,11891,7,0,18,0,205,,10304,7,0,18,0,96,,11479,7,0,18,0,201,,10300,7,0,18,0,104,,10310,7,0,18,0,102,,10303,7,0,18,0,200,,10306,7,0,18,0,141,,10305,7,0,18,0,100,,10316,7,0,18,0,59,,10308,7,0,18,0,100,,10309,7,0,18,0,100,,10307,7,0,18,0,100,,10313,7,0,18,0,141,,10314,7,0,18,0,100,,10317,7,0,18,0
801,'4616',650,,10335,7,0,18,0,302,,10337,7,0,18,0,101,,10338,7,0,18,0,105,,10346,7,0,18,0,101,,10347,7,0,18,0,242,,10340,7,0,18,0,100,,10341,7,0,18,0,100,,10349,7,0,18,0,199,,10334,7,0,18,0,100,,10343,7,0,18,0,100,,11477,7,0,18,0,100,,10345,7,0,18,0
801,'5289',1519,,10319,7,0,18,0
801,'5454',752,,10325,7,0,18,0,200,,10323,7,0,18,0,101,,10327,7,0,18,0,206,,10328,7,0,18,0,242,,10322,7,0,18,0,100,,10333,7,0,18,0,100,,10320,7,0,18,0,100,,10321,7,0,18,0,99,,10331,7,0,18,0,100,,10330,7,0,18,0
801,'5568',1419,,10350,7,0,18,0
801,'5658',853,,11895,7,0,18,0,305,,11893,7,0,18,0,242,,11894,7,0,18,0
801,'5659',650,,11888,7,0,18,0,303,,11890,7,0,18,0,406,,11889,7,0,18,0
801,'5660',650,,12482,7,0,18,0,303,,12484,7,0,18,0,406,,12483,7,0,18,0
801,'5661',853,,12488,7,0,18,0,305,,12486,7,0,18,0,242,,12487,7,0,18,0
801,'5663',752,,12492,7,0,18,0,101,,12489,7,0,18,0,547,,12490,7,0,18,0,401,,12491,7,0,18,0
