801,'4614',600,,11891,18,0,18,0,137,,10318,3,0,18,0,70,,10304,18,0,18,0,96,,11479,18,0,18,0,200,,10300,18,0,18,0,107,,10310,18,0,18,0,102,,10303,18,0,18,0,201,,10306,18,0,18,0,101,,10305,18,0,18,0,100,,10316,18,0,18,0,99,,10308,18,0,18,0,99,,10309,18,0,18,0,100,,10307,18,0,18,0,100,,10313,18,0,18,0,99,,10314,18,0,18,0,100,,10317,18,0,18,0
801,'4616',659,,10335,18,0,18,0,343,,10337,18,0,18,0,101,,10338,18,0,18,0,107,,10346,18,0,18,0,102,,10347,18,0,18,0,202,,10340,18,0,18,0,100,,10341,18,0,18,0,100,,10349,18,0,18,0,199,,10334,18,0,18,0,100,,10343,18,0,18,0,99,,11477,18,0,18,0,99,,10345,18,0,18,0
801,'5289',1533,,10319,18,0,18,0
801,'5454',801,,10325,18,0,18,0,201,,10323,18,0,18,0,101,,10327,18,0,18,0,209,,10328,18,0,18,0,202,,10322,18,0,18,0,100,,10333,18,0,18,0,100,,10320,18,0,18,0,100,,10321,18,0,18,0,99,,10331,18,0,18,0,100,,10330,18,0,18,0
801,'5568',1433,,10350,18,0,18,0
801,'5658',659,,11892,3,0,18,0,243,,11895,18,0,18,0,308,,11893,18,0,18,0,203,,11894,18,0,18,0
801,'5659',659,,11888,18,0,18,0,344,,11890,18,0,18,0,410,,11889,18,0,18,0
801,'5660',659,,12482,18,0,18,0,344,,12484,18,0,18,0,410,,12483,18,0,18,0
801,'5661',659,,12485,3,0,18,0,243,,12488,18,0,18,0,308,,12486,18,0,18,0,203,,12487,18,0,18,0
801,'5663',801,,12492,18,0,18,0,101,,12489,18,0,18,0,511,,12490,18,0,18,0,401,,12491,18,0,18,0
