4000,'4614',705,,10853,48,,,0,18,,10879,48,,,0,88,,11643,48,,,0,131,,10831,48,,,0,15,,11644,48,,,0,99,,10860,48,,,0,201,,10864,48,,,0,261,,10841,48,,,0,522,,10827,48,,,0,70,,10825,48,,,0
4000,'4616',805,,10937,48,,,0,30,,10938,48,,,0,72,,10939,48,,,0,436,,10914,48,,,0,103,,10917,48,,,0,70,,11638,48,,,0,30,,10929,48,,,0,70,,10924,48,,,0,29,,10911,48,,,0
4000,'4619',1758,,12075,48,,,0
4000,'4931',1758,,12076,48,,,0
4000,'5454',1010,,10892,48,,,0,98,,10894,48,,,0,505,,10904,48,,,0,29,,10905,48,,,0
4000,'5658',735,,12077,48,,,0,100,,12079,48,,,0,101,,12081,48,,,0,102,,12082,48,,,0,101,,12083,48,,,0,71,,12084,48,,,0,30,,12085,48,,,0,71,,12086,48,,,0,32,,12087,48,,,0,70,,12088,48,,,0,30,,12089,48,,,0,72,,12090,48,,,0,28,,12091,48,,,0,169,,12092,48,,,0,30,,12093,48,,,0,68,,12094,48,,,0,30,,12095,48,,,0,70,,12096,48,,,0,29,,12078,48,,,0,69,,12080,48,,,0
4000,'5659',635,,12051,48,,,0,104,,12052,48,,,0,16,,12072,48,,,0,76,,12071,48,,,0,14,,12053,48,,,0,13,,12070,48,,,0,55,,12031,48,,,0,14,,12054,48,,,0,85,,12032,48,,,0,14,,12055,48,,,0,15,,12033,48,,,0,70,,12034,48,,,0,16,,12056,48,,,0,15,,12035,48,,,0,15,,12057,48,,,0,55,,12036,48,,,0,15,,12058,48,,,0,15,,12037,48,,,0,70,,12038,48,,,0,15,,12059,48,,,0,15,,12039,48,,,0,16,,12060,48,,,0,55,,12040,48,,,0,17,,12061,48,,,0,18,,12041,48,,,0,55,,12062,48,,,0,30,,12063,48,,,0,14,,12042,48,,,0,56,,12064,48,,,0,13,,12043,48,,,0,15,,12065,48,,,0,15,,12044,48,,,0,56,,12066,48,,,0,15,,12045,48,,,0,13,,12067,48,,,0,14,,12046,48,,,0,68,,12047,48,,,0,15,,12068,48,,,0,15,,12048,48,,,0,68,,12049,48,,,0,30,,12050,48,,,0,70,,12028,48,,,0,128,,12029,48,,,0,67,,12027,48,,,0,29,,12030,48,,,0,70,,12026,48,,,0,29,,12069,48,,,0
4000,'5660',635,,12609,48,,,0,104,,12610,48,,,0,16,,12630,48,,,0,76,,12629,48,,,0,14,,12611,48,,,0,13,,12628,48,,,0,55,,12589,48,,,0,14,,12612,48,,,0,85,,12590,48,,,0,14,,12613,48,,,0,15,,12591,48,,,0,70,,12592,48,,,0,16,,12614,48,,,0,15,,12593,48,,,0,15,,12615,48,,,0,55,,12594,48,,,0,15,,12616,48,,,0,15,,12595,48,,,0,70,,12596,48,,,0,15,,12617,48,,,0,15,,12597,48,,,0,16,,12618,48,,,0,55,,12598,48,,,0,17,,12619,48,,,0,18,,12599,48,,,0,55,,12620,48,,,0,30,,12621,48,,,0,14,,12600,48,,,0,56,,12622,48,,,0,13,,12601,48,,,0,15,,12623,48,,,0,15,,12602,48,,,0,56,,12624,48,,,0,15,,12603,48,,,0,13,,12625,48,,,0,14,,12604,48,,,0,68,,12605,48,,,0,15,,12626,48,,,0,15,,12606,48,,,0,68,,12607,48,,,0,30,,12608,48,,,0,70,,12586,48,,,0,128,,12587,48,,,0,67,,12585,48,,,0,29,,12588,48,,,0,70,,12584,48,,,0,29,,12627,48,,,0
4000,'5661',735,,12633,48,,,0,100,,12635,48,,,0,101,,12637,48,,,0,102,,12638,48,,,0,101,,12639,48,,,0,71,,12640,48,,,0,30,,12641,48,,,0,71,,12642,48,,,0,32,,12643,48,,,0,70,,12644,48,,,0,30,,12645,48,,,0,72,,12646,48,,,0,28,,12647,48,,,0,169,,12648,48,,,0,30,,12649,48,,,0,68,,12650,48,,,0,30,,12651,48,,,0,70,,12652,48,,,0,29,,12634,48,,,0,69,,12636,48,,,0
4000,'5663',705,,12672,48,,,0,232,,12673,48,,,0,72,,12661,48,,,0,31,,12658,48,,,0,70,,12656,48,,,0,32,,12665,48,,,0,70,,12671,48,,,0,31,,12653,48,,,0,70,,12657,48,,,0,102,,12667,48,,,0,300,,12659,48,,,0,28,,12660,48,,,0,70,,12664,48,,,0,30,,12662,48,,,0,70,,12666,48,,,0,29,,12669,48,,,0,69,,12655,48,,,0,29,,12663,48,,,0,99,,12668,48,,,0,99,,12654,48,,,0,97,,12670,48,,,0
