100,'4614',452,,11755,5,,,0,85,,12355,5,,,0,70,,12353,5,,,0,31,,9925,5,,,0,70,,9919,5,,,0,43,,9915,5,,,0,61,,9917,5,,,0,19,,12352,5,,,0,21,,9928,5,,,0,60,,11444,5,,,0,20,,9906,5,,,0,70,,12351,5,,,0,30,,9897,5,,,0,70,,9914,5,,,0,30,,9898,5,,,0,70,,9907,5,,,0,30,,9900,5,,,0,70,,9910,5,,,0,31,,9927,5,,,0,70,,12348,5,,,0,30,,12347,5,,,0,70,,12349,5,,,0,30,,12343,5,,,0,20,,9903,5,,,0,60,,9889,5,,,0,20,,9909,5,,,0,20,,9891,5,,,0,60,,9899,5,,,0,20,,9926,5,,,0,69,,12350,5,,,0,30,,9893,5,,,0,69,,9920,5,,,0,30,,12346,5,,,0,69,,12354,5,,,0,30,,9894,5,,,0,70,,9922,5,,,0,30,,12344,5,,,0,28,,9923,5,,,0,70,,12345,5,,,0,30,,9924,5,,,0,99,,9902,5,,,0
100,'4616',628,,9993,5,,,0,30,,9986,5,,,0,70,,12371,5,,,0,30,,12375,5,,,0,70,,12374,5,,,0,31,,9984,5,,,0,72,,9979,5,,,0,70,,9965,5,,,0,31,,12373,5,,,0,71,,12380,5,,,0,30,,9962,5,,,0,70,,9982,5,,,0,30,,12370,5,,,0,70,,12385,5,,,0,30,,9977,5,,,0,70,,12368,5,,,0,30,,12382,5,,,0,70,,12383,5,,,0,30,,12369,5,,,0,70,,12384,5,,,0,30,,11439,5,,,0,70,,9992,5,,,0,30,,9972,5,,,0,69,,9976,5,,,0,29,,12381,5,,,0,70,,9959,5,,,0,30,,9988,5,,,0,70,,12377,5,,,0,29,,12379,5,,,0,70,,12376,5,,,0,30,,12378,5,,,0,28,,9963,5,,,0,70,,12372,5,,,0,30,,9969,5,,,0,100,,9975,5,,,0
100,'5289',730,,12342,5,,,0
100,'5454',728,,9950,5,,,0,30,,12363,5,,,0,70,,9941,5,,,0,30,,12359,5,,,0,73,,9931,5,,,0,70,,12360,5,,,0,30,,12365,5,,,0,70,,9946,5,,,0,30,,9953,5,,,0,71,,12358,5,,,0,30,,9939,5,,,0,70,,9954,5,,,0,31,,9933,5,,,0,70,,12364,5,,,0,30,,9945,5,,,0,70,,12357,5,,,0,30,,9942,5,,,0,69,,12361,5,,,0,30,,12366,5,,,0,70,,9937,5,,,0,30,,9932,5,,,0,68,,9935,5,,,0,29,,9956,5,,,0,30,,12362,5,,,0,70,,12356,5,,,0,30,,9957,5,,,0,70,,9948,5,,,0,29,,9958,5,,,0
100,'5568',730,,12367,5,,,0
2500,'4614',739,,10609,4,0,5,0,288,,11595,4,,,0,193,,12532,4,0,5,0,211,,11965,4,,,0,402,,10613,4,,,0
2500,'4616',738,,12533,4,0,5,0,289,,10622,4,,,0,397,,10621,4,,,0,201,,10623,4,,,0,202,,10619,4,,,0
2500,'5454',738,,11594,4,0,5,0,289,,10615,4,,,0,397,,10616,4,,,0,201,,10618,4,,,0,202,,10617,4,,,0
3001,'4614',637,,10741,35,,,0,71,,10734,35,,,0,30,,12564,35,,,0,75,,10736,35,,,0,16,,10739,35,,,0,15,,10738,35,,,0,14,,12566,35,,,0,56,,10735,35,,,0,29,,12559,35,,,0,71,,12560,35,,,0,30,,10713,35,,,0,70,,11604,35,,,0,30,,10714,35,,,0,70,,10716,35,,,0,30,,10718,35,,,0,70,,10720,35,,,0,32,,12561,35,,,0,70,,10717,35,,,0,31,,10722,35,,,0,70,,10719,35,,,0,99,,10723,35,,,0,30,,12565,35,,,0,99,,12562,35,,,0,68,,10725,35,,,0,29,,10726,35,,,0,70,,10727,35,,,0,100,,12563,35,,,0,99,,10730,35,,,0,100,,10731,35,,,0,99,,10728,35,,,0,100,,10732,35,,,0
3001,'4616',742,,10757,35,,,0,100,,10758,35,,,0,100,,10759,35,,,0,71,,10760,35,,,0,30,,10761,35,,,0,70,,10762,35,,,0,30,,10763,35,,,0,71,,12572,35,,,0,30,,10765,35,,,0,70,,10766,35,,,0,30,,10767,35,,,0,70,,10768,35,,,0,30,,10769,35,,,0,70,,12573,35,,,0,30,,10771,35,,,0,70,,10772,35,,,0,30,,12574,35,,,0,69,,10774,35,,,0,31,,12575,35,,,0,68,,12576,35,,,0,30,,10777,35,,,0,70,,10778,35,,,0,100,,12577,35,,,0,100,,10780,35,,,0,99,,12578,35,,,0,99,,12579,35,,,0,99,,10783,35,,,0
3001,'5289',1547,,10743,35,,,0,168,,10742,35,,,0
3001,'5454',811,,12567,35,,,0,101,,12568,35,,,0,101,,10746,35,,,0,100,,10747,35,,,0,101,,12569,35,,,0,100,,10749,35,,,0,100,,10750,35,,,0,100,,12570,35,,,0,100,,10752,35,,,0,100,,10753,35,,,0,99,,12571,35,,,0,98,,10755,35,,,0,100,,10756,35,,,0
3001,'5568',1547,,10785,35,,,0,168,,10784,35,,,0
