2500,'4614',742,,10609,8,0,5,0,288,,11595,8,,,0,404,,11965,8,,,0,402,,10613,8,,,0
2500,'4616',1030,,10622,8,,,0,398,,10621,8,,,0,201,,10623,8,,,0,201,,10619,8,,,0
2500,'5454',741,,11594,8,0,5,0,289,,10615,8,,,0,398,,10616,8,,,0,201,,10618,8,,,0,201,,10617,8,,,0
2500,'5659',1223,,11964,8,0,5,0
2500,'5660',1223,,12532,8,0,5,0
2500,'5663',741,,12533,8,0,5,0
4000,'4614',645,,10853,26,,,0,55,,10879,26,,,0,38,,10880,26,0,6 7,0,7,,11643,26,,,0,13,,10884,26,0,6 7,0,67,,11648,26,0,6 7,0,92,,10831,26,,,0,15,,11644,26,,,0,99,,10860,26,,,0,200,,10864,26,,,0,218,,10841,26,,,0,567,,10827,26,,,0,30,,10825,26,,,0
4000,'4616',745,,10937,26,,,0,70,,10938,26,,,0,30,,10939,26,,,0,473,,10914,26,,,0,102,,10917,26,,,0,30,,11638,26,,,0,70,,10929,26,,,0,30,,10924,26,,,0,69,,10911,26,,,0
4000,'4619',1733,,12075,26,,,0
4000,'4931',1733,,12076,26,,,0
4000,'5454',947,,10892,26,,,0,99,,10894,26,,,0,502,,10904,26,,,0,70,,10905,26,,,0
4000,'5658',715,,12077,26,,,0,100,,12079,26,,,0,100,,12081,26,,,0,101,,12082,26,,,0,100,,12083,26,,,0,30,,12084,26,,,0,70,,12085,26,,,0,30,,12086,26,,,0,72,,12087,26,,,0,30,,12088,26,,,0,70,,12089,26,,,0,32,,12090,26,,,0,68,,12091,26,,,0,130,,12092,26,,,0,70,,12093,26,,,0,28,,12094,26,,,0,70,,12095,26,,,0,30,,12096,26,,,0,70,,12078,26,,,0,30,,12080,26,,,0
4000,'5659',615,,12051,26,,,0,100,,12052,26,,,0,15,,12072,26,,,0,24,,12073,26,0,6 7,0,49,,12071,26,,,0,7,,12074,26,0,6 7,0,7,,12053,26,,,0,15,,12070,26,,,0,15,,12031,26,,,0,55,,12054,26,,,0,45,,12032,26,,,0,54,,12055,26,,,0,15,,12033,26,,,0,30,,12034,26,,,0,55,,12056,26,,,0,15,,12035,26,,,0,15,,12057,26,,,0,15,,12036,26,,,0,55,,12058,26,,,0,15,,12037,26,,,0,30,,12038,26,,,0,55,,12059,26,,,0,15,,12039,26,,,0,15,,12060,26,,,0,15,,12040,26,,,0,57,,12061,26,,,0,16,,12041,26,,,0,15,,12062,26,,,0,70,,12063,26,,,0,15,,12042,26,,,0,16,,12064,26,,,0,14,,12043,26,,,0,55,,12065,26,,,0,15,,12044,26,,,0,15,,12066,26,,,0,15,,12045,26,,,0,55,,12067,26,,,0,14,,12046,26,,,0,29,,12047,26,,,0,55,,12068,26,,,0,15,,12048,26,,,0,29,,12049,26,,,0,70,,12050,26,,,0,30,,12028,26,,,0,170,,12029,26,,,0,29,,12027,26,,,0,70,,12030,26,,,0,30,,12026,26,,,0,69,,12069,26,,,0
4000,'5660',615,,12609,26,,,0,100,,12610,26,,,0,15,,12630,26,,,0,24,,12631,26,0,6 7,0,49,,12629,26,,,0,7,,12632,26,0,6 7,0,7,,12611,26,,,0,15,,12628,26,,,0,15,,12589,26,,,0,55,,12612,26,,,0,45,,12590,26,,,0,54,,12613,26,,,0,15,,12591,26,,,0,30,,12592,26,,,0,55,,12614,26,,,0,15,,12593,26,,,0,15,,12615,26,,,0,15,,12594,26,,,0,55,,12616,26,,,0,15,,12595,26,,,0,30,,12596,26,,,0,55,,12617,26,,,0,15,,12597,26,,,0,15,,12618,26,,,0,15,,12598,26,,,0,57,,12619,26,,,0,16,,12599,26,,,0,15,,12620,26,,,0,70,,12621,26,,,0,15,,12600,26,,,0,16,,12622,26,,,0,14,,12601,26,,,0,55,,12623,26,,,0,15,,12602,26,,,0,15,,12624,26,,,0,15,,12603,26,,,0,55,,12625,26,,,0,14,,12604,26,,,0,29,,12605,26,,,0,55,,12626,26,,,0,15,,12606,26,,,0,29,,12607,26,,,0,70,,12608,26,,,0,30,,12586,26,,,0,170,,12587,26,,,0,29,,12585,26,,,0,70,,12588,26,,,0,30,,12584,26,,,0,69,,12627,26,,,0
4000,'5661',715,,12633,26,,,0,100,,12635,26,,,0,100,,12637,26,,,0,101,,12638,26,,,0,100,,12639,26,,,0,30,,12640,26,,,0,70,,12641,26,,,0,30,,12642,26,,,0,72,,12643,26,,,0,30,,12644,26,,,0,70,,12645,26,,,0,32,,12646,26,,,0,68,,12647,26,,,0,130,,12648,26,,,0,70,,12649,26,,,0,28,,12650,26,,,0,70,,12651,26,,,0,30,,12652,26,,,0,70,,12634,26,,,0,30,,12636,26,,,0
4000,'5663',645,,12672,26,,,0,270,,12673,26,,,0,31,,12661,26,,,0,70,,12658,26,,,0,30,,12656,26,,,0,71,,12665,26,,,0,30,,12671,26,,,0,71,,12653,26,,,0,30,,12657,26,,,0,101,,12667,26,,,0,300,,12659,26,,,0,68,,12660,26,,,0,30,,12664,26,,,0,70,,12662,26,,,0,30,,12666,26,,,0,70,,12669,26,,,0,29,,12655,26,,,0,70,,12663,26,,,0,100,,12668,26,,,0,100,,12654,26,,,0,99,,12670,26,,,0
