9200,'4619',1400,,12873,1,,,0,2,,12318,1,,,0
9200,'5289',1510,,12874,1,,,0,2,,11283,1,,,0
9200,'5299',1417,,11286,1,,,0
9200,'5659',1415,,12321,1,,,0
9200,'5664',1415,,12875,1,,,0
1002000,'4614',620,,11370,11,,,0,111,,11371,11,,,0,190,,11372,11,,,0,100,,11738,11,,,0,201,,11739,11,,,0,100,,11367,11,,,0,102,,11373,11,,,0,105,,11369,11,,,0,186,,11374,11,,,0,331,,11375,11,,,0,199,,11376,11,,,0
1002000,'4616',615,,11389,11,,,0,200,,11388,11,,,0,200,,11391,11,,,0,101,,11392,11,,,0,100,,11393,11,,,0,200,,11395,11,,,0,100,,11400,11,,,0,100,,11396,11,,,0,98,,11397,11,,,0,135,,11398,11,,,0,197,,11399,11,,,0,199,,11387,11,,,0
1002000,'5299',1617,,11378,11,,,0,232,,11379,11,,,0
1002000,'5454',652,,11737,11,,,0,100,,11386,11,,,0,200,,11381,11,,,0,201,,11382,11,,,0,200,,11383,11,,,0,200,,11384,11,,,0,200,,11385,11,,,0
1002000,'5567',1617,,11402,11,,,0,232,,11403,11,,,0
1002000,'5659',817,,12333,11,,,0,304,,12331,11,,,0,391,,12332,11,,,0
1002000,'5660',817,,12882,11,,,0,304,,12880,11,,,0,391,,12881,11,,,0
1002000,'5663',715,,12885,11,,,0,200,,12883,11,,,0,401,,12884,11,,,0
