801,'4614',613,,11891,37,,,0,137,,10318,22,,,0,70,,10304,37,,,0,96,,11479,37,,,0,200,,10300,37,,,0,107,,10310,37,,,0,102,,10303,37,,,0,202,,10306,37,,,0,101,,10305,37,,,0,99,,10316,37,,,0,99,,10308,37,,,0,98,,10309,37,,,0,100,,10307,37,,,0,99,,10313,37,,,0,99,,10314,37,,,0,100,,10317,37,,,0
801,'4616',711,,10335,37,,,0,303,,10337,37,,,0,101,,10338,37,,,0,107,,10346,37,,,0,102,,10347,37,,,0,202,,10340,37,,,0,100,,10341,37,,,0,100,,10349,37,,,0,199,,10334,37,,,0,100,,10343,37,,,0,99,,11477,37,,,0,99,,10345,37,,,0
801,'5289',1547,,10319,37,0,24 25 26 7,0
801,'5454',813,,10325,37,,,0,201,,10323,37,,,0,101,,10327,37,,,0,209,,10328,37,,,0,202,,10322,37,,,0,100,,10333,37,,,0,100,,10320,37,,,0,100,,10321,37,,,0,99,,10331,37,,,0,100,,10330,37,,,0
801,'5568',1447,,10350,37,0,24 25 26 7,0
801,'5658',711,,11892,22,,,0,203,,11895,37,,,0,308,,11893,37,,,0,203,,11894,37,,,0
801,'5659',712,,11888,37,,,0,304,,11890,37,,,0,411,,11889,37,,,0
801,'5660',712,,12482,37,,,0,304,,12484,37,,,0,411,,12483,37,,,0
801,'5661',711,,12485,22,,,0,203,,12488,37,,,0,308,,12486,37,,,0,203,,12487,37,,,0
801,'5663',813,,12492,37,,,0,101,,12489,37,,,0,511,,12490,37,,,0,401,,12491,37,,,0
