4000,'4614',706,,10853,49,,,0,18,,10879,49,,,0,88,,11643,49,,,0,131,,10831,49,,,0,15,,11644,49,,,0,99,,10860,49,,,0,202,,10864,49,,,0,260,,10841,49,,,0,522,,10827,49,,,0,70,,10825,49,,,0
4000,'4616',806,,10937,49,,,0,30,,10938,49,,,0,72,,10939,49,,,0,436,,10914,49,,,0,103,,10917,49,,,0,70,,11638,49,,,0,30,,10929,49,,,0,70,,10924,49,,,0,29,,10911,49,,,0
4000,'4619',1759,,12075,49,,,0
4000,'4931',1759,,12076,49,,,0
4000,'5454',1011,,10892,49,,,0,98,,10894,49,,,0,505,,10904,49,,,0,29,,10905,49,,,0
4000,'5658',736,,12077,49,,,0,100,,12079,49,,,0,101,,12081,49,,,0,102,,12082,49,,,0,101,,12083,49,,,0,71,,12084,49,,,0,30,,12085,49,,,0,71,,12086,49,,,0,32,,12087,49,,,0,70,,12088,49,,,0,30,,12089,49,,,0,72,,12090,49,,,0,28,,12091,49,,,0,169,,12092,49,,,0,30,,12093,49,,,0,68,,12094,49,,,0,30,,12095,49,,,0,70,,12096,49,,,0,29,,12078,49,,,0,69,,12080,49,,,0
4000,'5659',636,,12051,49,,,0,104,,12052,49,,,0,16,,12072,49,,,0,76,,12071,49,,,0,14,,12053,49,,,0,13,,12070,49,,,0,55,,12031,49,,,0,14,,12054,49,,,0,85,,12032,49,,,0,14,,12055,49,,,0,15,,12033,49,,,0,70,,12034,49,,,0,16,,12056,49,,,0,15,,12035,49,,,0,15,,12057,49,,,0,55,,12036,49,,,0,15,,12058,49,,,0,16,,12037,49,,,0,70,,12038,49,,,0,15,,12059,49,,,0,15,,12039,49,,,0,56,,12060,49,,,0,15,,12040,49,,,0,17,,12061,49,,,0,17,,12041,49,,,0,55,,12062,49,,,0,30,,12063,49,,,0,14,,12042,49,,,0,56,,12064,49,,,0,13,,12043,49,,,0,15,,12065,49,,,0,15,,12044,49,,,0,56,,12066,49,,,0,15,,12045,49,,,0,14,,12067,49,,,0,13,,12046,49,,,0,68,,12047,49,,,0,15,,12068,49,,,0,15,,12048,49,,,0,68,,12049,49,,,0,30,,12050,49,,,0,70,,12028,49,,,0,128,,12029,49,,,0,67,,12027,49,,,0,29,,12030,49,,,0,70,,12026,49,,,0,29,,12069,49,,,0
4000,'5660',636,,12609,49,,,0,104,,12610,49,,,0,16,,12630,49,,,0,76,,12629,49,,,0,14,,12611,49,,,0,13,,12628,49,,,0,55,,12589,49,,,0,14,,12612,49,,,0,85,,12590,49,,,0,14,,12613,49,,,0,15,,12591,49,,,0,70,,12592,49,,,0,16,,12614,49,,,0,15,,12593,49,,,0,15,,12615,49,,,0,55,,12594,49,,,0,15,,12616,49,,,0,16,,12595,49,,,0,70,,12596,49,,,0,15,,12617,49,,,0,15,,12597,49,,,0,56,,12618,49,,,0,15,,12598,49,,,0,17,,12619,49,,,0,17,,12599,49,,,0,55,,12620,49,,,0,30,,12621,49,,,0,14,,12600,49,,,0,56,,12622,49,,,0,13,,12601,49,,,0,15,,12623,49,,,0,15,,12602,49,,,0,56,,12624,49,,,0,15,,12603,49,,,0,14,,12625,49,,,0,13,,12604,49,,,0,68,,12605,49,,,0,15,,12626,49,,,0,15,,12606,49,,,0,68,,12607,49,,,0,30,,12608,49,,,0,70,,12586,49,,,0,128,,12587,49,,,0,67,,12585,49,,,0,29,,12588,49,,,0,70,,12584,49,,,0,29,,12627,49,,,0
4000,'5661',736,,12633,49,,,0,100,,12635,49,,,0,101,,12637,49,,,0,102,,12638,49,,,0,101,,12639,49,,,0,71,,12640,49,,,0,30,,12641,49,,,0,71,,12642,49,,,0,32,,12643,49,,,0,70,,12644,49,,,0,30,,12645,49,,,0,72,,12646,49,,,0,28,,12647,49,,,0,169,,12648,49,,,0,30,,12649,49,,,0,68,,12650,49,,,0,30,,12651,49,,,0,70,,12652,49,,,0,29,,12634,49,,,0,69,,12636,49,,,0
4000,'5663',706,,12672,49,,,0,232,,12673,49,,,0,72,,12661,49,,,0,31,,12658,49,,,0,70,,12656,49,,,0,32,,12665,49,,,0,70,,12671,49,,,0,31,,12653,49,,,0,70,,12657,49,,,0,102,,12667,49,,,0,300,,12659,49,,,0,28,,12660,49,,,0,70,,12664,49,,,0,30,,12662,49,,,0,70,,12666,49,,,0,29,,12669,49,,,0,69,,12655,49,,,0,29,,12663,49,,,0,99,,12668,49,,,0,99,,12654,49,,,0,97,,12670,49,,,0
