3001,'4614',628,,10741,22,,,0,31,,10734,22,,,0,143,,10736,22,,,0,17,,10739,22,,,0,16,,10738,22,,,0,70,,10735,22,,,0,130,,10713,22,,,0,70,,11604,22,,,0,30,,10714,22,,,0,70,,10716,22,,,0,30,,10718,22,,,0,70,,10720,22,,,0,102,,10717,22,,,0,30,,10722,22,,,0,70,,10719,22,,,0,99,,10723,22,,,0,198,,10725,22,,,0,29,,10726,22,,,0,70,,10727,22,,,0,199,,10730,22,,,0,100,,10731,22,,,0,99,,10728,22,,,0,100,,10732,22,,,0
3001,'4616',733,,10757,22,,,0,100,,10758,22,,,0,100,,10759,22,,,0,71,,10760,22,,,0,30,,10761,22,,,0,70,,10762,22,,,0,30,,10763,22,,,0,101,,10765,22,,,0,70,,10766,22,,,0,30,,10767,22,,,0,70,,10768,22,,,0,30,,10769,22,,,0,100,,10771,22,,,0,70,,10772,22,,,0,99,,10774,22,,,0,129,,10777,22,,,0,70,,10778,22,,,0,200,,10780,22,,,0,298,,10783,22,,,0
3001,'5289',1537,,10743,22,,,0,169,,10742,22,,,0
3001,'5454',1004,,10746,22,,,0,100,,10747,22,,,0,201,,10749,22,,,0,100,,10750,22,,,0,200,,10752,22,,,0,100,,10753,22,,,0,197,,10755,22,,,0,100,,10756,22,,,0
3001,'5568',1537,,10785,22,,,0,169,,10784,22,,,0
3001,'5658',802,,12002,22,,,0,101,,12003,22,,,0,302,,12004,22,,,0,300,,12005,22,,,0,299,,12006,22,,,0
3001,'5659',729,,11999,22,,,0,120,,12001,22,,,0,85,,11994,22,,,0,71,,11995,22,,,0,332,,11996,22,,,0,299,,12000,22,,,0,100,,11997,22,,,0,267,,11998,22,,,0
3001,'5660',729,,12564,22,,,0,120,,12566,22,,,0,85,,12559,22,,,0,71,,12560,22,,,0,332,,12561,22,,,0,299,,12565,22,,,0,100,,12562,22,,,0,267,,12563,22,,,0
3001,'5661',802,,12567,22,,,0,101,,12568,22,,,0,302,,12569,22,,,0,300,,12570,22,,,0,299,,12571,22,,,0
3001,'5663',1205,,12572,22,,,0,300,,12573,22,,,0,130,,12574,22,,,0,100,,12575,22,,,0,68,,12576,22,,,0,200,,12577,22,,,0,199,,12578,22,,,0,99,,12579,22,,,0
