801,'4614',546,,11891,1,0,18,0,91,,11891,59,4,,0,114,,10304,1,0,18,0,66,,10318,44,4,,0,30,,10304,59,4,,0,96,,11479,59,4,,0,105,,10300,1,0,18,0,95,,10300,59,4,,0,9,,10310,1,0,18,0,96,,10310,59,4,,0,6,,10303,1,0,18,0,96,,10303,59,4,,0,103,,10306,1,0,18,0,100,,10306,59,4,,0,1,,10305,1,0,18,0,100,,10305,59,4,,0,1,,10316,1,0,18,0,96,,10316,59,4,,0,3,,10308,1,0,18,0,95,,10308,59,4,,0,5,,10309,1,0,18,0,93,,10309,59,4,,0,7,,10307,1,0,18,0,92,,10307,59,4,,0,8,,10313,1,0,18,0,91,,10313,59,4,,0,10,,10314,1,0,18,0,89,,10314,59,4,,0,11,,10317,1,0,18,0,88,,10317,59,4,,0
801,'4616',645,,10335,1,0,18,0,90,,10335,59,4,,0,212,,10337,1,0,18,0,93,,10337,59,4,,0,8,,10338,1,0,18,0,93,,10338,59,4,,0,12,,10346,1,0,18,0,93,,10346,59,4,,0,8,,10347,1,0,18,0,94,,10347,59,4,,0,108,,10340,1,0,18,0,94,,10340,59,4,,0,6,,10341,1,0,18,0,94,,10341,59,4,,0,6,,10349,1,0,18,0,93,,10349,59,4,,0,106,,10334,1,0,18,0,92,,10334,59,4,,0,8,,10343,1,0,18,0,92,,10343,59,4,,0,8,,11477,1,0,18,0,90,,11477,59,4,,0,10,,10345,1,0,18,0,89,,10345,59,4,,0
801,'5289',1513,,10319,1,0,18,0
801,'5454',747,,10325,1,0,18,0,90,,10325,59,4,,0,110,,10323,1,0,18,0,92,,10323,59,4,,0,9,,10327,1,0,18,0,92,,10327,59,4,,0,114,,10328,1,0,18,0,94,,10328,59,4,,0,108,,10322,1,0,18,0,93,,10322,59,4,,0,7,,10333,1,0,18,0,93,,10333,59,4,,0,7,,10320,1,0,18,0,93,,10320,59,4,,0,7,,10321,1,0,18,0,93,,10321,59,4,,0,6,,10331,1,0,18,0,92,,10331,59,4,,0,8,,10330,1,0,18,0,92,,10330,59,4,,0
801,'5568',1413,,10350,1,0,18,0
801,'5658',735,,11892,44,4,,0,113,,11895,1,0,18,0,91,,11895,59,4,,0,214,,11893,1,0,18,0,92,,11893,59,4,,0,110,,11894,1,0,18,0,94,,11894,59,4,,0
801,'5659',645,,11888,1,0,18,0,92,,11888,59,4,,0,211,,11890,1,0,18,0,95,,11890,59,4,,0,311,,11889,1,0,18,0,99,,11889,59,4,,0
801,'5660',645,,12482,1,0,18,0,92,,12482,59,4,,0,211,,12484,1,0,18,0,95,,12484,59,4,,0,311,,12483,1,0,18,0,99,,12483,59,4,,0
801,'5661',735,,12485,44,4,,0,113,,12488,1,0,18,0,91,,12488,59,4,,0,214,,12486,1,0,18,0,92,,12486,59,4,,0,110,,12487,1,0,18,0,94,,12487,59,4,,0
801,'5663',747,,12492,1,0,18,0,90,,12492,59,4,,0,11,,12489,1,0,18,0,91,,12489,59,4,,0,416,,12490,1,0,18,0,94,,12490,59,4,,0,307,,12491,1,0,18,0,93,,12491,59,4,,0
1500,'4614',921,,10456,18,4,,0,94,,10457,18,4,,0,30,,10461,18,4,,0,72,,10459,18,4,,0,31,,10460,18,4,,0,71,,10458,18,4,,0,103,,10465,18,4,,0,29,,10464,18,4,,0,74,,10463,18,4,,0,25,,10462,18,4,,0,401,,10466,18,4,,0,100,,10467,18,4,,0,99,,10468,18,4,,0
1500,'4616',944,,10494,18,4,,0,101,,10492,18,4,,0,105,,10488,18,4,,0,101,,10487,18,4,,0,101,,10485,18,4,,0,101,,10490,18,4,,0,100,,10491,18,4,,0,99,,10495,18,4,,0,200,,10483,18,4,,0,100,,10486,18,4,,0,100,,11584,18,4,,0
1500,'5454',744,,10477,18,4,,0,200,,10481,18,4,,0,101,,10474,18,4,,0,206,,10478,18,4,,0,100,,10470,18,4,,0,102,,10473,18,4,,0,100,,10469,18,4,,0,100,,10479,18,4,,0,100,,10480,18,4,,0,99,,10475,18,4,,0
1500,'5658',845,,11943,18,4,,0,305,,11942,18,4,,0,802,,11941,18,4,,0
1500,'5659',945,,11940,18,4,,0
1500,'5660',945,,12508,18,4,,0
1500,'5661',845,,12511,18,4,,0,305,,12510,18,4,,0,802,,12509,18,4,,0
1500,'5663',744,,12514,18,4,,0,101,,12513,18,4,,0,908,,12512,18,4,,0
1501,'4614',830,,10497,1,,,0,94,,10499,1,,,0,29,,10496,1,,,0,67,,10500,1,,,0,30,,11587,1,,,0,70,,10502,1,,,0,134,,10505,1,,,0,71,,10504,1,,,0,531,,10507,1,,,0,99,,10506,1,,,0,100,,10508,1,,,0
1501,'4616',744,,10528,1,,,0,106,,10532,1,,,0,102,,10529,1,,,0,100,,10526,1,,,0,99,,10530,1,,,0,101,,10527,1,,,0,101,,10525,1,,,0,100,,10520,1,,,0,202,,10523,1,,,0,100,,10533,1,,,0,100,,10524,1,,,0,100,,10521,1,,,0,100,,10531,1,,,0
1501,'5289',854,,12515,1,,,0
1501,'5454',951,,10518,1,,,0,201,,10514,1,,,0,100,,10511,1,,,0,100,,10519,1,,,0,100,,10512,1,,,0,202,,10510,1,,,0,101,,10517,1,,,0
1501,'5658',744,,11950,1,,,0,307,,11949,1,,,0,503,,11951,1,,,0,301,,11952,1,,,0
1501,'5659',854,,11953,1,,,0,296,,11947,1,,,0
1501,'5660',1150,,12516,1,,,0
1501,'5661',744,,12518,1,,,0,307,,12517,1,,,0,503,,12519,1,,,0,301,,12520,1,,,0
1501,'5662',854,,12521,1,,,0
1501,'5663',1554,,12522,1,,,0
1001500,'4614',748,,11343,23,4,,0,75,,11341,23,4,,0,428,,11345,23,4,,0,274,,11351,23,4,,0,26,,11347,23,4,,0,70,,11346,23,4,,0,31,,11348,23,4,,0,75,,11349,23,4,,0,24,,11350,23,4,,0
1001500,'5289',850,,12876,23,4,,0
1001500,'5659',707,,12326,23,4,,0,143,,12328,23,4,,0
1001500,'5660',707,,12877,23,4,,0
1001500,'5662',850,,12878,23,4,,0
1001501,'4614',740,,12329,1,,,0,482,,11354,1,,,0,133,,11355,1,,,0,75,,11356,1,,,0,70,,11357,1,,,0,30,,11358,1,,,0,76,,11359,1,,,0,29,,11360,1,,,0,70,,11361,1,,,0,30,,11363,1,,,0,70,,11362,1,,,0
1001501,'5659',710,,12330,1,,,0
1001501,'5660',710,,12879,1,,,0
