801,'4614',610,,11891,34,,,0,137,,10318,19,,,0,70,,10304,34,,,0,96,,11479,34,,,0,200,,10300,34,,,0,107,,10310,34,,,0,102,,10303,34,,,0,202,,10306,34,,,0,101,,10305,34,,,0,99,,10316,34,,,0,99,,10308,34,,,0,99,,10309,34,,,0,100,,10307,34,,,0,99,,10313,34,,,0,99,,10314,34,,,0,100,,10317,34,,,0
801,'4616',709,,10335,34,,,0,303,,10337,34,,,0,101,,10338,34,,,0,107,,10346,34,,,0,102,,10347,34,,,0,202,,10340,34,,,0,100,,10341,34,,,0,100,,10349,34,,,0,199,,10334,34,,,0,100,,10343,34,,,0,99,,11477,34,,,0,99,,10345,34,,,0
801,'5289',1544,,10319,34,0,24 25 26 7,0
801,'5454',811,,10325,34,,,0,201,,10323,34,,,0,101,,10327,34,,,0,209,,10328,34,,,0,202,,10322,34,,,0,100,,10333,34,,,0,100,,10320,34,,,0,100,,10321,34,,,0,99,,10331,34,,,0,100,,10330,34,,,0
801,'5568',1444,,10350,34,0,24 25 26 7,0
801,'5658',709,,11892,19,,,0,203,,11895,34,,,0,308,,11893,34,,,0,203,,11894,34,,,0
801,'5659',709,,11888,34,,,0,304,,11890,34,,,0,411,,11889,34,,,0
801,'5660',709,,12482,34,,,0,304,,12484,34,,,0,411,,12483,34,,,0
801,'5661',709,,12485,19,,,0,203,,12488,34,,,0,308,,12486,34,,,0,203,,12487,34,,,0
801,'5663',811,,12492,34,,,0,101,,12489,34,,,0,511,,12490,34,,,0,401,,12491,34,,,0
