2000,'4614',614,,10539,46,,,0,102,,10540,46,,,0,108,,10541,46,,,0,81,,10534,29,,,0,200,,10542,29,,,0,201,,10544,29,,,0,100,,10535,29,,,0,207,,10545,29,,,0,97,,10546,29,,,0,98,,10536,29,,,0,203,,10537,46,,,0,198,,10538,46,,,0
2000,'4616',905,,10562,29,,,0,202,,10563,29,,,0,200,,10555,29,,,0,100,,10557,29,,,0,101,,10565,29,,,0,100,,10558,29,,,0,100,,10556,29,,,0,97,,10560,29,,,0,207,,10559,46,,,0,198,,10564,46,,,0
2000,'5289',1005,,12524,29,,,0,201,,12523,29,,,0
2000,'5454',915,,10548,46,,,0,202,,10551,46,,,0,201,,10550,46,,,0,202,,10552,46,,,0,200,,10549,46,,,0,293,,10553,46,,,0
2000,'5659',1005,,11958,29,,,0,201,,11957,29,,,0
2000,'5662',1005,,12526,29,,,0,201,,12525,29,,,0
2000,'5663',805,,12529,29,,,0,201,,12528,29,,,0,201,,12527,29,,,0
1002000,'4614',635,,11370,35,,,0,113,,11371,35,,,0,189,,11372,35,,,0,100,,11738,35,,,0,214,,11739,52,,,0,87,,11367,35,,,0,120,,11373,52,,,0,143,,11369,52,,,0,144,,11374,52,,,0,367,,11375,52,,,0,199,,11376,52,,,0
1002000,'4616',642,,11389,52,,,0,201,,11388,52,,,0,200,,11391,52,,,0,101,,11392,52,,,0,100,,11393,52,,,0,201,,11395,52,,,0,100,,11400,52,,,0,100,,11396,52,,,0,98,,11397,52,,,0,174,,11398,52,,,0,196,,11399,52,,,0,198,,11387,52,,,0
1002000,'5299',1648,,11378,52,,,0,268,,11379,52,,,0
1002000,'5454',719,,11737,52,,,0,100,,11386,52,,,0,188,,11381,35,,,0,201,,11382,35,,,0,200,,11383,35,,,0,202,,11384,35,,,0,199,,11385,35,,,0
1002000,'5567',1648,,11402,52,,,0,268,,11403,52,,,0
1002000,'5659',849,,12333,52,,,0,288,,12331,35,,,0,395,,12332,35,,,0
1002000,'5660',849,,12882,52,,,0,288,,12880,35,,,0,395,,12881,35,,,0
1002000,'5663',743,,12885,52,,,0,200,,12883,52,,,0,401,,12884,52,,,0
