701,'4614',702,,10262,9,0,17,0,37,,11476,9,0,17,0,267,,10259,9,0,17,0,100,,10265,9,0,17,0,94,,10247,9,0,17,0,102,,11474,9,0,17,0,101,,10255,9,0,17,0,100,,10249,9,0,17,0,201,,10263,9,0,17,0,29,,10266,9,0,17,0,70,,10258,9,0,17,0,199,,10257,9,0,17,0,100,,10260,9,0,17,0,100,,10261,9,0,17,0,100,,10246,9,0,17,0
701,'4616',701,,10287,9,0,17,0,102,,10297,9,0,17,0,102,,10288,9,0,17,0,100,,10292,9,0,17,0,195,,10289,9,0,17,0,102,,10290,9,0,17,0,202,,10285,9,0,17,0,100,,10286,9,0,17,0,200,,10293,9,0,17,0,199,,10294,9,0,17,0
701,'5289',1604,,10267,9,0,17,0
701,'5454',905,,10280,9,0,17,0,100,,11473,9,0,17,0,195,,10272,9,0,17,0,102,,10271,9,0,17,0,101,,11472,9,0,17,0,101,,10269,9,0,17,0,100,,10281,9,0,17,0,200,,10276,9,0,17,0,99,,10270,9,0,17,0,100,,10268,9,0,17,0
701,'5568',1604,,10299,9,0,17,0
701,'5658',701,,11877,9,0,17,0,102,,11880,9,0,17,0,302,,11878,9,0,17,0,599,,11879,9,0,17,0
701,'5659',807,,11871,9,0,17,0,98,,11872,9,0,17,0,729,,11875,9,0,17,0,199,,11876,9,0,17,0,69,,11874,9,0,17,0
701,'5660',807,,12465,9,0,17,0,98,,12466,9,0,17,0,729,,12469,9,0,17,0,199,,12470,9,0,17,0,69,,12468,9,0,17,0
701,'5661',701,,12471,9,0,17,0,102,,12474,9,0,17,0,302,,12472,9,0,17,0,599,,12473,9,0,17,0
701,'5663',1105,,12475,9,0,17,0,298,,12476,9,0,17,0,301,,12481,9,0,17,0,199,,12477,9,0,17,0,200,,12479,9,0,17,0,99,,12478,9,0,17,0,100,,12480,9,0,17,0
