2001,'4614',652,,10573,16,,,0,87,,10579,16,0,9 10 11,0,70,,10572,16,0,9 10 11,0,105,,10567,16,,,0,45,,10578,16,0,9 10 11,0,75,,10568,16,,,0,100,,10577,16,,,0,101,,10574,16,,,0,100,,10575,16,,,0,97,,10576,16,0,9 10 11,0,406,,10569,16,,,0,320,,10570,16,0,9 10 11,0,198,,10571,16,0,9 10 11,0
2001,'5289',1640,,10581,16,,,0
2001,'5299',1540,,10584,16,,,0,200,,10582,16,,,0,218,,10583,16,0,9 10 11,0
2001,'5544',757,,10590,16,,,0,202,,10585,16,,,0,200,,10587,16,,,0,241,,10586,16,,,0,201,,10588,16,,,0,199,,10589,16,,,0
2001,'5547',828,,10602,16,0,9 10 11,0,110,,10597,16,,,0,100,,10601,16,,,0,100,,10598,16,,,0,101,,10591,16,,,0,100,,10600,16,,,0,100,,10604,16,,,0,101,,10594,16,,,0,99,,10599,16,,,0,100,,10595,16,,,0,99,,10592,16,,,0,120,,10603,16,0,9 10 11,0,200,,10596,16,0,9 10 11,0,198,,10593,16,0,9 10 11,0
2001,'5567',1540,,10607,16,,,0,200,,10605,16,,,0,218,,10606,16,0,9 10 11,0
2001,'5568',1640,,10608,16,,,0
1002001,'4614',712,,11408,16,,,0,127,,11409,16,,,0,100,,11410,16,,,0,165,,11411,16,,,0,100,,11404,16,,,0,101,,11405,16,,,0,95,,11412,16,,,0,100,,11406,16,,,0,100,,11407,16,,,0,100,,11413,16,,,0,100,,11414,16,,,0,58,,11415,16,,,0,200,,11416,16,,,0,199,,11417,16,,,0
1002001,'5544',858,,11418,16,,,0,201,,11419,16,,,0,241,,11420,16,,,0,200,,11421,16,,,0,200,,11422,16,,,0,159,,11424,16,,,0,199,,11423,16,,,0
1002001,'5547',727,,11438,16,,,0,131,,11425,16,,,0,100,,11426,16,,,0,100,,11427,16,,,0,100,,11428,16,,,0,101,,11437,16,,,0,100,,11429,16,,,0,100,,11430,16,,,0,100,,11431,16,,,0,100,,11432,16,,,0,100,,11433,16,,,0,99,,11434,16,,,0,200,,11435,16,,,0,199,,11436,16,,,0
