701,'4614',703,,10262,10,0,17,0,37,,11476,10,0,17,0,267,,10259,10,0,17,0,100,,10265,10,0,17,0,94,,10247,10,0,17,0,102,,11474,10,0,17,0,101,,10255,10,0,17,0,100,,10249,10,0,17,0,201,,10263,10,0,17,0,29,,10266,10,0,17,0,70,,10258,10,0,17,0,199,,10257,10,0,17,0,100,,10260,10,0,17,0,100,,10261,10,0,17,0,100,,10246,10,0,17,0
701,'4616',702,,10287,10,0,17,0,102,,10297,10,0,17,0,102,,10288,10,0,17,0,100,,10292,10,0,17,0,195,,10289,10,0,17,0,102,,10290,10,0,17,0,202,,10285,10,0,17,0,100,,10286,10,0,17,0,200,,10293,10,0,17,0,199,,10294,10,0,17,0
701,'5289',1605,,10267,10,0,17,0
701,'5454',906,,10280,10,0,17,0,100,,11473,10,0,17,0,195,,10272,10,0,17,0,102,,10271,10,0,17,0,101,,11472,10,0,17,0,101,,10269,10,0,17,0,100,,10281,10,0,17,0,200,,10276,10,0,17,0,99,,10270,10,0,17,0,100,,10268,10,0,17,0
701,'5568',1605,,10299,10,0,17,0
701,'5658',702,,11877,10,0,17,0,102,,11880,10,0,17,0,302,,11878,10,0,17,0,599,,11879,10,0,17,0
701,'5659',808,,11871,10,0,17,0,98,,11872,10,0,17,0,729,,11875,10,0,17,0,199,,11876,10,0,17,0,69,,11874,10,0,17,0
701,'5660',808,,12465,10,0,17,0,98,,12466,10,0,17,0,729,,12469,10,0,17,0,199,,12470,10,0,17,0,69,,12468,10,0,17,0
701,'5661',702,,12471,10,0,17,0,102,,12474,10,0,17,0,302,,12472,10,0,17,0,599,,12473,10,0,17,0
701,'5663',1106,,12475,10,0,17,0,298,,12476,10,0,17,0,301,,12481,10,0,17,0,199,,12477,10,0,17,0,200,,12479,10,0,17,0,99,,12478,10,0,17,0,100,,12480,10,0,17,0
