1501,'4614',848,,10497,13,,,0,93,,10499,13,,,0,69,,10496,13,,,0,27,,10500,13,,,0,70,,11587,13,,,0,30,,10502,13,,,0,70,,11947,13,,,0,104,,10505,13,,,0,31,,10504,13,,,0,569,,10507,13,,,0,99,,10506,13,,,0,100,,10508,13,,,0
1501,'4616',759,,10528,13,,,0,147,,10532,13,,,0,103,,10529,13,,,0,101,,10526,13,,,0,99,,10530,13,,,0,101,,10527,13,,,0,101,,10525,13,,,0,99,,10520,13,,,0,201,,10523,13,,,0,99,,10533,13,,,0,100,,10524,13,,,0,100,,10521,13,,,0,100,,10531,13,,,0
1501,'5289',911,,11948,13,,,0
1501,'5454',759,,11950,13,,,0,248,,10518,13,,,0,101,,11949,13,,,0,101,,10514,13,,,0,100,,10511,13,,,0,100,,10519,13,,,0,100,,10512,13,,,0,100,,11951,13,,,0,100,,10510,13,,,0,101,,10517,13,,,0,100,,11952,13,,,0
1501,'5568',911,,11953,13,,,0
1501,'5640',1610,,11954,13,,,0
3001,'4614',652,,10741,51,,,0,72,,10734,51,,,0,30,,11999,51,,,0,76,,10736,51,,,0,15,,10739,51,,,0,55,,10738,51,,,0,14,,12001,51,,,0,16,,10735,51,,,0,70,,11994,51,,,0,31,,11995,51,,,0,70,,10713,51,,,0,30,,11604,51,,,0,70,,10714,51,,,0,31,,10716,51,,,0,70,,10718,51,,,0,30,,10720,51,,,0,72,,11996,51,,,0,30,,10717,51,,,0,71,,10722,51,,,0,31,,10719,51,,,0,97,,10723,51,,,0,70,,12000,51,,,0,98,,11997,51,,,0,28,,10725,51,,,0,29,,10726,51,,,0,69,,10727,51,,,0,99,,11998,51,,,0,99,,10730,51,,,0,100,,10731,51,,,0,98,,10728,51,,,0,99,,10732,51,,,0
3001,'4616',757,,10757,51,,,0,101,,10758,51,,,0,100,,10759,51,,,0,72,,10760,51,,,0,70,,10761,51,,,0,30,,10762,51,,,0,70,,10763,51,,,0,101,,10765,51,,,0,30,,10766,51,,,0,70,,10767,51,,,0,30,,10768,51,,,0,70,,10769,51,,,0,100,,10771,51,,,0,29,,10772,51,,,0,98,,10774,51,,,0,128,,10777,51,,,0,70,,10778,51,,,0,200,,10780,51,,,0,296,,10783,51,,,0
3001,'5289',1605,,10743,51,,,0,126,,10742,51,,,0
3001,'5454',826,,12002,51,,,0,101,,12003,51,,,0,102,,10746,51,,,0,100,,10747,51,,,0,102,,12004,51,,,0,100,,10749,51,,,0,100,,10750,51,,,0,99,,12005,51,,,0,99,,10752,51,,,0,100,,10753,51,,,0,98,,12006,51,,,0,98,,10755,51,,,0,100,,10756,51,,,0
3001,'5568',1605,,10785,51,,,0,126,,10784,51,,,0
3001,'5640',1231,,12007,51,,,0,300,,12008,51,,,0,128,,12009,51,,,0,99,,12010,51,,,0,68,,12011,51,,,0,200,,12012,51,,,0,199,,12013,51,,,0,98,,12014,51,,,0
1001501,'4614',734,,12330,18,,,0,70,,12329,18,,,0,442,,11354,18,,,0,174,,11355,18,,,0,35,,11356,18,,,0,72,,11357,18,,,0,28,,11358,18,,,0,76,,11359,18,,,0,69,,11360,18,,,0,28,,11361,18,,,0,30,,11363,18,,,0,69,,11362,18,,,0
