2001,'4614',707,,10573,40,,,0,106,,10579,57,,,0,2,,10580,21,,,0,27,,10572,57,,,0,87,,10567,40,,,0,100,,10578,57,,,0,21,,10568,40,,,0,201,,10574,40,,,0,100,,10575,40,,,0,155,,10576,57,,,0,346,,10569,40,,,0,373,,10570,57,,,0,196,,10571,57,,,0
2001,'4616',857,,10602,57,,,0,97,,10597,40,,,0,100,,10601,40,,,0,100,,10598,40,,,0,101,,10591,40,,,0,100,,10600,40,,,0,100,,10604,40,,,0,100,,10594,40,,,0,98,,10599,40,,,0,100,,10595,40,,,0,99,,10592,40,,,0,174,,10603,57,,,0,200,,10596,57,,,0,194,,10593,57,,,0
2001,'5289',1655,,10581,40,,,0
2001,'5299',1556,,10584,40,,,0,198,,10582,40,,,0,271,,10583,57,,,0
2001,'5454',812,,11592,40,,,0,202,,10585,40,,,0,201,,10587,40,,,0,200,,10586,40,,,0,201,,10588,40,,,0,198,,10589,40,,,0
2001,'5567',1556,,10607,40,,,0,198,,10605,40,,,0,271,,10606,57,,,0
2001,'5568',1655,,10608,40,,,0
2001,'5608',1150,,10577,40,,,0
2001,'5611',1150,,11593,40,,,0
1002001,'4614',728,,11408,40,,,0,183,,11409,57,,,0,308,,11404,40,,,0,102,,11405,40,,,0,113,,11412,57,,,0,99,,11406,57,,,0,97,,11407,57,,,0,98,,11413,57,,,0,100,,11414,57,,,0,98,,11415,57,,,0,199,,11416,57,,,0,198,,11417,57,,,0
1002001,'4616',754,,11438,57,,,0,172,,11425,57,,,0,100,,11426,57,,,0,100,,11427,57,,,0,100,,11428,57,,,0,101,,11437,57,,,0,100,,11429,57,,,0,100,,11430,57,,,0,100,,11431,57,,,0,100,,11432,57,,,0,100,,11433,57,,,0,99,,11434,57,,,0,200,,11435,57,,,0,198,,11436,57,,,0
1002001,'5454',926,,11418,57,,,0,201,,11419,57,,,0,202,,11420,57,,,0,199,,11421,57,,,0,200,,11422,57,,,0,199,,11424,57,,,0,198,,11423,57,,,0
1002001,'5568',1119,,11740,40,,,0
1002001,'5602',1119,,11741,40,,,0
1002001,'5608',955,,11410,40,,,0
1002001,'5611',955,,11742,40,,,0
