2001,'4614',706,,10573,38,,,0,105,,10579,55,,,0,2,,10580,19,,,0,27,,10572,55,,,0,88,,10567,38,,,0,99,,10578,55,,,0,21,,10568,38,,,0,100,,10577,38,,,0,101,,10574,38,,,0,100,,10575,38,,,0,155,,10576,55,,,0,346,,10569,38,,,0,373,,10570,55,,,0,196,,10571,55,,,0
2001,'5289',1654,,10581,38,,,0
2001,'5299',1554,,10584,38,,,0,199,,10582,38,,,0,270,,10583,55,,,0
2001,'5544',810,,10590,38,,,0,202,,10585,38,,,0,201,,10587,38,,,0,200,,10586,38,,,0,201,,10588,38,,,0,199,,10589,38,,,0
2001,'5547',855,,10602,55,,,0,97,,10597,38,,,0,100,,10601,38,,,0,100,,10598,38,,,0,101,,10591,38,,,0,100,,10600,38,,,0,100,,10604,38,,,0,100,,10594,38,,,0,99,,10599,38,,,0,100,,10595,38,,,0,99,,10592,38,,,0,174,,10603,55,,,0,200,,10596,55,,,0,194,,10593,55,,,0
2001,'5567',1554,,10607,38,,,0,199,,10605,38,,,0,270,,10606,55,,,0
2001,'5568',1654,,10608,38,,,0
1002001,'4614',726,,11408,38,,,0,183,,11409,55,,,0,44,,11410,38,,,0,165,,11411,38,,,0,100,,11404,38,,,0,101,,11405,38,,,0,113,,11412,55,,,0,99,,11406,55,,,0,98,,11407,55,,,0,98,,11413,55,,,0,100,,11414,55,,,0,98,,11415,55,,,0,199,,11416,55,,,0,198,,11417,55,,,0
1002001,'5544',925,,11418,55,,,0,201,,11419,55,,,0,201,,11420,55,,,0,200,,11421,55,,,0,200,,11422,55,,,0,199,,11424,55,,,0,198,,11423,55,,,0
1002001,'5547',753,,11438,55,,,0,172,,11425,55,,,0,100,,11426,55,,,0,100,,11427,55,,,0,100,,11428,55,,,0,101,,11437,55,,,0,100,,11429,55,,,0,100,,11430,55,,,0,100,,11431,55,,,0,100,,11432,55,,,0,100,,11433,55,,,0,99,,11434,55,,,0,200,,11435,55,,,0,198,,11436,55,,,0
