4001,'4614',703,,12708,50,,,0,33,,12709,50,,,0,75,,12711,50,,,0,15,,12713,50,,,0,15,,12710,50,,,0,17,,12714,50,,,0,52,,12688,50,,,0,15,,12715,50,,,0,15,,12690,50,,,0,16,,12716,50,,,0,54,,12689,50,,,0,16,,12717,50,,,0,15,,12691,50,,,0,15,,12718,50,,,0,55,,12692,50,,,0,15,,12719,50,,,0,17,,12693,50,,,0,15,,12720,50,,,0,55,,12694,50,,,0,15,,12721,50,,,0,15,,12695,50,,,0,15,,12722,50,,,0,56,,12696,50,,,0,15,,12723,50,,,0,16,,12697,50,,,0,55,,12724,50,,,0,15,,12698,50,,,0,17,,12725,50,,,0,15,,12699,50,,,0,10,,12726,50,,,0,50,,12727,50,,,0,11,,12700,50,,,0,10,,12728,50,,,0,20,,12701,50,,,0,60,,12730,50,,,0,10,,12703,50,,,0,10,,12729,50,,,0,10,,12731,50,,,0,9,,12702,50,,,0,60,,12732,50,,,0,10,,12704,50,,,0,13,,12733,50,,,0,14,,12712,50,,,0,15,,12734,50,,,0,54,,12706,50,,,0,14,,12735,50,,,0,14,,12705,50,,,0,15,,12736,50,,,0,55,,12707,50,,,0,15,,12737,50,,,0,14,,12687,50,,,0,69,,12686,50,,,0,31,,12685,50,,,0,69,,12681,50,,,0,28,,12684,50,,,0,69,,12680,50,,,0,29,,12683,50,,,0,68,,12679,50,,,0,29,,12682,50,,,0,70,,12678,50,,,0,30,,12738,50,,,0
4001,'4616',738,,12766,50,,,0,103,,12767,50,,,0,71,,12768,50,,,0,31,,12769,50,,,0,71,,12770,50,,,0,30,,12771,50,,,0,70,,12772,50,,,0,31,,12773,50,,,0,70,,12774,50,,,0,30,,12775,50,,,0,70,,12776,50,,,0,30,,12777,50,,,0,70,,12778,50,,,0,30,,12779,50,,,0,70,,12780,50,,,0,30,,12781,50,,,0,70,,12782,50,,,0,30,,12783,50,,,0,70,,12784,50,,,0,28,,12785,50,,,0,70,,12786,50,,,0,29,,12787,50,,,0,69,,12788,50,,,0,30,,12789,50,,,0,69,,12790,50,,,0,30,,12791,50,,,0,69,,12792,50,,,0,30,,12793,50,,,0,98,,12794,50,,,0,99,,12795,50,,,0,99,,12796,50,,,0
4001,'4619',1558,,12674,50,,,0
4001,'5289',1538,,12675,50,,,0,20,,12676,50,,,0,99,,12677,50,,,0
4001,'5299',1558,,12797,50,,,0
4001,'5454',736,,12739,50,,,0,105,,12741,50,,,0,102,,12743,50,,,0,100,,12745,50,,,0,70,,12746,50,,,0,30,,12747,50,,,0,71,,12748,50,,,0,31,,12749,50,,,0,70,,12750,50,,,0,30,,12751,50,,,0,71,,12752,50,,,0,28,,12753,50,,,0,69,,12754,50,,,0,30,,12755,50,,,0,70,,12756,50,,,0,30,,12757,50,,,0,70,,12758,50,,,0,30,,12759,50,,,0,67,,12760,50,,,0,30,,12761,50,,,0,70,,12762,50,,,0,29,,12744,50,,,0,69,,12742,50,,,0,30,,12740,50,,,0
4001,'5568',1538,,12763,50,,,0,119,,12764,50,,,0
1002001,'4614',734,,11408,47,,,0,183,,11409,64,,,0,84,,11742,47,,,0,224,,11404,47,,,0,102,,11405,47,,,0,114,,12887,64,,,0,98,,11406,64,,,0,97,,11407,64,,,0,98,,11413,64,,,0,99,,11414,64,,,0,98,,11415,64,,,0,199,,11416,64,,,0,197,,11417,64,,,0
1002001,'4616',800,,11438,64,,,0,132,,12889,64,,,0,100,,11426,64,,,0,100,,12890,64,,,0,100,,11428,64,,,0,101,,11437,64,,,0,100,,11429,64,,,0,100,,11430,64,,,0,100,,11431,64,,,0,99,,11432,64,,,0,100,,11433,64,,,0,99,,11434,64,,,0,200,,11435,64,,,0,197,,11436,64,,,0
1002001,'5289',1125,,12886,47,,,0
1002001,'5454',932,,11418,64,,,0,201,,11419,64,,,0,202,,11420,64,,,0,199,,11421,64,,,0,200,,11422,64,,,0,199,,11424,64,,,0,198,,11423,64,,,0
1002001,'5568',1125,,12888,47,,,0
