3101,'4614',713,,12015,28,,,0,90,,10787,28,,,0,110,,10788,28,,,0,100,,12016,28,,,0,100,,11629,28,,,0,100,,12018,28,,,0,100,,11632,28,,,0,100,,11633,28,,,0,100,,12017,28,,,0,45,,12580,28,,,0,155,,12020,28,,,0,100,,12581,28,,,0,100,,12022,28,,,0,100,,12023,28,,,0
3101,'4616',713,,11609,28,,,0,100,,12582,28,,,0,100,,11615,28,,,0,100,,11616,28,,,0,100,,12583,28,,,0,100,,11607,28,,,0,100,,11610,28,,,0,100,,11606,28,,,0,100,,10811,28,,,0,100,,11611,28,,,0,100,,11608,28,,,0,100,,11612,28,,,0,100,,11617,28,,,0
3101,'5454',753,,11622,28,,,0,190,,11619,28,,,0,170,,11624,28,,,0,100,,11620,28,,,0,100,,10804,28,,,0,100,,11625,28,,,0,100,,11623,28,,,0,100,,11618,28,,,0,130,,11621,28,,,0,170,,11626,28,,,0
4001,'4614',704,,12708,52,,,0,34,,12709,52,,,0,75,,12711,52,,,0,15,,12713,52,,,0,15,,12710,52,,,0,57,,12714,52,,,0,12,,12688,52,,,0,15,,12715,52,,,0,15,,12690,52,,,0,16,,12716,52,,,0,54,,12689,52,,,0,16,,12717,52,,,0,15,,12691,52,,,0,15,,12718,52,,,0,55,,12692,52,,,0,15,,12719,52,,,0,17,,12693,52,,,0,55,,12720,52,,,0,15,,12694,52,,,0,15,,12721,52,,,0,15,,12695,52,,,0,55,,12722,52,,,0,16,,12696,52,,,0,15,,12723,52,,,0,16,,12697,52,,,0,55,,12724,52,,,0,15,,12698,52,,,0,18,,12725,52,,,0,15,,12699,52,,,0,50,,12726,52,,,0,10,,12727,52,,,0,11,,12700,52,,,0,10,,12728,52,,,0,20,,12701,52,,,0,59,,12730,52,,,0,10,,12703,52,,,0,10,,12729,52,,,0,10,,12731,52,,,0,9,,12702,52,,,0,60,,12732,52,,,0,10,,12704,52,,,0,13,,12733,52,,,0,14,,12712,52,,,0,55,,12734,52,,,0,14,,12706,52,,,0,14,,12735,52,,,0,14,,12705,52,,,0,15,,12736,52,,,0,55,,12707,52,,,0,15,,12737,52,,,0,14,,12687,52,,,0,69,,12686,52,,,0,31,,12685,52,,,0,68,,12681,52,,,0,28,,12684,52,,,0,69,,12680,52,,,0,29,,12683,52,,,0,68,,12679,52,,,0,29,,12682,52,,,0,70,,12678,52,,,0,30,,12738,52,,,0
4001,'4616',739,,12766,52,,,0,104,,12767,52,,,0,71,,12768,52,,,0,31,,12769,52,,,0,71,,12770,52,,,0,30,,12771,52,,,0,70,,12772,52,,,0,31,,12773,52,,,0,70,,12774,52,,,0,30,,12775,52,,,0,70,,12776,52,,,0,30,,12777,52,,,0,70,,12778,52,,,0,30,,12779,52,,,0,70,,12780,52,,,0,30,,12781,52,,,0,70,,12782,52,,,0,30,,12783,52,,,0,70,,12784,52,,,0,28,,12785,52,,,0,70,,12786,52,,,0,29,,12787,52,,,0,69,,12788,52,,,0,30,,12789,52,,,0,69,,12790,52,,,0,30,,12791,52,,,0,69,,12792,52,,,0,30,,12793,52,,,0,98,,12794,52,,,0,98,,12795,52,,,0,99,,12796,52,,,0
4001,'4619',1600,,12674,52,,,0
4001,'5289',1541,,12675,52,,,0,59,,12676,52,,,0,59,,12677,52,,,0
4001,'5299',1600,,12797,52,,,0
4001,'5454',737,,12739,52,,,0,106,,12741,52,,,0,102,,12743,52,,,0,100,,12745,52,,,0,70,,12746,52,,,0,30,,12747,52,,,0,71,,12748,52,,,0,31,,12749,52,,,0,70,,12750,52,,,0,30,,12751,52,,,0,71,,12752,52,,,0,28,,12753,52,,,0,69,,12754,52,,,0,30,,12755,52,,,0,70,,12756,52,,,0,30,,12757,52,,,0,70,,12758,52,,,0,30,,12759,52,,,0,67,,12760,52,,,0,30,,12761,52,,,0,70,,12762,52,,,0,29,,12744,52,,,0,69,,12742,52,,,0,30,,12740,52,,,0
4001,'5568',1541,,12763,52,,,0,118,,12764,52,,,0
1002001,'4614',735,,11408,49,,,0,183,,11409,66,,,0,84,,11742,49,,,0,224,,11404,49,,,0,102,,11405,49,,,0,114,,12887,66,,,0,98,,11406,66,,,0,97,,11407,66,,,0,98,,11413,66,,,0,99,,11414,66,,,0,98,,11415,66,,,0,199,,11416,66,,,0,197,,11417,66,,,0
1002001,'4616',801,,11438,66,,,0,132,,12889,66,,,0,100,,11426,66,,,0,100,,12890,66,,,0,100,,11428,66,,,0,101,,11437,66,,,0,100,,11429,66,,,0,100,,11430,66,,,0,100,,11431,66,,,0,99,,11432,66,,,0,100,,11433,66,,,0,99,,11434,66,,,0,200,,11435,66,,,0,197,,11436,66,,,0
1002001,'5289',1126,,12886,49,,,0
1002001,'5454',933,,11418,66,,,0,201,,11419,66,,,0,202,,11420,66,,,0,199,,11421,66,,,0,200,,11422,66,,,0,199,,11424,66,,,0,198,,11423,66,,,0
1002001,'5568',1126,,12888,49,,,0
