701,'4614',700,,10262,6,0,17,0,37,,11476,6,0,17,0,267,,10259,6,0,17,0,100,,10265,6,0,17,0,54,,10247,6,0,17,0,142,,11474,6,0,17,0,101,,10255,6,0,17,0,100,,10249,6,0,17,0,201,,10263,6,0,17,0,29,,10266,6,0,17,0,70,,10258,6,0,17,0,199,,10257,6,0,17,0,100,,10260,6,0,17,0,100,,10261,6,0,17,0,101,,10246,6,0,17,0
701,'4616',700,,10287,6,0,17,0,101,,10297,6,0,17,0,102,,10288,6,0,17,0,100,,10292,6,0,17,0,155,,10289,6,0,17,0,142,,10290,6,0,17,0,202,,10285,6,0,17,0,100,,10286,6,0,17,0,200,,10293,6,0,17,0,199,,10294,6,0,17,0
701,'5289',1602,,10267,6,0,17,0
701,'5454',903,,10280,6,0,17,0,100,,11473,6,0,17,0,155,,10272,6,0,17,0,142,,10271,6,0,17,0,101,,11472,6,0,17,0,101,,10269,6,0,17,0,100,,10281,6,0,17,0,200,,10276,6,0,17,0,99,,10270,6,0,17,0,100,,10268,6,0,17,0
701,'5568',1602,,10299,6,0,17,0
701,'5658',700,,11877,6,0,17,0,101,,11880,6,0,17,0,302,,11878,6,0,17,0,599,,11879,6,0,17,0
701,'5659',805,,11871,6,0,17,0,98,,11872,6,0,17,0,729,,11875,6,0,17,0,199,,11876,6,0,17,0,69,,11874,6,0,17,0
701,'5660',805,,12465,6,0,17,0,98,,12466,6,0,17,0,729,,12469,6,0,17,0,199,,12470,6,0,17,0,69,,12468,6,0,17,0
701,'5661',700,,12471,6,0,17,0,101,,12474,6,0,17,0,302,,12472,6,0,17,0,599,,12473,6,0,17,0
701,'5663',1103,,12475,6,0,17,0,298,,12476,6,0,17,0,301,,12481,6,0,17,0,199,,12477,6,0,17,0,200,,12479,6,0,17,0,99,,12478,6,0,17,0,100,,12480,6,0,17,0
