2000,'4614',605,,10539,34,0,9 12 2 5,0,102,,10540,34,0,9 12 2 5,0,106,,10541,34,0,9 12 2 5,0,1189,,10537,34,0,9 12 2 5,0,198,,10538,34,0,9 12 2 5,0
2000,'4616',2003,,10559,34,0,9 12 2 5,0,198,,10564,34,0,9 12 2 5,0
2000,'5454',908,,10548,34,0,9 12 2 5,0,202,,10551,34,0,9 12 2 5,0,201,,10550,34,0,9 12 2 5,0,202,,10552,34,0,9 12 2 5,0,200,,10549,34,0,9 12 2 5,0,293,,10553,34,0,9 12 2 5,0
2001,'4614',745,,10579,26,0,9 10 11,0,72,,10572,26,0,9 10 11,0,188,,10578,26,0,9 10 11,0,434,,10576,26,0,9 10 11,0,765,,10570,26,0,9 10 11,0,197,,10571,26,0,9 10 11,0
2001,'4616',2004,,10603,26,0,9 10 11,0,200,,10596,26,0,9 10 11,0,198,,10593,26,0,9 10 11,0
2001,'5299',2004,,10583,26,0,9 10 11,0
2001,'5567',2004,,10606,26,0,9 10 11,0
2001,'5663',834,,12531,26,0,9 10 11,0
7201,'4614',724,,11677,29,,,0,30,,11181,29,,,0,103,,11183,29,,,0,100,,11678,29,,,0,70,,11186,29,,,0,30,,11187,29,,,0,70,,11188,29,,,0,29,,11189,29,,,0,70,,11190,29,,,0,30,,11191,29,,,0,70,,11192,29,,,0,30,,11193,29,,,0,70,,11194,29,,,0,30,,11195,29,,,0,100,,11197,29,,,0,70,,11198,29,,,0,30,,11199,29,,,0,70,,11200,29,,,0,30,,11201,29,,,0,70,,11202,29,,,0,31,,11203,29,,,0,170,,11205,29,,,0,100,,11206,29,,,0,230,,11208,29,,,0
7201,'4616',727,,11228,29,,,0,100,,11229,29,,,0,100,,11230,29,,,0,100,,11232,29,,,0,730,,11247,29,,,0,100,,11249,29,,,0,370,,11225,29,,,0
7201,'5454',827,,11209,29,,,0,100,,11210,29,,,0,100,,11211,29,,,0,100,,11212,29,,,0,298,,11215,29,,,0,101,,11216,29,,,0,101,,11217,29,,,0,100,,11218,29,,,0
7201,'5658',1225,,12288,29,,,0,100,,12289,29,,,0,502,,12290,29,,,0,100,,12291,29,,,0,100,,12292,29,,,0
7201,'5659',824,,12283,29,,,0,103,,12284,29,,,0,599,,12285,29,,,0,401,,12286,29,,,0,300,,12287,29,,,0
7201,'5660',824,,12838,29,,,0,103,,12839,29,,,0,599,,12840,29,,,0,401,,12841,29,,,0,300,,12842,29,,,0
7201,'5661',1225,,12843,29,,,0,100,,12844,29,,,0,502,,12845,29,,,0,100,,12846,29,,,0,100,,12847,29,,,0
7201,'5663',957,,12853,29,,,0,100,,12854,29,,,0,70,,12855,29,,,0,29,,12856,29,,,0,70,,12857,29,,,0,30,,12858,29,,,0,70,,12859,29,,,0,30,,12860,29,,,0,70,,12861,29,,,0,31,,12862,29,,,0,70,,12863,29,,,0,30,,12864,29,,,0,70,,12865,29,,,0,30,,12866,29,,,0,70,,12867,29,,,0,100,,12868,29,,,0,100,,12848,29,,,0,100,,12849,29,,,0,100,,12850,29,,,0,200,,12851,29,,,0,100,,12852,29,,,0
1002000,'4614',1242,,11739,40,,,0,206,,11373,40,,,0,103,,11369,40,,,0,184,,11374,40,,,0,368,,11375,40,,,0,199,,11376,40,,,0
1002000,'4616',633,,11389,40,,,0,201,,11388,40,,,0,200,,11391,40,,,0,101,,11392,40,,,0,100,,11393,40,,,0,201,,11395,40,,,0,100,,11400,40,,,0,100,,11396,40,,,0,98,,11397,40,,,0,174,,11398,40,,,0,196,,11399,40,,,0,198,,11387,40,,,0
1002000,'5299',1638,,11378,40,,,0,269,,11379,40,,,0
1002000,'5454',710,,11737,40,,,0,100,,11386,40,,,0
1002000,'5567',1638,,11402,40,,,0,269,,11403,40,,,0
1002000,'5659',839,,12333,40,,,0
1002000,'5660',839,,12882,40,,,0
1002000,'5663',734,,12885,40,,,0,200,,12883,40,,,0,401,,12884,40,,,0
1002001,'4614',846,,11409,26,,,0,661,,11406,26,,,0,99,,11407,26,,,0,100,,11413,26,,,0,100,,11414,26,,,0,98,,11415,26,,,0,200,,11416,26,,,0,199,,11417,26,,,0
1002001,'4616',733,,11438,26,,,0,271,,11426,26,,,0,200,,11428,26,,,0,101,,11437,26,,,0,100,,11429,26,,,0,100,,11430,26,,,0,100,,11431,26,,,0,100,,11432,26,,,0,100,,11433,26,,,0,99,,11434,26,,,0,200,,11435,26,,,0,199,,11436,26,,,0
1002001,'5454',904,,11418,26,,,0,201,,11419,26,,,0,201,,11420,26,,,0,200,,11421,26,,,0,200,,11422,26,,,0,199,,11424,26,,,0,199,,11423,26,,,0
1002001,'5659',1406,,12337,26,,,0
1002001,'5660',1406,,12887,26,,,0
1002001,'5663',904,,12889,26,,,0,200,,12890,26,,,0
