2000,'4614',559,,10539,24,0,9 12 2 5,0,141,,10540,24,0,9 12 2 5,0,104,,10541,24,0,9 12 2 5,0,98,,10534,24,,,0,200,,10542,24,,,0,201,,10544,24,,,0,100,,10535,24,,,0,207,,10545,24,,,0,97,,10546,24,,,0,98,,10536,24,,,0,151,,10537,24,0,9 12 2 5,0,198,,10538,24,0,9 12 2 5,0
2000,'4616',902,,10562,24,,,0,202,,10563,24,,,0,200,,10555,24,,,0,100,,10557,24,,,0,101,,10565,24,,,0,100,,10558,24,,,0,100,,10556,24,,,0,97,,10560,24,,,0,155,,10559,24,0,9 12 2 5,0,198,,10564,24,0,9 12 2 5,0
2000,'5289',1002,,12524,24,,,0,201,,12523,24,,,0
2000,'5454',901,,10548,24,0,9 12 2 5,0,202,,10551,24,0,9 12 2 5,0,201,,10550,24,0,9 12 2 5,0,202,,10552,24,0,9 12 2 5,0,200,,10549,24,0,9 12 2 5,0,294,,10553,24,0,9 12 2 5,0
2000,'5659',1002,,11958,24,,,0,201,,11957,24,,,0
2000,'5662',1002,,12526,24,,,0,201,,12525,24,,,0
2000,'5663',802,,12529,24,,,0,201,,12528,24,,,0,201,,12527,24,,,0
9200,'4619',1415,,12873,20,,,0,2,,12318,20,,,0
9200,'5289',1524,,12874,20,,,0,2,,11283,20,,,0
9200,'5299',1433,,11286,20,,,0
9200,'5659',1431,,12321,20,,,0
9200,'5664',1431,,12875,20,,,0
1002000,'4614',632,,11370,30,,,0,113,,11371,30,,,0,189,,11372,30,,,0,100,,11738,30,,,0,201,,11739,30,,,0,100,,11367,30,,,0,104,,11373,30,,,0,105,,11369,30,,,0,185,,11374,30,,,0,328,,11375,30,,,0,199,,11376,30,,,0
1002000,'4616',627,,11389,30,,,0,200,,11388,30,,,0,200,,11391,30,,,0,101,,11392,30,,,0,100,,11393,30,,,0,201,,11395,30,,,0,100,,11400,30,,,0,100,,11396,30,,,0,98,,11397,30,,,0,175,,11398,30,,,0,156,,11399,30,,,0,198,,11387,30,,,0
1002000,'5299',1632,,11378,30,,,0,269,,11379,30,,,0
1002000,'5454',703,,11737,30,,,0,100,,11386,30,,,0,201,,11381,30,,,0,201,,11382,30,,,0,200,,11383,30,,,0,202,,11384,30,,,0,199,,11385,30,,,0
1002000,'5567',1632,,11402,30,,,0,269,,11403,30,,,0
1002000,'5659',831,,12333,30,,,0,303,,12331,30,,,0,394,,12332,30,,,0
1002000,'5660',831,,12882,30,,,0,303,,12880,30,,,0,394,,12881,30,,,0
1002000,'5663',727,,12885,30,,,0,200,,12883,30,,,0,401,,12884,30,,,0
