701,'4614',704,,10262,13,0,17,0,37,,11476,13,0,17,0,267,,10259,13,0,17,0,100,,10265,13,0,17,0,94,,10247,13,0,17,0,102,,11474,13,0,17,0,101,,10255,13,0,17,0,100,,10249,13,0,17,0,201,,10263,13,0,17,0,29,,10266,13,0,17,0,70,,10258,13,0,17,0,199,,10257,13,0,17,0,100,,10260,13,0,17,0,100,,10261,13,0,17,0,100,,10246,13,0,17,0
701,'4616',703,,10287,13,0,17,0,102,,10297,13,0,17,0,102,,10288,13,0,17,0,100,,10292,13,0,17,0,195,,10289,13,0,17,0,102,,10290,13,0,17,0,202,,10285,13,0,17,0,100,,10286,13,0,17,0,200,,10293,13,0,17,0,199,,10294,13,0,17,0
701,'5289',1606,,10267,13,0,17,0
701,'5454',907,,10280,13,0,17,0,100,,11473,13,0,17,0,195,,10272,13,0,17,0,102,,10271,13,0,17,0,101,,11472,13,0,17,0,101,,10269,13,0,17,0,100,,10281,13,0,17,0,200,,10276,13,0,17,0,99,,10270,13,0,17,0,100,,10268,13,0,17,0
701,'5568',1606,,10299,13,0,17,0
701,'5658',703,,11877,13,0,17,0,102,,11880,13,0,17,0,302,,11878,13,0,17,0,599,,11879,13,0,17,0
701,'5659',809,,11871,13,0,17,0,98,,11872,13,0,17,0,729,,11875,13,0,17,0,199,,11876,13,0,17,0,69,,11874,13,0,17,0
701,'5660',809,,12465,13,0,17,0,98,,12466,13,0,17,0,729,,12469,13,0,17,0,199,,12470,13,0,17,0,69,,12468,13,0,17,0
701,'5661',703,,12471,13,0,17,0,102,,12474,13,0,17,0,302,,12472,13,0,17,0,599,,12473,13,0,17,0
701,'5663',1107,,12475,13,0,17,0,298,,12476,13,0,17,0,301,,12481,13,0,17,0,199,,12477,13,0,17,0,200,,12479,13,0,17,0,99,,12478,13,0,17,0,100,,12480,13,0,17,0
