2000,'4614',554,,10539,14,0,9 12 2 5,0,100,,10540,14,0,9 12 2 5,0,102,,10541,14,0,9 12 2 5,0,100,,10534,14,,,0,200,,10542,14,,,0,201,,10544,14,,,0,100,,10535,14,,,0,246,,10545,14,,,0,97,,10546,14,,,0,59,,10536,14,,,0,191,,10537,14,0,9 12 2 5,0,199,,10538,14,0,9 12 2 5,0
2000,'4616',856,,10562,14,,,0,202,,10563,14,,,0,200,,10555,14,,,0,100,,10557,14,,,0,101,,10565,14,,,0,100,,10558,14,,,0,100,,10556,14,,,0,97,,10560,14,,,0,195,,10559,14,0,9 12 2 5,0,198,,10564,14,0,9 12 2 5,0
2000,'5289',956,,11956,14,,,0,201,,11955,14,,,0
2000,'5454',856,,10548,14,0,9 12 2 5,0,201,,10551,14,0,9 12 2 5,0,201,,10550,14,0,9 12 2 5,0,201,,10552,14,0,9 12 2 5,0,200,,10549,14,0,9 12 2 5,0,295,,10553,14,0,9 12 2 5,0
2000,'5568',956,,11958,14,,,0,201,,11957,14,,,0
2000,'5640',756,,11961,14,,,0,201,,11960,14,,,0,201,,11959,14,,,0
9200,'4619',1408,,12319,10,,,0,2,,12318,10,,,0
9200,'5289',1517,,12320,10,,,0,2,,11283,10,,,0
9200,'5299',1423,,12321,10,,,0,2,,11286,10,,,0
1002000,'4614',626,,11370,20,,,0,112,,11371,20,,,0,87,,12333,20,,,0,103,,11372,20,,,0,100,,11738,20,,,0,100,,12331,20,,,0,101,,11739,20,,,0,100,,11367,20,,,0,103,,11373,20,,,0,89,,12332,20,,,0,16,,11369,20,,,0,185,,11374,20,,,0,330,,11375,20,,,0,199,,11376,20,,,0
1002000,'4616',621,,11389,20,,,0,200,,11388,20,,,0,200,,11391,20,,,0,101,,11392,20,,,0,100,,11393,20,,,0,201,,11395,20,,,0,100,,11400,20,,,0,100,,11396,20,,,0,98,,11397,20,,,0,135,,11398,20,,,0,196,,11399,20,,,0,199,,11387,20,,,0
1002000,'5299',1625,,11378,20,,,0,230,,11379,20,,,0
1002000,'5454',658,,11737,20,,,0,100,,11386,20,,,0,200,,11381,20,,,0,201,,11382,20,,,0,200,,11383,20,,,0,241,,11384,20,,,0,200,,11385,20,,,0
1002000,'5567',1625,,11402,20,,,0,230,,11403,20,,,0
1002000,'5640',721,,12336,20,,,0,200,,12334,20,,,0,401,,12335,20,,,0
