7000,'4614',802,,11066,6,,,0,151,,11069,6,,,0,367,,11067,6,,,0,292,,11072,6,,,0,318,,11071,6,,,0
7000,'4616',950,,11083,6,,,0,361,,11081,6,,,0,309,,11082,6,,,0,131,,11080,6,,,0,186,,11084,6,,,0,207,,11086,6,,,0
7000,'4619',2037,,11074,6,,,0,106,,11073,6,,,0
7000,'5454',950,,11079,6,,,0,190,,11075,6,,,0,171,,11663,6,,,0,626,,11078,6,,,0
7000,'5658',1620,,12245,6,,,0
7000,'5659',652,,12243,6,,,0,1153,,12244,6,,,0
7000,'5660',652,,12798,6,,,0,1153,,12799,6,,,0
7000,'5661',1620,,12800,6,,,0
7000,'5663',847,,12802,6,,,0,293,,12801,6,,,0
7001,'4614',640,,11088,5,,,0,176,,11090,5,,,0,338,,11092,5,,,0,290,,11094,5,,,0,361,,11093,5,,,0
7001,'4616',820,,11105,5,,,0,304,,11103,5,,,0,316,,11104,5,,,0,178,,11102,5,,,0,201,,11106,5,,,0,205,,11108,5,,,0
7001,'4619',1913,,11095,5,,,0,112,,11096,5,,,0
7001,'5454',820,,11101,5,,,0,188,,11098,5,,,0,116,,11664,5,,,0,695,,11100,5,,,0
7001,'5658',1440,,12250,5,,,0
7001,'5659',533,,12248,5,,,0,1101,,12249,5,,,0
7001,'5660',533,,12803,5,,,0,1101,,12804,5,,,0
7001,'5661',1440,,12805,5,,,0
7001,'5663',723,,12807,5,,,0,285,,12806,5,,,0
