2000,'4614',550,,10539,7,0,9 12 2 5,0,100,,10540,7,0,9 12 2 5,0,101,,10541,7,0,9 12 2 5,0,100,,10534,7,,,0,200,,10542,7,,,0,201,,10544,7,,,0,100,,10535,7,,,0,206,,10545,7,,,0,97,,10546,7,,,0,99,,10536,7,,,0,192,,10537,7,0,9 12 2 5,0,199,,10538,7,0,9 12 2 5,0
2000,'4616',752,,11961,7,,,0,100,,10562,7,,,0,101,,11960,7,,,0,100,,10563,7,,,0,100,,11959,7,,,0,100,,10555,7,,,0,100,,10557,7,,,0,101,,10565,7,,,0,100,,10558,7,,,0,100,,10556,7,,,0,97,,10560,7,,,0,195,,10559,7,0,9 12 2 5,0,199,,10564,7,0,9 12 2 5,0
2000,'5289',951,,11956,7,,,0,201,,11955,7,,,0
2000,'5454',852,,10548,7,0,9 12 2 5,0,201,,10551,7,0,9 12 2 5,0,200,,10550,7,0,9 12 2 5,0,201,,10552,7,0,9 12 2 5,0,200,,10549,7,0,9 12 2 5,0,295,,10553,7,0,9 12 2 5,0
2000,'5568',951,,11958,7,,,0,201,,11957,7,,,0
9200,'4619',1401,,12319,3,,,0,2,,12318,3,,,0
9200,'5289',1511,,12320,3,,,0,2,,11283,3,,,0
9200,'5299',1416,,12321,3,,,0,2,,11286,3,,,0
1002000,'4614',621,,11370,13,,,0,111,,11371,13,,,0,87,,12333,13,,,0,103,,11372,13,,,0,100,,11738,13,,,0,100,,12331,13,,,0,101,,11739,13,,,0,100,,11367,13,,,0,103,,11373,13,,,0,89,,12332,13,,,0,16,,11369,13,,,0,185,,11374,13,,,0,331,,11375,13,,,0,199,,11376,13,,,0
1002000,'4616',616,,11389,13,,,0,100,,12336,13,,,0,100,,11388,13,,,0,100,,12334,13,,,0,100,,11391,13,,,0,101,,11392,13,,,0,100,,11393,13,,,0,100,,12335,13,,,0,100,,11395,13,,,0,100,,11400,13,,,0,100,,11396,13,,,0,98,,11397,13,,,0,135,,11398,13,,,0,197,,11399,13,,,0,199,,11387,13,,,0
1002000,'5299',1619,,11378,13,,,0,231,,11379,13,,,0
1002000,'5454',653,,11737,13,,,0,100,,11386,13,,,0,200,,11381,13,,,0,201,,11382,13,,,0,200,,11383,13,,,0,200,,11384,13,,,0,200,,11385,13,,,0
1002000,'5567',1619,,11402,13,,,0,231,,11403,13,,,0
