701,'4614',714,,10262,24,,,0,37,,11476,24,,,0,267,,10259,24,,,0,100,,10265,24,,,0,96,,10247,24,,,0,103,,11474,24,,,0,101,,10255,24,,,0,100,,10249,24,,,0,201,,10263,24,,,0,28,,10266,24,,,0,70,,10258,24,,,0,199,,10257,24,,,0,100,,10260,24,,,0,100,,10261,24,,,0,100,,10246,24,,,0
701,'4616',713,,10287,24,,,0,102,,10297,24,,,0,102,,10288,24,,,0,100,,10292,24,,,0,197,,10289,24,,,0,102,,10290,24,,,0,202,,10285,24,,,0,100,,10286,24,,,0,200,,10293,24,,,0,199,,10294,24,,,0
701,'5289',1619,,10267,24,,,0
701,'5454',917,,10280,24,,,0,100,,11473,24,,,0,197,,10272,24,,,0,102,,10271,24,,,0,101,,11472,24,,,0,101,,10269,24,,,0,100,,10281,24,,,0,200,,10276,24,,,0,99,,10270,24,,,0,100,,10268,24,,,0
701,'5568',1619,,10299,24,,,0
701,'5658',713,,11877,24,,,0,102,,11880,24,,,0,302,,11878,24,,,0,601,,11879,24,,,0
701,'5659',615,,11873,11,,,0,206,,11871,24,,,0,97,,11872,24,,,0,731,,11875,24,,,0,198,,11876,24,,,0,69,,11874,24,,,0
701,'5660',615,,12467,11,,,0,206,,12465,24,,,0,97,,12466,24,,,0,731,,12469,24,,,0,198,,12470,24,,,0,69,,12468,24,,,0
701,'5661',713,,12471,24,,,0,102,,12474,24,,,0,302,,12472,24,,,0,601,,12473,24,,,0
701,'5663',1117,,12475,24,,,0,300,,12476,24,,,0,301,,12481,24,,,0,199,,12477,24,,,0,200,,12479,24,,,0,99,,12478,24,,,0,100,,12480,24,,,0
