501,'4614',757,,10111,15,0,8,0,71,,10118,15,0,8,0,99,,10100,15,0,8,0,100,,10117,15,0,8,0,100,,10105,15,0,8,0,188,,10103,15,0,8,0,101,,10110,15,0,8,0,95,,10101,15,0,8,0,214,,10116,15,0,8,0,96,,10108,15,0,8,0,98,,10106,15,0,8,0,299,,10112,15,0,8,0,137,,10115,3,0,8,0
501,'4616',723,,10134,15,0,8,0,200,,10148,15,0,8,0,100,,10133,15,0,8,0,101,,10135,15,0,8,0,103,,10136,15,0,8,0,100,,10137,15,0,8,0,101,,10138,15,0,8,0,300,,10141,15,0,8,0,490,,10145,15,0,8,0,99,,10147,15,0,8,0
501,'5454',1124,,10120,15,0,8,0,100,,10121,15,0,8,0,100,,10127,15,0,8,0,100,,10122,15,0,8,0,100,,10132,15,0,8,0,295,,10129,15,0,8,0,100,,10126,15,0,8,0,115,,10124,15,0,8,0
501,'5658',823,,11842,15,0,8,0,100,,11838,15,0,8,0,100,,11839,15,0,8,0,601,,11841,15,0,8,0,100,,11840,15,0,8,0
501,'5659',615,,11832,3,0,8,0,110,,11837,15,0,8,0,504,,11831,15,0,8,0,397,,11833,15,0,8,0,392,,11834,15,0,8,0,100,,11835,15,0,8,0,199,,11836,15,0,8,0
501,'5660',615,,12428,3,0,8,0,110,,12433,15,0,8,0,504,,12427,15,0,8,0,397,,12429,15,0,8,0,392,,12430,15,0,8,0,100,,12431,15,0,8,0,199,,12432,15,0,8,0
501,'5661',823,,12438,15,0,8,0,100,,12434,15,0,8,0,100,,12435,15,0,8,0,601,,12437,15,0,8,0,100,,12436,15,0,8,0
501,'5663',1528,,12439,15,0,8,0,101,,12440,15,0,8,0,190,,12445,15,0,8,0,100,,12441,15,0,8,0,100,,12442,15,0,8,0,99,,12443,15,0,8,0,238,,12444,3,0,8,0
1501,'4614',833,,10497,3,,,0,94,,10499,3,,,0,29,,10496,3,,,0,67,,10500,3,,,0,30,,11587,3,,,0,70,,10502,3,,,0,134,,10505,3,,,0,71,,10504,3,,,0,531,,10507,3,,,0,99,,10506,3,,,0,100,,10508,3,,,0
1501,'4616',747,,10528,3,,,0,106,,10532,3,,,0,102,,10529,3,,,0,100,,10526,3,,,0,99,,10530,3,,,0,101,,10527,3,,,0,101,,10525,3,,,0,100,,10520,3,,,0,202,,10523,3,,,0,100,,10533,3,,,0,100,,10524,3,,,0,100,,10521,3,,,0,100,,10531,3,,,0
1501,'5289',857,,12515,3,,,0
1501,'5454',954,,10518,3,,,0,201,,10514,3,,,0,100,,10511,3,,,0,100,,10519,3,,,0,100,,10512,3,,,0,202,,10510,3,,,0,101,,10517,3,,,0
1501,'5658',747,,11950,3,,,0,307,,11949,3,,,0,503,,11951,3,,,0,301,,11952,3,,,0
1501,'5659',857,,11953,3,,,0,296,,11947,3,,,0
1501,'5660',1153,,12516,3,,,0
1501,'5661',747,,12518,3,,,0,307,,12517,3,,,0,503,,12519,3,,,0,301,,12520,3,,,0
1501,'5662',857,,12521,3,,,0
1501,'5663',1557,,12522,3,,,0
4001,'4614',1511,,12179,4,0,19 20 7,0
4001,'4619',1522,,12674,14,,,0
4001,'5289',1502,,12675,14,,,0,20,,12676,14,,,0,101,,12677,14,,,0
4001,'5658',708,,12185,14,,,0,102,,12187,14,,,0,100,,12189,14,,,0,100,,12191,14,,,0,30,,12192,14,,,0,70,,12193,14,,,0,31,,12194,14,,,0,70,,12195,14,,,0,30,,12196,14,,,0,70,,12197,14,,,0,30,,12198,14,,,0,70,,12199,14,,,0,30,,12200,14,,,0,70,,12201,14,,,0,30,,12202,14,,,0,70,,12203,14,,,0,30,,12204,14,,,0,70,,12205,14,,,0,30,,12206,14,,,0,70,,12207,14,,,0,30,,12208,14,,,0,70,,12190,14,,,0,30,,12188,14,,,0,70,,12186,14,,,0
4001,'5659',634,,12148,14,,,0,71,,12149,14,,,0,31,,12151,14,,,0,15,,12153,14,,,0,56,,12150,14,,,0,17,,12154,14,,,0,14,,12128,14,,,0,16,,12155,14,,,0,55,,12130,14,,,0,16,,12156,14,,,0,15,,12129,14,,,0,15,,12157,14,,,0,55,,12131,14,,,0,15,,12158,14,,,0,15,,12132,14,,,0,15,,12159,14,,,0,55,,12133,14,,,0,15,,12160,14,,,0,15,,12134,14,,,0,15,,12161,14,,,0,55,,12135,14,,,0,15,,12162,14,,,0,15,,12136,14,,,0,15,,12163,14,,,0,55,,12137,14,,,0,15,,12164,14,,,0,15,,12138,14,,,0,15,,12211,4,0,19 20 7,0,1,,12165,14,,,0,55,,12139,14,,,0,11,,12166,14,,,0,10,,12167,14,,,0,10,,12140,14,,,0,10,,12168,14,,,0,50,,12209,14,,,0,10,,12141,14,,,0,10,,12184,14,,,0,10,,12170,14,,,0,11,,12143,14,,,0,10,,12169,14,,,0,50,,12171,14,,,0,10,,12142,14,,,0,10,,12210,14,,,0,10,,12172,14,,,0,10,,12144,14,,,0,14,,12173,14,,,0,55,,12152,14,,,0,15,,12174,14,,,0,15,,12146,14,,,0,14,,12175,14,,,0,55,,12145,14,,,0,15,,12176,14,,,0,15,,12147,14,,,0,15,,12177,14,,,0,54,,12127,14,,,0,30,,12126,14,,,0,71,,12125,14,,,0,29,,12121,14,,,0,69,,12124,14,,,0,30,,12120,14,,,0,69,,12123,14,,,0,30,,12119,14,,,0,69,,12122,14,,,0,30,,12118,14,,,0,70,,12178,14,,,0
4001,'5660',634,,12708,14,,,0,71,,12709,14,,,0,31,,12711,14,,,0,15,,12713,14,,,0,56,,12710,14,,,0,17,,12714,14,,,0,14,,12688,14,,,0,16,,12715,14,,,0,55,,12690,14,,,0,16,,12716,14,,,0,15,,12689,14,,,0,15,,12717,14,,,0,55,,12691,14,,,0,15,,12718,14,,,0,15,,12692,14,,,0,15,,12719,14,,,0,55,,12693,14,,,0,15,,12720,14,,,0,15,,12694,14,,,0,15,,12721,14,,,0,55,,12695,14,,,0,15,,12722,14,,,0,15,,12696,14,,,0,15,,12723,14,,,0,55,,12697,14,,,0,15,,12724,14,,,0,15,,12698,14,,,0,16,,12725,14,,,0,55,,12699,14,,,0,11,,12726,14,,,0,10,,12727,14,,,0,10,,12700,14,,,0,10,,12728,14,,,0,60,,12701,14,,,0,20,,12730,14,,,0,11,,12703,14,,,0,10,,12729,14,,,0,50,,12731,14,,,0,10,,12702,14,,,0,20,,12732,14,,,0,10,,12704,14,,,0,14,,12733,14,,,0,55,,12712,14,,,0,15,,12734,14,,,0,15,,12706,14,,,0,14,,12735,14,,,0,55,,12705,14,,,0,15,,12736,14,,,0,15,,12707,14,,,0,15,,12737,14,,,0,54,,12687,14,,,0,30,,12686,14,,,0,71,,12685,14,,,0,29,,12681,14,,,0,69,,12684,14,,,0,30,,12680,14,,,0,69,,12683,14,,,0,30,,12679,14,,,0,69,,12682,14,,,0,30,,12678,14,,,0,70,,12738,14,,,0
4001,'5661',708,,12739,14,,,0,102,,12741,14,,,0,100,,12743,14,,,0,100,,12745,14,,,0,30,,12746,14,,,0,70,,12747,14,,,0,31,,12748,14,,,0,70,,12749,14,,,0,30,,12750,14,,,0,70,,12751,14,,,0,30,,12752,14,,,0,70,,12753,14,,,0,30,,12754,14,,,0,70,,12755,14,,,0,30,,12756,14,,,0,70,,12757,14,,,0,30,,12758,14,,,0,70,,12759,14,,,0,30,,12760,14,,,0,70,,12761,14,,,0,30,,12762,14,,,0,70,,12744,14,,,0,30,,12742,14,,,0,70,,12740,14,,,0
4001,'5662',1355,,12765,4,0,19 20 7,0,147,,12763,14,,,0,121,,12764,14,,,0
4001,'5663',709,,12766,14,,,0,101,,12767,14,,,0,30,,12768,14,,,0,70,,12769,14,,,0,30,,12770,14,,,0,70,,12771,14,,,0,30,,12772,14,,,0,71,,12773,14,,,0,30,,12774,14,,,0,69,,12775,14,,,0,30,,12776,14,,,0,70,,12777,14,,,0,30,,12778,14,,,0,70,,12779,14,,,0,30,,12780,14,,,0,71,,12781,14,,,0,30,,12782,14,,,0,71,,12783,14,,,0,30,,12784,14,,,0,70,,12785,14,,,0,30,,12786,14,,,0,69,,12787,14,,,0,30,,12788,14,,,0,70,,12789,14,,,0,30,,12790,14,,,0,70,,12791,14,,,0,29,,12792,14,,,0,70,,12793,14,,,0,99,,12794,14,,,0,99,,12795,14,,,0,100,,12796,14,,,0
4001,'5664',1522,,12797,14,,,0
1001501,'4614',743,,12329,3,,,0,482,,11354,3,,,0,133,,11355,3,,,0,75,,11356,3,,,0,71,,11357,3,,,0,29,,11358,3,,,0,76,,11359,3,,,0,29,,11360,3,,,0,70,,11361,3,,,0,30,,11363,3,,,0,70,,11362,3,,,0
1001501,'5659',713,,12330,3,,,0
1001501,'5660',713,,12879,3,,,0
