4000,'4614',628,,12609,40,,,0,30,,10853,40,,,0,56,,10879,40,,,0,16,,12610,40,,,0,16,,12630,40,,,0,8,,10880,40,4,,0,48,,11643,40,,,0,10,,12631,40,4,,0,5,,10884,40,4,,0,5,,12629,40,,,0,7,,12632,40,4,,0,7,,12611,40,,,0,6,,11648,40,4,,0,7,,12628,40,,,0,55,,12589,40,,,0,14,,12612,40,,,0,15,,10831,40,,,0,15,,11644,40,,,0,55,,12590,40,,,0,14,,12613,40,,,0,15,,12591,40,,,0,15,,10860,40,,,0,55,,12592,40,,,0,16,,12614,40,,,0,15,,12593,40,,,0,15,,12615,40,,,0,55,,12594,40,,,0,15,,12616,40,,,0,15,,12595,40,,,0,15,,10864,40,,,0,55,,12596,40,,,0,15,,12617,40,,,0,15,,12597,40,,,0,16,,12618,40,,,0,55,,12598,40,,,0,17,,12619,40,,,0,17,,12599,40,,,0,15,,12620,40,,,0,55,,10841,40,,,0,15,,12621,40,,,0,14,,12600,40,,,0,16,,12622,40,,,0,53,,12601,40,,,0,15,,12623,40,,,0,15,,12602,40,,,0,16,,12624,40,,,0,55,,12603,40,,,0,14,,12625,40,,,0,14,,12604,40,,,0,68,,12605,40,,,0,15,,12626,40,,,0,15,,12606,40,,,0,68,,12607,40,,,0,30,,12608,40,,,0,70,,12586,40,,,0,30,,10827,40,,,0,70,,10825,40,,,0,29,,12587,40,,,0,28,,12585,40,,,0,69,,12588,40,,,0,30,,12584,40,,,0,69,,12627,40,,,0
4000,'4616',658,,12672,40,,,0,100,,10937,40,,,0,70,,10938,40,,,0,31,,10939,40,,,0,70,,12673,40,,,0,72,,12661,40,,,0,31,,12658,40,,,0,70,,12656,40,,,0,32,,12665,40,,,0,70,,12671,40,,,0,31,,12653,40,,,0,70,,12657,40,,,0,30,,10914,40,,,0,71,,12667,40,,,0,31,,10917,40,,,0,70,,11638,40,,,0,30,,10929,40,,,0,70,,10924,40,,,0,29,,10911,40,,,0,70,,12659,40,,,0,28,,12660,40,,,0,70,,12664,40,,,0,30,,12662,40,,,0,70,,12666,40,,,0,29,,12669,40,,,0,69,,12655,40,,,0,29,,12663,40,,,0,100,,12668,40,,,0,100,,12654,40,,,0,97,,12670,40,,,0
4000,'4619',1749,,12075,40,,,0
4000,'4931',1749,,12076,40,,,0
4000,'5454',728,,12633,40,,,0,100,,12635,40,,,0,101,,12637,40,,,0,73,,10892,40,,,0,28,,12638,40,,,0,70,,10894,40,,,0,31,,12639,40,,,0,71,,12640,40,,,0,30,,12641,40,,,0,71,,12642,40,,,0,32,,12643,40,,,0,70,,12644,40,,,0,30,,12645,40,,,0,72,,12646,40,,,0,28,,12647,40,,,0,70,,10904,40,,,0,29,,10905,40,,,0,70,,12648,40,,,0,30,,12649,40,,,0,68,,12650,40,,,0,30,,12651,40,,,0,70,,12652,40,,,0,29,,12634,40,,,0,69,,12636,40,,,0
4001,'4614',631,,12708,11,,,0,71,,12709,11,,,0,31,,12711,11,,,0,15,,12713,11,,,0,56,,12710,11,,,0,17,,12714,11,,,0,14,,12688,11,,,0,16,,12715,11,,,0,55,,12690,11,,,0,16,,12716,11,,,0,15,,12689,11,,,0,15,,12717,11,,,0,55,,12691,11,,,0,15,,12718,11,,,0,15,,12692,11,,,0,15,,12719,11,,,0,55,,12693,11,,,0,15,,12720,11,,,0,15,,12694,11,,,0,15,,12721,11,,,0,55,,12695,11,,,0,15,,12722,11,,,0,15,,12696,11,,,0,15,,12723,11,,,0,55,,12697,11,,,0,15,,12724,11,,,0,15,,12698,11,,,0,16,,12725,11,,,0,55,,12699,11,,,0,11,,12726,11,,,0,10,,12727,11,,,0,10,,12700,11,,,0,10,,12728,11,,,0,59,,12179,1,0,19 20 7,0,1,,12701,11,,,0,20,,12730,11,,,0,11,,12703,11,,,0,10,,12729,11,,,0,50,,12731,11,,,0,10,,12702,11,,,0,20,,12732,11,,,0,10,,12704,11,,,0,14,,12733,11,,,0,55,,12712,11,,,0,15,,12734,11,,,0,15,,12706,11,,,0,14,,12735,11,,,0,55,,12705,11,,,0,15,,12736,11,,,0,15,,12707,11,,,0,15,,12737,11,,,0,54,,12687,11,,,0,30,,12686,11,,,0,71,,12685,11,,,0,29,,12681,11,,,0,69,,12684,11,,,0,30,,12680,11,,,0,69,,12683,11,,,0,30,,12679,11,,,0,70,,12682,11,,,0,30,,12678,11,,,0,70,,12738,11,,,0
4001,'4616',706,,12766,11,,,0,101,,12767,11,,,0,30,,12768,11,,,0,70,,12769,11,,,0,30,,12770,11,,,0,70,,12771,11,,,0,30,,12772,11,,,0,71,,12773,11,,,0,30,,12774,11,,,0,69,,12775,11,,,0,30,,12776,11,,,0,70,,12777,11,,,0,30,,12778,11,,,0,70,,12779,11,,,0,30,,12780,11,,,0,71,,12781,11,,,0,30,,12782,11,,,0,71,,12783,11,,,0,30,,12784,11,,,0,70,,12785,11,,,0,30,,12786,11,,,0,69,,12787,11,,,0,30,,12788,11,,,0,70,,12789,11,,,0,30,,12790,11,,,0,70,,12791,11,,,0,29,,12792,11,,,0,70,,12793,11,,,0,99,,12794,11,,,0,100,,12795,11,,,0,100,,12796,11,,,0
4001,'4619',1519,,12674,11,,,0
4001,'5289',1459,,12675,11,,,0,60,,12676,11,,,0,101,,12677,11,,,0
4001,'5299',1519,,12797,11,,,0
4001,'5454',706,,12739,11,,,0,101,,12741,11,,,0,100,,12743,11,,,0,100,,12745,11,,,0,30,,12746,11,,,0,70,,12747,11,,,0,31,,12748,11,,,0,70,,12749,11,,,0,30,,12750,11,,,0,70,,12751,11,,,0,30,,12752,11,,,0,70,,12753,11,,,0,30,,12754,11,,,0,70,,12755,11,,,0,30,,12756,11,,,0,70,,12757,11,,,0,30,,12758,11,,,0,70,,12759,11,,,0,30,,12760,11,,,0,70,,12761,11,,,0,30,,12762,11,,,0,70,,12744,11,,,0,30,,12742,11,,,0,70,,12740,11,,,0
4001,'5568',1352,,12765,1,0,19 20 7,0,107,,12763,11,,,0,161,,12764,11,,,0
