2501,'4614',836,,10624,21,,,0,301,,11598,22,,,0,179,,12534,21,,,0,223,,11968,22,,,0,397,,10628,22,,,0,90,,11969,21,,,0
2501,'4616',835,,12535,21,,,0,303,,10638,22,,,0,400,,10637,22,,,0,200,,10639,22,,,0,200,,10635,22,,,0
2501,'5454',835,,11597,21,,,0,303,,10631,22,,,0,400,,10632,22,,,0,200,,10634,22,,,0,200,,10633,22,,,0
4001,'4614',643,,12708,26,,,0,72,,12709,26,,,0,33,,12711,26,,,0,55,,12713,26,,,0,17,,12710,26,,,0,17,,12714,26,,,0,13,,12688,26,,,0,55,,12715,26,,,0,15,,12690,26,,,0,16,,12716,26,,,0,14,,12689,26,,,0,56,,12717,26,,,0,15,,12691,26,,,0,15,,12718,26,,,0,15,,12692,26,,,0,55,,12719,26,,,0,16,,12693,26,,,0,15,,12720,26,,,0,15,,12694,26,,,0,55,,12721,26,,,0,15,,12695,26,,,0,15,,12722,26,,,0,15,,12696,26,,,0,55,,12723,26,,,0,15,,12697,26,,,0,15,,12724,26,,,0,15,,12698,26,,,0,56,,12725,26,,,0,15,,12699,26,,,0,11,,12726,26,,,0,10,,12727,26,,,0,11,,12700,26,,,0,50,,12728,26,,,0,19,,12179,16,0,19 20 7,0,1,,12701,26,,,0,20,,12730,26,,,0,10,,12703,26,,,0,50,,12729,26,,,0,10,,12731,26,,,0,10,,12702,26,,,0,20,,12732,26,,,0,10,,12704,26,,,0,54,,12733,26,,,0,15,,12712,26,,,0,15,,12734,26,,,0,14,,12706,26,,,0,54,,12735,26,,,0,14,,12705,26,,,0,15,,12736,26,,,0,15,,12707,26,,,0,55,,12737,26,,,0,14,,12687,26,,,0,29,,12686,26,,,0,71,,12685,26,,,0,29,,12681,26,,,0,69,,12684,26,,,0,30,,12680,26,,,0,69,,12683,26,,,0,29,,12679,26,,,0,69,,12682,26,,,0,30,,12678,26,,,0,70,,12738,26,,,0
4001,'4616',718,,12766,26,,,0,102,,12767,26,,,0,31,,12768,26,,,0,71,,12769,26,,,0,30,,12770,26,,,0,70,,12771,26,,,0,30,,12772,26,,,0,71,,12773,26,,,0,30,,12774,26,,,0,69,,12775,26,,,0,30,,12776,26,,,0,70,,12777,26,,,0,30,,12778,26,,,0,70,,12779,26,,,0,30,,12780,26,,,0,71,,12781,26,,,0,30,,12782,26,,,0,71,,12783,26,,,0,30,,12784,26,,,0,69,,12785,26,,,0,30,,12786,26,,,0,69,,12787,26,,,0,29,,12788,26,,,0,70,,12789,26,,,0,29,,12790,26,,,0,70,,12791,26,,,0,29,,12792,26,,,0,70,,12793,26,,,0,99,,12794,26,,,0,99,,12795,26,,,0,100,,12796,26,,,0
4001,'4619',1535,,12674,26,,,0
4001,'5289',1515,,12675,26,,,0,20,,12676,26,,,0,100,,12677,26,,,0
4001,'5299',1535,,12797,26,,,0
4001,'5454',717,,12739,26,,,0,103,,12741,26,,,0,101,,12743,26,,,0,100,,12745,26,,,0,30,,12746,26,,,0,70,,12747,26,,,0,31,,12748,26,,,0,71,,12749,26,,,0,30,,12750,26,,,0,70,,12751,26,,,0,30,,12752,26,,,0,69,,12753,26,,,0,30,,12754,26,,,0,70,,12755,26,,,0,30,,12756,26,,,0,70,,12757,26,,,0,30,,12758,26,,,0,70,,12759,26,,,0,28,,12760,26,,,0,70,,12761,26,,,0,30,,12762,26,,,0,70,,12744,26,,,0,30,,12742,26,,,0,70,,12740,26,,,0
4001,'5568',1407,,12765,16,0,19 20 7,0,108,,12763,26,,,0,120,,12764,26,,,0
