2001,'4614',657,,10573,24,,,0,143,,10579,41,,,0,2,,10580,5,,,0,29,,10572,41,,,0,88,,10567,24,,,0,99,,10578,41,,,0,21,,10568,24,,,0,201,,10574,24,,,0,100,,10575,24,,,0,114,,10576,41,,,0,389,,10569,24,,,0,373,,10570,41,,,0,196,,10571,41,,,0
2001,'4616',847,,10602,41,,,0,97,,10597,24,,,0,100,,10601,24,,,0,100,,10598,24,,,0,101,,10591,24,,,0,100,,10600,24,,,0,100,,10604,24,,,0,100,,10594,24,,,0,99,,10599,24,,,0,100,,10595,24,,,0,99,,10592,24,,,0,174,,10603,41,,,0,200,,10596,41,,,0,195,,10593,41,,,0
2001,'5289',1645,,10581,24,,,0
2001,'5299',1545,,10584,24,,,0,200,,10582,24,,,0,271,,10583,41,,,0
2001,'5454',802,,11592,24,,,0,202,,10585,24,,,0,201,,10587,24,,,0,200,,10586,24,,,0,201,,10588,24,,,0,199,,10589,24,,,0
2001,'5567',1545,,10607,24,,,0,200,,10605,24,,,0,271,,10606,41,,,0
2001,'5568',1645,,10608,24,,,0
2001,'5608',1139,,10577,24,,,0
2001,'5611',1139,,11593,24,,,0
1002001,'4614',717,,11408,24,,,0,183,,11409,41,,,0,309,,11404,24,,,0,101,,11405,24,,,0,111,,11412,41,,,0,101,,11406,41,,,0,98,,11407,41,,,0,99,,11413,41,,,0,100,,11414,41,,,0,98,,11415,41,,,0,199,,11416,41,,,0,198,,11417,41,,,0
1002001,'4616',745,,11438,41,,,0,172,,11425,41,,,0,100,,11426,41,,,0,100,,11427,41,,,0,100,,11428,41,,,0,101,,11437,41,,,0,100,,11429,41,,,0,100,,11430,41,,,0,100,,11431,41,,,0,100,,11432,41,,,0,100,,11433,41,,,0,99,,11434,41,,,0,200,,11435,41,,,0,198,,11436,41,,,0
1002001,'5454',917,,11418,41,,,0,201,,11419,41,,,0,201,,11420,41,,,0,200,,11421,41,,,0,200,,11422,41,,,0,199,,11424,41,,,0,198,,11423,41,,,0
1002001,'5568',1109,,11740,24,,,0
1002001,'5602',1109,,11741,24,,,0
1002001,'5608',944,,11410,24,,,0
1002001,'5611',944,,11742,24,,,0
