4000,'4614',630,,10853,9,,,0,15,,10879,9,,,0,78,,10880,9,0,6 7,0,7,,11643,9,,,0,11,,10884,9,0,6 7,0,68,,11648,9,0,6 7,0,92,,10831,9,,,0,15,,11644,9,,,0,100,,10860,9,,,0,200,,10864,9,,,0,216,,10841,9,,,0,569,,10827,9,,,0,30,,10825,9,,,0
4000,'4616',730,,10937,9,,,0,70,,10938,9,,,0,30,,10939,9,,,0,473,,10914,9,,,0,100,,10917,9,,,0,30,,11638,9,,,0,70,,10929,9,,,0,30,,10924,9,,,0,70,,10911,9,,,0
4000,'4619',1717,,12075,9,,,0
4000,'4931',1717,,12076,9,,,0
4000,'5454',931,,10892,9,,,0,100,,10894,9,,,0,501,,10904,9,,,0,70,,10905,9,,,0
4000,'5658',700,,12077,9,,,0,100,,12079,9,,,0,100,,12081,9,,,0,101,,12082,9,,,0,100,,12083,9,,,0,30,,12084,9,,,0,70,,12085,9,,,0,30,,12086,9,,,0,71,,12087,9,,,0,30,,12088,9,,,0,70,,12089,9,,,0,32,,12090,9,,,0,68,,12091,9,,,0,130,,12092,9,,,0,70,,12093,9,,,0,28,,12094,9,,,0,71,,12095,9,,,0,30,,12096,9,,,0,70,,12078,9,,,0,30,,12080,9,,,0
4000,'5659',600,,12051,9,,,0,100,,12052,9,,,0,15,,12072,9,,,0,22,,12073,9,0,6 7,0,9,,12071,9,,,0,8,,12074,9,0,6 7,0,47,,12053,9,,,0,15,,12070,9,,,0,15,,12031,9,,,0,15,,12054,9,,,0,85,,12032,9,,,0,15,,12055,9,,,0,55,,12033,9,,,0,30,,12034,9,,,0,15,,12056,9,,,0,55,,12035,9,,,0,15,,12057,9,,,0,15,,12036,9,,,0,15,,12058,9,,,0,55,,12037,9,,,0,30,,12038,9,,,0,15,,12059,9,,,0,55,,12039,9,,,0,15,,12060,9,,,0,15,,12040,9,,,0,16,,12061,9,,,0,55,,12041,9,,,0,15,,12062,9,,,0,30,,12063,9,,,0,55,,12042,9,,,0,15,,12064,9,,,0,15,,12043,9,,,0,15,,12065,9,,,0,55,,12044,9,,,0,15,,12066,9,,,0,15,,12045,9,,,0,15,,12067,9,,,0,55,,12046,9,,,0,29,,12047,9,,,0,15,,12068,9,,,0,55,,12048,9,,,0,30,,12049,9,,,0,70,,12050,9,,,0,30,,12028,9,,,0,170,,12029,9,,,0,30,,12027,9,,,0,70,,12030,9,,,0,30,,12026,9,,,0,69,,12069,9,,,0
4000,'5660',600,,12609,9,,,0,100,,12610,9,,,0,15,,12630,9,,,0,22,,12631,9,0,6 7,0,9,,12629,9,,,0,8,,12632,9,0,6 7,0,47,,12611,9,,,0,15,,12628,9,,,0,15,,12589,9,,,0,15,,12612,9,,,0,85,,12590,9,,,0,15,,12613,9,,,0,55,,12591,9,,,0,30,,12592,9,,,0,15,,12614,9,,,0,55,,12593,9,,,0,15,,12615,9,,,0,15,,12594,9,,,0,15,,12616,9,,,0,55,,12595,9,,,0,30,,12596,9,,,0,15,,12617,9,,,0,55,,12597,9,,,0,15,,12618,9,,,0,15,,12598,9,,,0,16,,12619,9,,,0,55,,12599,9,,,0,15,,12620,9,,,0,30,,12621,9,,,0,55,,12600,9,,,0,15,,12622,9,,,0,15,,12601,9,,,0,15,,12623,9,,,0,55,,12602,9,,,0,15,,12624,9,,,0,15,,12603,9,,,0,15,,12625,9,,,0,55,,12604,9,,,0,29,,12605,9,,,0,15,,12626,9,,,0,55,,12606,9,,,0,30,,12607,9,,,0,70,,12608,9,,,0,30,,12586,9,,,0,170,,12587,9,,,0,30,,12585,9,,,0,70,,12588,9,,,0,30,,12584,9,,,0,69,,12627,9,,,0
4000,'5661',700,,12633,9,,,0,100,,12635,9,,,0,100,,12637,9,,,0,101,,12638,9,,,0,100,,12639,9,,,0,30,,12640,9,,,0,70,,12641,9,,,0,30,,12642,9,,,0,71,,12643,9,,,0,30,,12644,9,,,0,70,,12645,9,,,0,32,,12646,9,,,0,68,,12647,9,,,0,130,,12648,9,,,0,70,,12649,9,,,0,28,,12650,9,,,0,71,,12651,9,,,0,30,,12652,9,,,0,70,,12634,9,,,0,30,,12636,9,,,0
4000,'5663',630,,12672,9,,,0,270,,12673,9,,,0,31,,12661,9,,,0,70,,12658,9,,,0,30,,12656,9,,,0,71,,12665,9,,,0,30,,12671,9,,,0,71,,12653,9,,,0,30,,12657,9,,,0,100,,12667,9,,,0,300,,12659,9,,,0,69,,12660,9,,,0,30,,12664,9,,,0,70,,12662,9,,,0,30,,12666,9,,,0,70,,12669,9,,,0,29,,12655,9,,,0,70,,12663,9,,,0,100,,12668,9,,,0,100,,12654,9,,,0,99,,12670,9,,,0
