2000,'4614',553,,10539,12,0,9 12 2 5,0,100,,10540,12,0,9 12 2 5,0,102,,10541,12,0,9 12 2 5,0,100,,10534,12,,,0,100,,10547,12,,,0,100,,10542,12,,,0,101,,10543,12,,,0,100,,10544,12,,,0,100,,10535,12,,,0,246,,10545,12,,,0,57,,10546,12,,,0,99,,10536,12,,,0,191,,10537,12,0,9 12 2 5,0,199,,10538,12,0,9 12 2 5,0
2000,'5544',855,,10548,12,0,9 12 2 5,0,201,,10551,12,0,9 12 2 5,0,201,,10550,12,0,9 12 2 5,0,201,,10552,12,0,9 12 2 5,0,200,,10549,12,0,9 12 2 5,0,295,,10553,12,0,9 12 2 5,0
2000,'5547',755,,10566,12,,,0,100,,10562,12,,,0,101,,10561,12,,,0,101,,10563,12,,,0,100,,10554,12,,,0,100,,10555,12,,,0,100,,10557,12,,,0,101,,10565,12,,,0,100,,10558,12,,,0,100,,10556,12,,,0,97,,10560,12,,,0,195,,10559,12,0,9 12 2 5,0,198,,10564,12,0,9 12 2 5,0
9200,'4619',1407,,11282,8,,,0,2,,11281,8,,,0
9200,'5289',1516,,11284,8,,,0,2,,11283,8,,,0
9200,'5299',1422,,11285,8,,,0,2,,11286,8,,,0
1002000,'4614',625,,11370,18,,,0,112,,11371,18,,,0,87,,11377,18,,,0,103,,11372,18,,,0,100,,11364,18,,,0,100,,11365,18,,,0,101,,11366,18,,,0,100,,11367,18,,,0,103,,11373,18,,,0,89,,11368,18,,,0,16,,11369,18,,,0,185,,11374,18,,,0,330,,11375,18,,,0,199,,11376,18,,,0
1002000,'5299',1624,,11378,18,,,0,230,,11379,18,,,0
1002000,'5544',657,,11380,18,,,0,100,,11386,18,,,0,200,,11381,18,,,0,201,,11382,18,,,0,200,,11383,18,,,0,201,,11384,18,,,0,200,,11385,18,,,0
1002000,'5547',620,,11389,18,,,0,100,,11401,18,,,0,100,,11388,18,,,0,100,,11390,18,,,0,100,,11391,18,,,0,101,,11392,18,,,0,100,,11393,18,,,0,100,,11394,18,,,0,101,,11395,18,,,0,100,,11400,18,,,0,100,,11396,18,,,0,98,,11397,18,,,0,135,,11398,18,,,0,196,,11399,18,,,0,199,,11387,18,,,0
1002000,'5567',1624,,11402,18,,,0,230,,11403,18,,,0
