1501,'4614',845,,10497,10,,,0,93,,10499,10,,,0,69,,10496,10,,,0,27,,10500,10,,,0,70,,11587,10,,,0,30,,10502,10,,,0,70,,12516,10,,,0,104,,10505,10,,,0,31,,10504,10,,,0,570,,10507,10,,,0,98,,10506,10,,,0,100,,10508,10,,,0
1501,'4616',756,,10528,10,,,0,148,,10532,10,,,0,102,,10529,10,,,0,101,,10526,10,,,0,99,,10530,10,,,0,101,,10527,10,,,0,101,,10525,10,,,0,100,,10520,10,,,0,100,,12522,10,,,0,101,,10523,10,,,0,98,,10533,10,,,0,100,,10524,10,,,0,100,,10521,10,,,0,100,,10531,10,,,0
1501,'5289',908,,12515,10,,,0
1501,'5454',757,,12518,10,,,0,248,,10518,10,,,0,100,,12517,10,,,0,101,,10514,10,,,0,100,,10511,10,,,0,100,,10519,10,,,0,100,,10512,10,,,0,101,,12519,10,,,0,100,,10510,10,,,0,100,,10517,10,,,0,100,,12520,10,,,0
1501,'5568',908,,12521,10,,,0
3001,'4614',649,,10741,48,,,0,72,,10734,48,,,0,30,,12564,48,,,0,76,,10736,48,,,0,15,,10739,48,,,0,15,,10738,48,,,0,54,,12566,48,,,0,16,,10735,48,,,0,30,,12559,48,,,0,71,,12560,48,,,0,30,,10713,48,,,0,70,,11604,48,,,0,30,,10714,48,,,0,71,,10716,48,,,0,30,,10718,48,,,0,70,,10720,48,,,0,72,,12561,48,,,0,30,,10717,48,,,0,71,,10722,48,,,0,31,,10719,48,,,0,97,,10723,48,,,0,70,,12565,48,,,0,58,,12562,48,,,0,68,,10725,48,,,0,29,,10726,48,,,0,69,,10727,48,,,0,99,,12563,48,,,0,99,,10730,48,,,0,100,,10731,48,,,0,99,,10728,48,,,0,99,,10732,48,,,0
3001,'4616',754,,10757,48,,,0,101,,10758,48,,,0,100,,10759,48,,,0,72,,10760,48,,,0,30,,10761,48,,,0,70,,10762,48,,,0,30,,10763,48,,,0,71,,12572,48,,,0,30,,10765,48,,,0,70,,10766,48,,,0,30,,10767,48,,,0,70,,10768,48,,,0,30,,10769,48,,,0,70,,12573,48,,,0,30,,10771,48,,,0,69,,10772,48,,,0,29,,12574,48,,,0,69,,10774,48,,,0,30,,12575,48,,,0,68,,12576,48,,,0,30,,10777,48,,,0,70,,10778,48,,,0,100,,12577,48,,,0,100,,10780,48,,,0,99,,12578,48,,,0,99,,12579,48,,,0,99,,10783,48,,,0
3001,'5289',1602,,10743,48,,,0,126,,10742,48,,,0
3001,'5454',823,,12567,48,,,0,101,,12568,48,,,0,102,,10746,48,,,0,100,,10747,48,,,0,102,,12569,48,,,0,100,,10749,48,,,0,100,,10750,48,,,0,99,,12570,48,,,0,99,,10752,48,,,0,100,,10753,48,,,0,98,,12571,48,,,0,98,,10755,48,,,0,100,,10756,48,,,0
3001,'5568',1602,,10785,48,,,0,126,,10784,48,,,0
1001501,'4614',731,,12879,15,,,0,70,,12329,15,,,0,442,,11354,15,,,0,174,,11355,15,,,0,35,,11356,15,,,0,72,,11357,15,,,0,28,,11358,15,,,0,76,,11359,15,,,0,29,,11360,15,,,0,69,,11361,15,,,0,30,,11363,15,,,0,69,,11362,15,,,0
