4000,'4614',626,,10853,3,,,0,15,,10879,3,,,0,78,,10880,3,0,6 7,0,7,,11643,3,,,0,11,,10884,3,0,6 7,0,68,,11648,3,0,6 7,0,52,,10831,3,,,0,55,,11644,3,,,0,100,,10860,3,,,0,200,,10864,3,,,0,215,,10841,3,,,0,530,,10827,3,,,0,70,,10825,3,,,0
4000,'4616',726,,10937,3,,,0,30,,10938,3,,,0,70,,10939,3,,,0,432,,10914,3,,,0,100,,10917,3,,,0,70,,11638,3,,,0,30,,10929,3,,,0,70,,10924,3,,,0,30,,10911,3,,,0
4000,'4619',1712,,12075,3,,,0
4000,'4931',1712,,12076,3,,,0
4000,'5454',927,,10892,3,,,0,100,,10894,3,,,0,500,,10904,3,,,0,30,,10905,3,,,0
4000,'5658',656,,12077,3,,,0,100,,12079,3,,,0,100,,12081,3,,,0,101,,12082,3,,,0,100,,12083,3,,,0,70,,12084,3,,,0,30,,12085,3,,,0,70,,12086,3,,,0,31,,12087,3,,,0,70,,12088,3,,,0,30,,12089,3,,,0,71,,12090,3,,,0,28,,12091,3,,,0,170,,12092,3,,,0,30,,12093,3,,,0,69,,12094,3,,,0,31,,12095,3,,,0,70,,12096,3,,,0,30,,12078,3,,,0,70,,12080,3,,,0
4000,'5659',556,,12051,3,,,0,100,,12052,3,,,0,55,,12072,3,,,0,22,,12073,3,0,6 7,0,9,,12071,3,,,0,8,,12074,3,0,6 7,0,7,,12053,3,,,0,55,,12070,3,,,0,15,,12031,3,,,0,15,,12054,3,,,0,85,,12032,3,,,0,15,,12055,3,,,0,15,,12033,3,,,0,70,,12034,3,,,0,15,,12056,3,,,0,15,,12035,3,,,0,55,,12057,3,,,0,15,,12036,3,,,0,15,,12058,3,,,0,15,,12037,3,,,0,70,,12038,3,,,0,15,,12059,3,,,0,15,,12039,3,,,0,55,,12060,3,,,0,15,,12040,3,,,0,15,,12061,3,,,0,15,,12041,3,,,0,55,,12062,3,,,0,30,,12063,3,,,0,15,,12042,3,,,0,55,,12064,3,,,0,15,,12043,3,,,0,15,,12065,3,,,0,15,,12044,3,,,0,55,,12066,3,,,0,15,,12045,3,,,0,15,,12067,3,,,0,15,,12046,3,,,0,70,,12047,3,,,0,15,,12068,3,,,0,15,,12048,3,,,0,70,,12049,3,,,0,30,,12050,3,,,0,70,,12028,3,,,0,130,,12029,3,,,0,70,,12027,3,,,0,30,,12030,3,,,0,70,,12026,3,,,0,29,,12069,3,,,0
4000,'5660',556,,12609,3,,,0,100,,12610,3,,,0,55,,12630,3,,,0,22,,12631,3,0,6 7,0,9,,12629,3,,,0,8,,12632,3,0,6 7,0,7,,12611,3,,,0,55,,12628,3,,,0,15,,12589,3,,,0,15,,12612,3,,,0,85,,12590,3,,,0,15,,12613,3,,,0,15,,12591,3,,,0,70,,12592,3,,,0,15,,12614,3,,,0,15,,12593,3,,,0,55,,12615,3,,,0,15,,12594,3,,,0,15,,12616,3,,,0,15,,12595,3,,,0,70,,12596,3,,,0,15,,12617,3,,,0,15,,12597,3,,,0,55,,12618,3,,,0,15,,12598,3,,,0,15,,12619,3,,,0,15,,12599,3,,,0,55,,12620,3,,,0,30,,12621,3,,,0,15,,12600,3,,,0,55,,12622,3,,,0,15,,12601,3,,,0,15,,12623,3,,,0,15,,12602,3,,,0,55,,12624,3,,,0,15,,12603,3,,,0,15,,12625,3,,,0,15,,12604,3,,,0,70,,12605,3,,,0,15,,12626,3,,,0,15,,12606,3,,,0,70,,12607,3,,,0,30,,12608,3,,,0,70,,12586,3,,,0,130,,12587,3,,,0,70,,12585,3,,,0,30,,12588,3,,,0,70,,12584,3,,,0,29,,12627,3,,,0
4000,'5661',656,,12633,3,,,0,100,,12635,3,,,0,100,,12637,3,,,0,101,,12638,3,,,0,100,,12639,3,,,0,70,,12640,3,,,0,30,,12641,3,,,0,70,,12642,3,,,0,31,,12643,3,,,0,70,,12644,3,,,0,30,,12645,3,,,0,71,,12646,3,,,0,28,,12647,3,,,0,170,,12648,3,,,0,30,,12649,3,,,0,69,,12650,3,,,0,31,,12651,3,,,0,70,,12652,3,,,0,30,,12634,3,,,0,70,,12636,3,,,0
4000,'5663',626,,12672,3,,,0,230,,12673,3,,,0,71,,12661,3,,,0,30,,12658,3,,,0,70,,12656,3,,,0,30,,12665,3,,,0,70,,12671,3,,,0,31,,12653,3,,,0,70,,12657,3,,,0,100,,12667,3,,,0,300,,12659,3,,,0,29,,12660,3,,,0,70,,12664,3,,,0,30,,12662,3,,,0,70,,12666,3,,,0,30,,12669,3,,,0,70,,12655,3,,,0,30,,12663,3,,,0,100,,12668,3,,,0,100,,12654,3,,,0,99,,12670,3,,,0
1002000,'4614',616,,11370,3,,,0,111,,11371,3,,,0,190,,11372,3,,,0,100,,11738,3,,,0,201,,11739,3,,,0,99,,11367,3,,,0,102,,11373,3,,,0,105,,11369,3,,,0,186,,11374,3,,,0,332,,11375,3,,,0,199,,11376,3,,,0
1002000,'4616',611,,11389,3,,,0,200,,11388,3,,,0,200,,11391,3,,,0,101,,11392,3,,,0,100,,11393,3,,,0,200,,11395,3,,,0,100,,11400,3,,,0,100,,11396,3,,,0,98,,11397,3,,,0,135,,11398,3,,,0,197,,11399,3,,,0,199,,11387,3,,,0
1002000,'5299',1612,,11378,3,,,0,233,,11379,3,,,0
1002000,'5454',648,,11737,3,,,0,100,,11386,3,,,0,200,,11381,3,,,0,201,,11382,3,,,0,200,,11383,3,,,0,200,,11384,3,,,0,200,,11385,3,,,0
1002000,'5567',1612,,11402,3,,,0,233,,11403,3,,,0
1002000,'5659',812,,12333,3,,,0,305,,12331,3,,,0,385,,12332,3,,,0
1002000,'5660',812,,12882,3,,,0,305,,12880,3,,,0,385,,12881,3,,,0
1002000,'5663',711,,12885,3,,,0,200,,12883,3,,,0,401,,12884,3,,,0
