501,'4614',829,,10111,46,,,0,29,,10118,46,,,0,97,,10100,46,,,0,100,,10117,46,,,0,100,,10105,46,,,0,188,,10103,46,,,0,101,,10110,46,,,0,95,,10101,46,,,0,213,,10116,46,,,0,96,,10108,46,,,0,98,,10106,46,,,0,296,,10112,46,,,0
501,'4616',749,,10134,46,,,0,201,,10148,46,,,0,100,,10133,46,,,0,102,,10135,46,,,0,103,,10136,46,,,0,100,,10137,46,,,0,101,,10138,46,,,0,300,,10141,46,,,0,486,,10145,46,,,0,99,,10147,46,,,0
501,'5454',1150,,10120,46,,,0,101,,10121,46,,,0,100,,10127,46,,,0,100,,10122,46,,,0,100,,10132,46,,,0,294,,10129,46,,,0,98,,10126,46,,,0
501,'5658',848,,11842,46,,,0,101,,11838,46,,,0,100,,11839,46,,,0,602,,11841,46,,,0,100,,11840,46,,,0
501,'5659',641,,11832,34,,,0,111,,11837,46,,,0,505,,11831,46,,,0,397,,11833,46,,,0,390,,11834,46,,,0,99,,11835,46,,,0,198,,11836,46,,,0
501,'5660',641,,12428,34,,,0,111,,12433,46,,,0,505,,12427,46,,,0,397,,12429,46,,,0,390,,12430,46,,,0,99,,12431,46,,,0,198,,12432,46,,,0
501,'5661',848,,12438,46,,,0,101,,12434,46,,,0,100,,12435,46,,,0,602,,12437,46,,,0,100,,12436,46,,,0
501,'5663',1556,,12439,46,,,0,101,,12440,46,,,0,190,,12445,46,,,0,96,,12441,46,,,0,100,,12442,46,,,0,99,,12443,46,,,0
600,'4614',700,,11853,25,,,0,212,,10154,25,,,0,97,,11464,25,,,0,201,,10150,25,,,0,104,,10160,25,,,0,103,,10152,25,,,0,204,,10156,25,,,0,99,,10165,25,,,0,95,,10157,25,,,0,98,,10155,25,,,0,100,,10158,25,,,0,98,,10162,25,,,0,100,,10163,25,,,0,100,,10164,25,,,0
600,'4616',658,,10186,25,,,0,143,,10189,25,,,0,307,,10193,25,,,0,100,,10184,25,,,0,104,,10187,25,,,0,100,,10188,25,,,0,101,,10190,25,,,0,101,,10192,25,,,0,100,,10181,25,,,0,99,,10185,25,,,0,200,,10182,25,,,0,100,,10194,25,,,0,98,,11462,25,,,0,100,,10191,25,,,0
600,'5454',907,,10175,25,,,0,200,,10180,25,,,0,100,,10170,25,,,0,101,,10177,25,,,0,103,,10167,25,,,0,201,,10172,25,,,0,102,,10179,25,,,0,100,,10178,25,,,0,99,,10171,25,,,0
600,'5658',706,,11854,25,,,0,94,,11858,25,,,0,207,,11856,25,,,0,505,,11857,25,,,0,501,,11855,25,,,0
600,'5659',802,,11850,25,,,0,307,,11852,25,,,0,416,,11851,25,,,0
600,'5660',802,,12446,25,,,0,307,,12448,25,,,0,416,,12447,25,,,0
600,'5661',706,,12449,25,,,0,94,,12453,25,,,0,207,,12451,25,,,0,505,,12452,25,,,0,501,,12450,25,,,0
600,'5663',907,,12455,25,,,0,100,,12454,25,,,0,906,,12456,25,,,0
