900,'4614',600,,11525,1,,,0,40,,11524,1,,,0,80,,11911,1,,,0,30,,11523,1,,,0,72,,11907,1,,,0,32,,11510,1,,,0,167,,11901,1,,,0,83,,11900,1,,,0,20,,11526,1,,,0,94,,11511,1,,,0,102,,11902,1,,,0,98,,11512,1,,,0,106,,11903,1,,,0,100,,11904,1,,,0,99,,11905,1,,,0,30,,11912,1,,,0,69,,11913,1,,,0,28,,11906,1,,,0,164,,11908,1,,,0,103,,11909,1,,,0,94,,11910,1,,,0
900,'4616',722,,11916,1,,,0,100,,11482,1,,,0,99,,11917,1,,,0,104,,11488,1,,,0,24,,11485,1,,,0,69,,11495,1,,,0,105,,11918,1,,,0,97,,11493,1,,,0,100,,11487,1,,,0,100,,11486,1,,,0,102,,11490,1,,,0,105,,11481,1,,,0,93,,11489,1,,,0,25,,11494,1,,,0,75,,11492,1,,,0,93,,11491,1,,,0
900,'4619',1549,,11914,1,,,0
900,'4931',1549,,11915,1,,,0
900,'5454',822,,11501,1,,,0,100,,11499,1,,,0,127,,11504,1,,,0,175,,11505,1,,,0,96,,11503,1,,,0,101,,11497,1,,,0,99,,11506,1,,,0,102,,11498,1,,,0,106,,11500,1,,,0,118,,11507,1,,,0,173,,11502,1,,,0
901,'4614',555,,11577,47,4,,0,80,,11576,54,4,,0,77,,11931,47,4,,0,29,,11574,54,4,,0,70,,11930,47,4,,0,37,,11560,61,4,,0,60,,11932,40,4,,0,103,,11919,47,4,,0,104,,11579,54,4,,0,97,,11562,47,4,,0,102,,11920,54,4,,0,98,,11563,47,4,,0,105,,11921,54,4,,0,96,,11922,47,4,,0,35,,11923,61,4,,0,69,,11924,61,4,,0,28,,11933,54,4,,0,66,,11934,47,4,,0,101,,11926,54,4,,0,96,,11928,47,4,,0,103,,11925,54,4,,0,95,,11929,47,4,,0,204,,11927,61,4,,0
901,'4616',715,,11937,61,4,,0,97,,11533,47,4,,0,40,,11534,61,4,,0,62,,11939,47,4,,0,100,,11539,54,4,,0,96,,11536,47,4,,0,104,,11938,54,4,,0,96,,11544,47,4,,0,104,,11537,54,4,,0,98,,11538,47,4,,0,104,,11541,54,4,,0,32,,11546,61,4,,0,67,,11531,54,4,,0,96,,11540,47,4,,0,101,,11543,54,4,,0,96,,11542,47,4,,0,203,,11532,61,4,,0
901,'4619',1542,,11935,40,4,,0
901,'4931',1542,,11936,40,4,,0
901,'5454',808,,11551,47,4,,0,45,,11555,61,4,,0,189,,11553,54,4,,0,170,,11556,54,4,,0,97,,11554,47,4,,0,106,,11548,54,4,,0,96,,11557,47,4,,0,104,,11549,54,4,,0,35,,11559,61,4,,0,65,,11550,54,4,,0,129,,11558,61,4,,0,167,,11552,61,4,,0
9701,'4614',750,,11698,1,,,0,66,,11698,44,4,,0,35,,11699,1,,,0,66,,11699,44,4,,0,91,,11697,1,,,0,27,,11697,44,4,,0,65,,11696,1,,,0,27,,11696,44,4,,0,90,,11694,1,,,0,27,,11694,44,4,,0,76,,11695,1,,,0,28,,11695,44,4,,0,69,,11693,1,,,0,27,,11693,44,4,,0,15,,11691,1,,,0,67,,11691,44,4,,0,32,,11690,1,,,0,67,,11690,44,4,,0,92,,11700,1,,,0,27,,11700,44,4,,0,69,,11692,1,,,0,26,,11692,44,4,,0
9701,'4616',730,,11680,1,,,0,26,,11680,44,4,,0,75,,11681,1,,,0,26,,11681,44,4,,0,67,,11682,1,,,0,26,,11682,44,4,,0,100,,11683,1,,,0,67,,11683,44,4,,0,34,,11684,1,,,0,67,,11684,44,4,,0,27,,11686,1,,,0,67,,11686,44,4,,0,38,,11685,1,,,0,67,,11685,44,4,,0,33,,11687,1,,,0,67,,11687,44,4,,0,103,,11688,1,,,0,27,,11688,44,4,,0,70,,11689,1,,,0,27,,11689,44,4,,0
9801,'4614',728,,11720,1,,,0,20,,11720,30,4,,0,79,,11721,1,,,0,21,,11721,31,4,,0,98,,11716,1,,,0,60,,11716,30,4,,0,32,,11717,1,,,0,20,,11717,30,4,,0,97,,11718,1,,,0,60,,11718,30,4,,0,43,,11719,1,,,0,60,,11719,30,4,,0,35,,11713,1,,,0,61,,11713,31,4,,0,115,,11714,1,,,0,20,,11714,30,4,,0,106,,11715,1,,,0,60,,11715,30,4,,0,36,,11712,1,,,0,60,,11712,30,4,,0
9801,'4616',700,,11709,1,,,0,19,,11709,30,4,,0,81,,11710,1,,,0,19,,11710,30,4,,0,81,,11711,1,,,0,19,,11711,30,4,,0,109,,11702,1,,,0,19,,11702,30,4,,0,73,,11703,1,,,0,19,,11703,30,4,,0,82,,11704,1,,,0,19,,11704,30,4,,0,75,,11705,1,,,0,19,,11705,30,4,,0,86,,11706,1,,,0,19,,11706,30,4,,0,81,,11707,1,,,0,19,,11707,30,4,,0,116,,11708,1,,,0,59,,11708,30,4,,0,36,,11701,1,,,0,59,,11701,30,4,,0
9900,'4614',1058,,12322,14,4,,0,784,,12323,11,4,,0
9900,'4616',1043,,11722,14,4,,0,796,,11723,11,4,,0
9900,'5454',1043,,11724,14,4,,0,798,,11725,11,4,,0
9901,'4614',913,,12324,1,,,0,742,,12325,1,,,0
9901,'4616',858,,11728,1,,,0,796,,11729,1,,,0
9901,'5454',900,,11730,1,,,0,756,,11731,1,,,0
