801,'4614',603,,11891,21,0,18,0,137,,10318,6,0,18,0,70,,10304,21,0,18,0,96,,11479,21,0,18,0,200,,10300,21,0,18,0,107,,10310,21,0,18,0,102,,10303,21,0,18,0,201,,10306,21,0,18,0,101,,10305,21,0,18,0,100,,10316,21,0,18,0,99,,10308,21,0,18,0,99,,10309,21,0,18,0,100,,10307,21,0,18,0,100,,10313,21,0,18,0,99,,10314,21,0,18,0,100,,10317,21,0,18,0
801,'4616',702,,10335,21,0,18,0,303,,10337,21,0,18,0,101,,10338,21,0,18,0,107,,10346,21,0,18,0,102,,10347,21,0,18,0,202,,10340,21,0,18,0,100,,10341,21,0,18,0,100,,10349,21,0,18,0,199,,10334,21,0,18,0,100,,10343,21,0,18,0,99,,11477,21,0,18,0,99,,10345,21,0,18,0
801,'5289',1536,,10319,21,0,18,0
801,'5454',804,,10325,21,0,18,0,201,,10323,21,0,18,0,101,,10327,21,0,18,0,209,,10328,21,0,18,0,202,,10322,21,0,18,0,100,,10333,21,0,18,0,100,,10320,21,0,18,0,100,,10321,21,0,18,0,99,,10331,21,0,18,0,100,,10330,21,0,18,0
801,'5568',1436,,10350,21,0,18,0
801,'5658',702,,11892,6,0,18,0,203,,11895,21,0,18,0,308,,11893,21,0,18,0,203,,11894,21,0,18,0
801,'5659',702,,11888,21,0,18,0,304,,11890,21,0,18,0,410,,11889,21,0,18,0
801,'5660',702,,12482,21,0,18,0,304,,12484,21,0,18,0,410,,12483,21,0,18,0
801,'5661',702,,12485,6,0,18,0,203,,12488,21,0,18,0,308,,12486,21,0,18,0,203,,12487,21,0,18,0
801,'5663',804,,12492,21,0,18,0,101,,12489,21,0,18,0,511,,12490,21,0,18,0,401,,12491,21,0,18,0
