2000,'4614',618,,10539,50,,,0,102,,10540,50,,,0,108,,10541,50,,,0,81,,10534,33,,,0,200,,10542,33,,,0,202,,10544,33,,,0,100,,10535,33,,,0,206,,10545,33,,,0,97,,10546,33,,,0,98,,10536,33,,,0,203,,10537,50,,,0,198,,10538,50,,,0
2000,'4616',909,,10562,33,,,0,202,,10563,33,,,0,200,,10555,33,,,0,100,,10557,33,,,0,101,,10565,33,,,0,100,,10558,33,,,0,100,,10556,33,,,0,97,,10560,33,,,0,207,,10559,50,,,0,198,,10564,50,,,0
2000,'5289',1009,,12524,33,,,0,202,,12523,33,,,0
2000,'5454',919,,10548,50,,,0,202,,10551,50,,,0,201,,10550,50,,,0,202,,10552,50,,,0,200,,10549,50,,,0,293,,10553,50,,,0
2000,'5659',1009,,11958,33,,,0,202,,11957,33,,,0
2000,'5662',1009,,12526,33,,,0,202,,12525,33,,,0
2000,'5663',809,,12529,33,,,0,201,,12528,33,,,0,201,,12527,33,,,0
2500,'4614',750,,10609,15,0,5,0,287,,11595,15,,,0,405,,11965,15,,,0,401,,10613,15,,,0
2500,'4616',1038,,10622,15,,,0,399,,10621,15,,,0,200,,10623,15,,,0,201,,10619,15,,,0
2500,'5454',749,,11594,15,0,5,0,289,,10615,15,,,0,399,,10616,15,,,0,200,,10618,15,,,0,201,,10617,15,,,0
2500,'5659',1230,,11964,15,0,5,0
2500,'5660',1230,,12532,15,0,5,0
2500,'5663',749,,12533,15,0,5,0
1002000,'4614',639,,11370,39,,,0,113,,11371,39,,,0,189,,11372,39,,,0,100,,11738,39,,,0,214,,11739,56,,,0,88,,11367,39,,,0,159,,11373,56,,,0,103,,11369,56,,,0,144,,11374,56,,,0,367,,11375,56,,,0,199,,11376,56,,,0
1002000,'4616',646,,11389,56,,,0,201,,11388,56,,,0,200,,11391,56,,,0,101,,11392,56,,,0,100,,11393,56,,,0,201,,11395,56,,,0,100,,11400,56,,,0,100,,11396,56,,,0,98,,11397,56,,,0,174,,11398,56,,,0,196,,11399,56,,,0,198,,11387,56,,,0
1002000,'5299',1652,,11378,56,,,0,268,,11379,56,,,0
1002000,'5454',722,,11737,56,,,0,100,,11386,56,,,0,189,,11381,39,,,0,201,,11382,39,,,0,200,,11383,39,,,0,202,,11384,39,,,0,199,,11385,39,,,0
1002000,'5567',1652,,11402,56,,,0,268,,11403,56,,,0
1002000,'5659',853,,12333,56,,,0,289,,12331,39,,,0,395,,12332,39,,,0
1002000,'5660',853,,12882,56,,,0,289,,12880,39,,,0,395,,12881,39,,,0
1002000,'5663',747,,12885,56,,,0,200,,12883,56,,,0,401,,12884,56,,,0
