100,'4614',445,,11755,2,,,0,185,,9925,2,,,0,70,,9919,2,,,0,43,,9915,2,,,0,60,,9917,2,,,0,40,,9928,2,,,0,60,,11444,2,,,0,20,,9906,2,,,0,100,,9897,2,,,0,30,,9914,2,,,0,70,,9898,2,,,0,30,,9907,2,,,0,70,,9900,2,,,0,30,,9910,2,,,0,70,,9927,2,,,0,220,,9903,2,,,0,60,,9889,2,,,0,20,,9909,2,,,0,20,,9891,2,,,0,60,,9899,2,,,0,20,,9926,2,,,0,100,,9893,2,,,0,30,,9920,2,,,0,169,,9894,2,,,0,30,,9922,2,,,0,98,,9923,2,,,0,100,,9924,2,,,0,100,,9902,2,,,0
100,'4616',620,,9993,2,,,0,30,,9986,2,,,0,201,,9984,2,,,0,72,,9979,2,,,0,30,,9965,2,,,0,170,,9962,2,,,0,30,,9982,2,,,0,170,,9977,2,,,0,300,,11439,2,,,0,30,,9992,2,,,0,70,,9972,2,,,0,30,,9976,2,,,0,100,,9959,2,,,0,70,,9988,2,,,0,227,,9963,2,,,0,100,,9969,2,,,0,100,,9975,2,,,0
100,'5289',722,,12342,2,,,0
100,'5454',720,,9950,2,,,0,100,,9941,2,,,0,103,,9931,2,,,0,130,,9946,2,,,0,70,,9953,2,,,0,100,,9939,2,,,0,30,,9954,2,,,0,70,,9933,2,,,0,100,,9945,2,,,0,100,,9942,2,,,0,130,,9937,2,,,0,70,,9932,2,,,0,28,,9935,2,,,0,70,,9956,2,,,0,130,,9957,2,,,0,70,,9948,2,,,0,29,,9958,2,,,0
100,'5658',750,,11765,2,,,0,100,,11761,2,,,0,103,,11762,2,,,0,70,,11767,2,,,0,130,,11760,2,,,0,200,,11766,2,,,0,100,,11759,2,,,0,100,,11763,2,,,0,70,,11768,2,,,0,228,,11764,2,,,0,70,,11758,2,,,0
100,'5659',530,,11756,2,,,0,70,,11753,2,,,0,122,,11769,2,,,0,100,,11752,2,,,0,131,,11751,2,,,0,400,,11748,2,,,0,70,,11747,2,,,0,30,,11749,2,,,0,70,,11743,2,,,0,230,,11750,2,,,0,170,,11746,2,,,0,29,,11754,2,,,0,170,,11744,2,,,0,98,,11745,2,,,0
100,'5660',530,,12355,2,,,0,70,,12353,2,,,0,222,,12352,2,,,0,131,,12351,2,,,0,400,,12348,2,,,0,70,,12347,2,,,0,30,,12349,2,,,0,70,,12343,2,,,0,230,,12350,2,,,0,170,,12346,2,,,0,29,,12354,2,,,0,170,,12344,2,,,0,98,,12345,2,,,0
100,'5661',750,,12363,2,,,0,100,,12359,2,,,0,103,,12360,2,,,0,70,,12365,2,,,0,130,,12358,2,,,0,200,,12364,2,,,0,100,,12357,2,,,0,100,,12361,2,,,0,70,,12366,2,,,0,228,,12362,2,,,0,70,,12356,2,,,0
100,'5662',722,,12367,2,,,0
100,'5663',720,,12371,2,,,0,30,,12375,2,,,0,70,,12374,2,,,0,203,,12373,2,,,0,30,,12380,2,,,0,170,,12370,2,,,0,30,,12385,2,,,0,100,,12368,2,,,0,70,,12382,2,,,0,30,,12383,2,,,0,70,,12369,2,,,0,30,,12384,2,,,0,270,,12381,2,,,0,130,,12377,2,,,0,69,,12379,2,,,0,30,,12376,2,,,0,70,,12378,2,,,0,98,,12372,2,,,0
2000,'4614',545,,10539,2,0,9 12 2 5,0,100,,10540,2,0,9 12 2 5,0,101,,10541,2,0,9 12 2 5,0,100,,10534,2,,,0,200,,10542,2,,,0,200,,10544,2,,,0,100,,10535,2,,,0,205,,10545,2,,,0,97,,10546,2,,,0,100,,10536,2,,,0,192,,10537,2,0,9 12 2 5,0,200,,10538,2,0,9 12 2 5,0
2000,'4616',847,,10562,2,,,0,201,,10563,2,,,0,200,,10555,2,,,0,100,,10557,2,,,0,100,,10565,2,,,0,100,,10558,2,,,0,100,,10556,2,,,0,98,,10560,2,,,0,195,,10559,2,0,9 12 2 5,0,199,,10564,2,0,9 12 2 5,0
2000,'5289',946,,12524,2,,,0,200,,12523,2,,,0
2000,'5454',847,,10548,2,0,9 12 2 5,0,200,,10551,2,0,9 12 2 5,0,201,,10550,2,0,9 12 2 5,0,200,,10552,2,0,9 12 2 5,0,200,,10549,2,0,9 12 2 5,0,296,,10553,2,0,9 12 2 5,0
2000,'5659',946,,11958,2,,,0,200,,11957,2,,,0
2000,'5662',946,,12526,2,,,0,200,,12525,2,,,0
2000,'5663',747,,12529,2,,,0,200,,12528,2,,,0,201,,12527,2,,,0
3000,'4614',643,,10665,2,,,0,15,,10669,2,,,0,56,,10661,2,,,0,99,,10668,2,,,0,31,,10662,2,,,0,70,,10640,2,,,0,30,,10641,2,,,0,170,,10644,2,,,0,30,,11602,2,,,0,70,,10646,2,,,0,30,,10648,2,,,0,70,,10649,2,,,0,102,,10647,2,,,0,30,,10651,2,,,0,71,,10666,2,,,0,31,,10652,2,,,0,69,,10667,2,,,0,29,,10653,2,,,0,200,,10656,2,,,0,100,,10657,2,,,0,200,,10659,2,,,0,99,,10660,2,,,0
3000,'4616',613,,10684,2,,,0,100,,10685,2,,,0,100,,10686,2,,,0,101,,10688,2,,,0,30,,10689,2,,,0,70,,10690,2,,,0,30,,10691,2,,,0,70,,10692,2,,,0,30,,10693,2,,,0,70,,10694,2,,,0,100,,10696,2,,,0,30,,10697,2,,,0,100,,10699,2,,,0,170,,10702,2,,,0,30,,10703,2,,,0,100,,10705,2,,,0,402,,10709,2,,,0,99,,10710,2,,,0
3000,'5454',745,,10672,2,,,0,301,,10675,2,,,0,100,,10676,2,,,0,200,,10678,2,,,0,100,,10679,2,,,0,200,,10681,2,,,0,100,,10682,2,,,0,100,,10683,2,,,0
3000,'5658',645,,11980,2,,,0,201,,11981,2,,,0,100,,11982,2,,,0,300,,11983,2,,,0,300,,11984,2,,,0
3000,'5659',613,,11977,2,,,0,115,,11979,2,,,0,15,,11978,2,,,0,271,,11971,2,,,0,30,,11972,2,,,0,300,,11973,2,,,0,372,,11974,2,,,0,30,,11975,2,,,0,300,,11976,2,,,0
3000,'5660',613,,12542,2,,,0,115,,12544,2,,,0,15,,12543,2,,,0,271,,12536,2,,,0,30,,12537,2,,,0,300,,12538,2,,,0,372,,12539,2,,,0,30,,12540,2,,,0,300,,12541,2,,,0
3000,'5661',645,,12545,2,,,0,201,,12546,2,,,0,100,,12547,2,,,0,300,,12548,2,,,0,300,,12549,2,,,0
3000,'5663',844,,12550,2,,,0,400,,12551,2,,,0,169,,12552,2,,,0,100,,12553,2,,,0,31,,12554,2,,,0,170,,12555,2,,,0,132,,12556,2,,,0,100,,12557,2,,,0,100,,12558,2,,,0
