3001,'4614',631,,10741,26,,,0,70,,10734,26,,,0,104,,10736,26,,,0,17,,10739,26,,,0,15,,10738,26,,,0,71,,10735,26,,,0,129,,10713,26,,,0,70,,11604,26,,,0,30,,10714,26,,,0,70,,10716,26,,,0,30,,10718,26,,,0,70,,10720,26,,,0,102,,10717,26,,,0,30,,10722,26,,,0,70,,10719,26,,,0,99,,10723,26,,,0,199,,10725,26,,,0,29,,10726,26,,,0,70,,10727,26,,,0,199,,10730,26,,,0,100,,10731,26,,,0,99,,10728,26,,,0,100,,10732,26,,,0
3001,'4616',736,,10757,26,,,0,100,,10758,26,,,0,100,,10759,26,,,0,71,,10760,26,,,0,30,,10761,26,,,0,70,,10762,26,,,0,30,,10763,26,,,0,101,,10765,26,,,0,70,,10766,26,,,0,30,,10767,26,,,0,70,,10768,26,,,0,30,,10769,26,,,0,100,,10771,26,,,0,70,,10772,26,,,0,99,,10774,26,,,0,129,,10777,26,,,0,70,,10778,26,,,0,200,,10780,26,,,0,297,,10783,26,,,0
3001,'5289',1539,,10743,26,,,0,169,,10742,26,,,0
3001,'5454',1007,,10746,26,,,0,100,,10747,26,,,0,201,,10749,26,,,0,100,,10750,26,,,0,200,,10752,26,,,0,100,,10753,26,,,0,197,,10755,26,,,0,100,,10756,26,,,0
3001,'5568',1539,,10785,26,,,0,169,,10784,26,,,0
3001,'5658',805,,12002,26,,,0,101,,12003,26,,,0,302,,12004,26,,,0,300,,12005,26,,,0,299,,12006,26,,,0
3001,'5659',731,,11999,26,,,0,121,,12001,26,,,0,85,,11994,26,,,0,70,,11995,26,,,0,332,,11996,26,,,0,299,,12000,26,,,0,100,,11997,26,,,0,268,,11998,26,,,0
3001,'5660',731,,12564,26,,,0,121,,12566,26,,,0,85,,12559,26,,,0,70,,12560,26,,,0,332,,12561,26,,,0,299,,12565,26,,,0,100,,12562,26,,,0,268,,12563,26,,,0
3001,'5661',805,,12567,26,,,0,101,,12568,26,,,0,302,,12569,26,,,0,300,,12570,26,,,0,299,,12571,26,,,0
3001,'5663',1208,,12572,26,,,0,300,,12573,26,,,0,130,,12574,26,,,0,100,,12575,26,,,0,68,,12576,26,,,0,200,,12577,26,,,0,199,,12578,26,,,0,99,,12579,26,,,0
