701,'4614',732,,10262,41,,,0,78,,11476,41,,,0,226,,10259,41,,,0,100,,10265,41,,,0,94,,10247,41,,,0,103,,11474,41,,,0,102,,10255,41,,,0,100,,10249,41,,,0,201,,10263,41,,,0,67,,10266,41,,,0,29,,10258,41,,,0,197,,10257,41,,,0,100,,10260,41,,,0,100,,10261,41,,,0,100,,10246,41,,,0
701,'4616',729,,10287,41,,,0,102,,10297,41,,,0,103,,10288,41,,,0,100,,10292,41,,,0,196,,10289,41,,,0,102,,10290,41,,,0,202,,10285,41,,,0,100,,10286,41,,,0,200,,10293,41,,,0,197,,10294,41,,,0
701,'5289',1636,,10267,41,,,0
701,'5454',933,,10280,41,,,0,101,,11473,41,,,0,196,,10272,41,,,0,102,,10271,41,,,0,101,,11472,41,,,0,101,,10269,41,,,0,99,,10281,41,,,0,200,,10276,41,,,0,98,,10270,41,,,0,100,,10268,41,,,0
701,'5568',1636,,10299,41,,,0
701,'5658',729,,11877,41,,,0,102,,11880,41,,,0,304,,11878,41,,,0,598,,11879,41,,,0
701,'5659',632,,11873,28,,,0,208,,11871,41,,,0,96,,11872,41,,,0,770,,11875,41,,,0,195,,11876,41,,,0,29,,11874,41,,,0
701,'5660',632,,12467,28,,,0,208,,12465,41,,,0,96,,12466,41,,,0,770,,12469,41,,,0,195,,12470,41,,,0,29,,12468,41,,,0
701,'5661',729,,12471,41,,,0,102,,12474,41,,,0,304,,12472,41,,,0,598,,12473,41,,,0
701,'5663',1135,,12475,41,,,0,298,,12476,41,,,0,301,,12481,41,,,0,198,,12477,41,,,0,199,,12479,41,,,0,99,,12478,41,,,0,99,,12480,41,,,0
