801,'4614',553,,11891,10,0,18,0,205,,10304,10,0,18,0,96,,11479,10,0,18,0,201,,10300,10,0,18,0,104,,10310,10,0,18,0,142,,10303,10,0,18,0,200,,10306,10,0,18,0,101,,10305,10,0,18,0,100,,10316,10,0,18,0,99,,10308,10,0,18,0,100,,10309,10,0,18,0,100,,10307,10,0,18,0,100,,10313,10,0,18,0,101,,10314,10,0,18,0,100,,10317,10,0,18,0
801,'4616',652,,10335,10,0,18,0,302,,10337,10,0,18,0,101,,10338,10,0,18,0,145,,10346,10,0,18,0,101,,10347,10,0,18,0,202,,10340,10,0,18,0,100,,10341,10,0,18,0,100,,10349,10,0,18,0,199,,10334,10,0,18,0,100,,10343,10,0,18,0,100,,11477,10,0,18,0,100,,10345,10,0,18,0
801,'5289',1521,,10319,10,0,18,0
801,'5454',754,,10325,10,0,18,0,200,,10323,10,0,18,0,101,,10327,10,0,18,0,246,,10328,10,0,18,0,202,,10322,10,0,18,0,100,,10333,10,0,18,0,100,,10320,10,0,18,0,100,,10321,10,0,18,0,99,,10331,10,0,18,0,100,,10330,10,0,18,0
801,'5568',1421,,10350,10,0,18,0
801,'5658',855,,11895,10,0,18,0,345,,11893,10,0,18,0,202,,11894,10,0,18,0
801,'5659',652,,11888,10,0,18,0,303,,11890,10,0,18,0,446,,11889,10,0,18,0
801,'5660',652,,12482,10,0,18,0,303,,12484,10,0,18,0,446,,12483,10,0,18,0
801,'5661',855,,12488,10,0,18,0,345,,12486,10,0,18,0,202,,12487,10,0,18,0
801,'5663',754,,12492,10,0,18,0,101,,12489,10,0,18,0,547,,12490,10,0,18,0,401,,12491,10,0,18,0
