701,'4614',659,,10262,4,0,17,0,77,,11476,4,0,17,0,267,,10259,4,0,17,0,100,,10265,4,0,17,0,54,,10247,4,0,17,0,102,,11474,4,0,17,0,141,,10255,4,0,17,0,100,,10249,4,0,17,0,201,,10263,4,0,17,0,29,,10266,4,0,17,0,70,,10258,4,0,17,0,159,,10257,4,0,17,0,100,,10260,4,0,17,0,100,,10261,4,0,17,0,141,,10246,4,0,17,0
701,'4616',659,,10287,4,0,17,0,141,,10297,4,0,17,0,102,,10288,4,0,17,0,100,,10292,4,0,17,0,155,,10289,4,0,17,0,102,,10290,4,0,17,0,242,,10285,4,0,17,0,100,,10286,4,0,17,0,200,,10293,4,0,17,0,199,,10294,4,0,17,0
701,'5289',1601,,10267,4,0,17,0
701,'5454',902,,10280,4,0,17,0,100,,11473,4,0,17,0,155,,10272,4,0,17,0,102,,10271,4,0,17,0,141,,11472,4,0,17,0,101,,10269,4,0,17,0,100,,10281,4,0,17,0,200,,10276,4,0,17,0,99,,10270,4,0,17,0,100,,10268,4,0,17,0
701,'5568',1601,,10299,4,0,17,0
701,'5658',659,,11877,4,0,17,0,141,,11880,4,0,17,0,302,,11878,4,0,17,0,599,,11879,4,0,17,0
701,'5659',804,,11871,4,0,17,0,98,,11872,4,0,17,0,729,,11875,4,0,17,0,199,,11876,4,0,17,0,29,,11874,4,0,17,0
701,'5660',804,,12465,4,0,17,0,98,,12466,4,0,17,0,729,,12469,4,0,17,0,199,,12470,4,0,17,0,29,,12468,4,0,17,0
701,'5661',659,,12471,4,0,17,0,141,,12474,4,0,17,0,302,,12472,4,0,17,0,599,,12473,4,0,17,0
701,'5663',1102,,12475,4,0,17,0,298,,12476,4,0,17,0,301,,12481,4,0,17,0,199,,12477,4,0,17,0,200,,12479,4,0,17,0,59,,12478,4,0,17,0,100,,12480,4,0,17,0
