7000,'4614',735,,11066,4,,,0,191,,11069,4,,,0,326,,11067,4,,,0,291,,11072,4,,,0,360,,11071,4,,,0
7000,'4616',923,,11083,4,,,0,320,,11081,4,,,0,309,,11082,4,,,0,171,,11080,4,,,0,187,,11084,4,,,0,207,,11086,4,,,0
7000,'4619',2010,,11074,4,,,0,106,,11073,4,,,0
7000,'5454',923,,11079,4,,,0,189,,11075,4,,,0,131,,11663,4,,,0,667,,11078,4,,,0
7000,'5658',1552,,12245,4,,,0
7000,'5659',625,,12243,4,,,0,1113,,12244,4,,,0
7000,'5660',625,,12798,4,,,0,1113,,12799,4,,,0
7000,'5661',1552,,12800,4,,,0
7000,'5663',820,,12802,4,,,0,292,,12801,4,,,0
7001,'4614',707,,11088,7,,,0,137,,11090,7,,,0,378,,11092,7,,,0,291,,11094,7,,,0,320,,11093,7,,,0
7001,'4616',846,,11105,7,,,0,306,,11103,7,,,0,356,,11104,7,,,0,138,,11102,7,,,0,200,,11106,7,,,0,205,,11108,7,,,0
7001,'4619',1940,,11095,7,,,0,112,,11096,7,,,0
7001,'5454',846,,11101,7,,,0,190,,11098,7,,,0,116,,11664,7,,,0,694,,11100,7,,,0
7001,'5658',1508,,12250,7,,,0
7001,'5659',600,,12248,7,,,0,1103,,12249,7,,,0
7001,'5660',600,,12803,7,,,0,1103,,12804,7,,,0
7001,'5661',1508,,12805,7,,,0
7001,'5663',749,,12807,7,,,0,287,,12806,7,,,0
