2001,'4614',702,,10573,32,,,0,104,,10579,49,,,0,2,,10580,13,,,0,28,,10572,49,,,0,88,,10567,32,,,0,99,,10578,49,,,0,21,,10568,32,,,0,100,,10577,32,,,0,101,,10574,32,,,0,100,,10575,32,,,0,155,,10576,49,,,0,347,,10569,32,,,0,373,,10570,49,,,0,196,,10571,49,,,0
2001,'5289',1650,,10581,32,,,0
2001,'5299',1550,,10584,32,,,0,199,,10582,32,,,0,271,,10583,49,,,0
2001,'5544',806,,10590,32,,,0,202,,10585,32,,,0,201,,10587,32,,,0,200,,10586,32,,,0,201,,10588,32,,,0,199,,10589,32,,,0
2001,'5547',851,,10602,49,,,0,97,,10597,32,,,0,100,,10601,32,,,0,100,,10598,32,,,0,101,,10591,32,,,0,100,,10600,32,,,0,100,,10604,32,,,0,100,,10594,32,,,0,99,,10599,32,,,0,100,,10595,32,,,0,99,,10592,32,,,0,174,,10603,49,,,0,200,,10596,49,,,0,195,,10593,49,,,0
2001,'5567',1550,,10607,32,,,0,199,,10605,32,,,0,271,,10606,49,,,0
2001,'5568',1650,,10608,32,,,0
1002001,'4614',722,,11408,32,,,0,183,,11409,49,,,0,44,,11410,32,,,0,165,,11411,32,,,0,100,,11404,32,,,0,101,,11405,32,,,0,112,,11412,49,,,0,100,,11406,49,,,0,98,,11407,49,,,0,98,,11413,49,,,0,100,,11414,49,,,0,98,,11415,49,,,0,199,,11416,49,,,0,198,,11417,49,,,0
1002001,'5544',921,,11418,49,,,0,201,,11419,49,,,0,201,,11420,49,,,0,200,,11421,49,,,0,200,,11422,49,,,0,199,,11424,49,,,0,198,,11423,49,,,0
1002001,'5547',749,,11438,49,,,0,172,,11425,49,,,0,100,,11426,49,,,0,100,,11427,49,,,0,100,,11428,49,,,0,101,,11437,49,,,0,100,,11429,49,,,0,100,,11430,49,,,0,100,,11431,49,,,0,100,,11432,49,,,0,100,,11433,49,,,0,99,,11434,49,,,0,200,,11435,49,,,0,198,,11436,49,,,0
