4000,'4614',636,,10853,16,,,0,15,,10879,16,,,0,78,,10880,16,0,6 7,0,7,,11643,16,,,0,11,,10884,16,0,6 7,0,68,,11648,16,0,6 7,0,92,,10831,16,,,0,15,,11644,16,,,0,100,,10860,16,,,0,200,,10864,16,,,0,216,,10841,16,,,0,569,,10827,16,,,0,30,,10825,16,,,0
4000,'4616',736,,10937,16,,,0,70,,10938,16,,,0,30,,10939,16,,,0,473,,10914,16,,,0,100,,10917,16,,,0,30,,11638,16,,,0,70,,10929,16,,,0,30,,10924,16,,,0,70,,10911,16,,,0
4000,'4619',1723,,12075,16,,,0
4000,'4931',1723,,12076,16,,,0
4000,'5454',937,,10892,16,,,0,100,,10894,16,,,0,501,,10904,16,,,0,70,,10905,16,,,0
4000,'5658',706,,12077,16,,,0,100,,12079,16,,,0,100,,12081,16,,,0,101,,12082,16,,,0,100,,12083,16,,,0,30,,12084,16,,,0,70,,12085,16,,,0,30,,12086,16,,,0,71,,12087,16,,,0,30,,12088,16,,,0,70,,12089,16,,,0,32,,12090,16,,,0,68,,12091,16,,,0,130,,12092,16,,,0,70,,12093,16,,,0,28,,12094,16,,,0,71,,12095,16,,,0,30,,12096,16,,,0,70,,12078,16,,,0,30,,12080,16,,,0
4000,'5659',606,,12051,16,,,0,100,,12052,16,,,0,15,,12072,16,,,0,22,,12073,16,0,6 7,0,9,,12071,16,,,0,48,,12074,16,0,6 7,0,7,,12053,16,,,0,15,,12070,16,,,0,15,,12031,16,,,0,15,,12054,16,,,0,85,,12032,16,,,0,15,,12055,16,,,0,55,,12033,16,,,0,30,,12034,16,,,0,15,,12056,16,,,0,55,,12035,16,,,0,15,,12057,16,,,0,15,,12036,16,,,0,15,,12058,16,,,0,55,,12037,16,,,0,30,,12038,16,,,0,15,,12059,16,,,0,55,,12039,16,,,0,15,,12060,16,,,0,15,,12040,16,,,0,16,,12061,16,,,0,55,,12041,16,,,0,15,,12062,16,,,0,30,,12063,16,,,0,55,,12042,16,,,0,16,,12064,16,,,0,14,,12043,16,,,0,15,,12065,16,,,0,55,,12044,16,,,0,15,,12066,16,,,0,15,,12045,16,,,0,15,,12067,16,,,0,55,,12046,16,,,0,29,,12047,16,,,0,15,,12068,16,,,0,55,,12048,16,,,0,30,,12049,16,,,0,70,,12050,16,,,0,30,,12028,16,,,0,170,,12029,16,,,0,29,,12027,16,,,0,70,,12030,16,,,0,30,,12026,16,,,0,69,,12069,16,,,0
4000,'5660',606,,12609,16,,,0,100,,12610,16,,,0,15,,12630,16,,,0,22,,12631,16,0,6 7,0,9,,12629,16,,,0,48,,12632,16,0,6 7,0,7,,12611,16,,,0,15,,12628,16,,,0,15,,12589,16,,,0,15,,12612,16,,,0,85,,12590,16,,,0,15,,12613,16,,,0,55,,12591,16,,,0,30,,12592,16,,,0,15,,12614,16,,,0,55,,12593,16,,,0,15,,12615,16,,,0,15,,12594,16,,,0,15,,12616,16,,,0,55,,12595,16,,,0,30,,12596,16,,,0,15,,12617,16,,,0,55,,12597,16,,,0,15,,12618,16,,,0,15,,12598,16,,,0,16,,12619,16,,,0,55,,12599,16,,,0,15,,12620,16,,,0,30,,12621,16,,,0,55,,12600,16,,,0,16,,12622,16,,,0,14,,12601,16,,,0,15,,12623,16,,,0,55,,12602,16,,,0,15,,12624,16,,,0,15,,12603,16,,,0,15,,12625,16,,,0,55,,12604,16,,,0,29,,12605,16,,,0,15,,12626,16,,,0,55,,12606,16,,,0,30,,12607,16,,,0,70,,12608,16,,,0,30,,12586,16,,,0,170,,12587,16,,,0,29,,12585,16,,,0,70,,12588,16,,,0,30,,12584,16,,,0,69,,12627,16,,,0
4000,'5661',706,,12633,16,,,0,100,,12635,16,,,0,100,,12637,16,,,0,101,,12638,16,,,0,100,,12639,16,,,0,30,,12640,16,,,0,70,,12641,16,,,0,30,,12642,16,,,0,71,,12643,16,,,0,30,,12644,16,,,0,70,,12645,16,,,0,32,,12646,16,,,0,68,,12647,16,,,0,130,,12648,16,,,0,70,,12649,16,,,0,28,,12650,16,,,0,71,,12651,16,,,0,30,,12652,16,,,0,70,,12634,16,,,0,30,,12636,16,,,0
4000,'5663',636,,12672,16,,,0,270,,12673,16,,,0,31,,12661,16,,,0,70,,12658,16,,,0,30,,12656,16,,,0,71,,12665,16,,,0,30,,12671,16,,,0,71,,12653,16,,,0,30,,12657,16,,,0,100,,12667,16,,,0,300,,12659,16,,,0,69,,12660,16,,,0,30,,12664,16,,,0,70,,12662,16,,,0,30,,12666,16,,,0,70,,12669,16,,,0,29,,12655,16,,,0,70,,12663,16,,,0,100,,12668,16,,,0,100,,12654,16,,,0,99,,12670,16,,,0
