701,'4614',625,2,11873,21,,,0,99,2,10262,34,,,0,78,2,11476,34,,,0,30,2,11871,34,,,0,96,2,11872,34,,,0,100,2,10259,34,,,0,100,2,10265,34,,,0,94,,10247,34,,,0,103,,11474,34,,,0,102,,10255,34,,,0,100,,10249,34,,,0,131,,11875,34,,,0,70,,10263,34,,,0,27,,10266,34,,,0,70,,10258,34,,,0,29,,11876,34,,,0,69,,11874,34,,,0,100,,10257,34,,,0,100,,10260,34,,,0,100,,10261,34,,,0,100,,10246,34,,,0
701,'4616',722,2,10287,34,,,0,102,2,10297,34,,,0,102,2,10288,34,,,0,100,2,10292,34,,,0,196,,10289,34,,,0,102,,10290,34,,,0,202,,10285,34,,,0,100,,10286,34,,,0,200,,10293,34,,,0,198,,10294,34,,,0
701,'5289',1628,,10267,34,,,0
701,'5454',722,2,11877,34,,,0,102,2,11880,34,,,0,102,2,10280,34,,,0,100,2,11473,34,,,0,101,2,11878,34,,,0,95,,10272,34,,,0,102,,10271,34,,,0,101,,11472,34,,,0,101,,10269,34,,,0,100,,10281,34,,,0,100,,11879,34,,,0,100,,10276,34,,,0,98,,10270,34,,,0,100,,10268,34,,,0
701,'5568',1628,,10299,34,,,0
701,'5640',1127,2,11881,34,,,0,298,,11882,34,,,0,301,,11887,34,,,0,198,,11883,34,,,0,200,,11885,34,,,0,99,,11884,34,,,0,100,,11886,34,,,0
801,'4614',625,2,11891,46,,,0,99,2,11888,46,,,0,78,2,10318,31,,,0,30,2,10304,46,,,0,96,2,11479,46,,,0,100,2,11890,46,,,0,100,2,10300,46,,,0,105,,10310,46,,,0,102,,10303,46,,,0,103,,11889,46,,,0,100,,10306,46,,,0,101,,10305,46,,,0,98,,10316,46,,,0,99,,10308,46,,,0,98,,10309,46,,,0,100,,10307,46,,,0,99,,10313,46,,,0,99,,10314,46,,,0,99,,10317,46,,,0
801,'4616',722,2,10335,46,,,0,304,2,10337,46,,,0,101,2,10338,46,,,0,105,,10346,46,,,0,102,,10347,46,,,0,202,,10340,46,,,0,100,,10341,46,,,0,100,,10349,46,,,0,199,,10334,46,,,0,100,,10343,46,,,0,98,,11477,46,,,0,99,,10345,46,,,0
801,'5289',1558,,10319,46,4,,0
801,'5454',722,2,11892,31,,,0,102,2,10325,46,,,0,102,2,11895,46,,,0,100,2,10323,46,,,0,101,2,10327,46,,,0,105,,11893,46,,,0,102,,10328,46,,,0,101,,11894,46,,,0,101,,10322,46,,,0,100,,10333,46,,,0,100,,10320,46,,,0,100,,10321,46,,,0,99,,10331,46,,,0,100,,10330,46,,,0
801,'5568',1458,,10350,46,4,,0
801,'5640',824,2,11899,46,,,0,102,2,11896,46,,,0,509,,11897,46,,,0,401,,11898,46,,,0
7000,'4614',709,,12243,9,,,0,110,,11066,9,,,0,191,,11069,9,,,0,327,,11067,9,,,0,292,,11072,9,,,0,193,,12244,9,,,0,125,,11071,9,,,0
7000,'4616',1007,,11083,9,,,0,321,,11081,9,,,0,309,,11082,9,,,0,171,,11080,9,,,0,146,,11084,9,,,0,247,,11086,9,,,0
7000,'4619',2054,,11074,9,,,0,146,,11073,9,,,0
7000,'5454',1007,,11079,9,,,0,150,,11075,9,,,0,171,,11663,9,,,0,309,,12245,9,,,0,317,,11078,9,,,0
7000,'5640',903,,12247,9,,,0,254,,12246,9,,,0
7801,'4614',635,,12314,13,,,0,102,,12315,13,,,0,269,,11252,13,,,0,604,,12316,13,,,0,228,,12317,13,,,0
