701,'4614',702,,10262,8,0,17,0,37,,11476,8,0,17,0,267,,10259,8,0,17,0,100,,10265,8,0,17,0,94,,10247,8,0,17,0,102,,11474,8,0,17,0,101,,10255,8,0,17,0,100,,10249,8,0,17,0,201,,10263,8,0,17,0,29,,10266,8,0,17,0,70,,10258,8,0,17,0,199,,10257,8,0,17,0,100,,10260,8,0,17,0,100,,10261,8,0,17,0,100,,10246,8,0,17,0
701,'4616',701,,10287,8,0,17,0,102,,10297,8,0,17,0,102,,10288,8,0,17,0,100,,10292,8,0,17,0,195,,10289,8,0,17,0,102,,10290,8,0,17,0,202,,10285,8,0,17,0,100,,10286,8,0,17,0,200,,10293,8,0,17,0,199,,10294,8,0,17,0
701,'5289',1604,,10267,8,0,17,0
701,'5454',905,,10280,8,0,17,0,100,,11473,8,0,17,0,195,,10272,8,0,17,0,102,,10271,8,0,17,0,101,,11472,8,0,17,0,101,,10269,8,0,17,0,100,,10281,8,0,17,0,200,,10276,8,0,17,0,99,,10270,8,0,17,0,100,,10268,8,0,17,0
701,'5568',1604,,10299,8,0,17,0
701,'5658',701,,11877,8,0,17,0,102,,11880,8,0,17,0,302,,11878,8,0,17,0,599,,11879,8,0,17,0
701,'5659',807,,11871,8,0,17,0,98,,11872,8,0,17,0,729,,11875,8,0,17,0,199,,11876,8,0,17,0,69,,11874,8,0,17,0
701,'5660',807,,12465,8,0,17,0,98,,12466,8,0,17,0,729,,12469,8,0,17,0,199,,12470,8,0,17,0,69,,12468,8,0,17,0
701,'5661',701,,12471,8,0,17,0,102,,12474,8,0,17,0,302,,12472,8,0,17,0,599,,12473,8,0,17,0
701,'5663',1105,,12475,8,0,17,0,298,,12476,8,0,17,0,301,,12481,8,0,17,0,199,,12477,8,0,17,0,200,,12479,8,0,17,0,99,,12478,8,0,17,0,100,,12480,8,0,17,0
