2000,'4614',611,,10539,41,,,0,102,,10540,41,,,0,107,,10541,41,,,0,1188,,10537,41,,,0,198,,10538,41,,,0
2000,'4616',2009,,10559,41,,,0,198,,10564,41,,,0
2000,'5454',912,,10548,41,,,0,202,,10551,41,,,0,201,,10550,41,,,0,202,,10552,41,,,0,200,,10549,41,,,0,293,,10553,41,,,0
2001,'4614',753,,10579,33,,,0,72,,10572,33,,,0,187,,10578,33,,,0,435,,10576,33,,,0,763,,10570,33,,,0,197,,10571,33,,,0
2001,'4616',841,,11963,33,,,0,1170,,10603,33,,,0,200,,10596,33,,,0,197,,10593,33,,,0
2001,'5299',2010,,10583,33,,,0
2001,'5567',2010,,10606,33,,,0
7200,'4614',637,,11669,5,,,0,70,,11672,5,,,0,30,,11670,5,,,0,71,,11113,5,,,0,32,,12253,5,,,0,69,,11115,5,,,0,30,,12254,5,,,0,70,,11671,5,,,0,30,,11118,5,,,0,70,,11119,5,,,0,30,,11120,5,,,0,70,,11121,5,,,0,30,,11122,5,,,0,70,,11123,5,,,0,30,,11124,5,,,0,71,,11125,5,,,0,32,,11126,5,,,0,70,,11127,5,,,0,31,,12255,5,,,0,70,,11129,5,,,0,30,,11130,5,,,0,68,,11131,5,,,0,30,,11132,5,,,0,69,,11133,5,,,0,29,,11134,5,,,0,98,,12256,5,,,0,100,,11136,5,,,0,100,,11137,5,,,0,100,,12257,5,,,0
7200,'4616',639,,11154,5,,,0,100,,11156,5,,,0,100,,11158,5,,,0,70,,12265,5,,,0,30,,11160,5,,,0,70,,12266,5,,,0,30,,11162,5,,,0,70,,12267,5,,,0,30,,12268,5,,,0,70,,12269,5,,,0,30,,12270,5,,,0,70,,12271,5,,,0,30,,12272,5,,,0,70,,12273,5,,,0,30,,12274,5,,,0,70,,12275,5,,,0,30,,12276,5,,,0,70,,12277,5,,,0,30,,12278,5,,,0,70,,12279,5,,,0,30,,12280,5,,,0,70,,11177,5,,,0,28,,12281,5,,,0,100,,12282,5,,,0,100,,12262,5,,,0,100,,12264,5,,,0,100,,11152,5,,,0,100,,12263,5,,,0
7200,'5454',739,,11139,5,,,0,100,,11140,5,,,0,100,,11141,5,,,0,100,,11142,5,,,0,100,,11143,5,,,0,100,,12258,5,,,0,100,,12259,5,,,0,100,,11146,5,,,0,100,,11147,5,,,0,100,,11148,5,,,0,100,,11149,5,,,0,100,,12260,5,,,0,100,,12261,5,,,0
1002000,'4614',845,,12333,47,,,0,403,,11739,47,,,0,206,,11373,47,,,0,103,,11369,47,,,0,184,,11374,47,,,0,368,,11375,47,,,0,199,,11376,47,,,0
1002000,'4616',639,,11389,47,,,0,101,,12336,47,,,0,100,,11388,47,,,0,100,,12334,47,,,0,100,,11391,47,,,0,101,,11392,47,,,0,100,,11393,47,,,0,100,,12335,47,,,0,101,,11395,47,,,0,100,,11400,47,,,0,100,,11396,47,,,0,98,,11397,47,,,0,174,,11398,47,,,0,196,,11399,47,,,0,198,,11387,47,,,0
1002000,'5299',1644,,11378,47,,,0,269,,11379,47,,,0
1002000,'5454',716,,11737,47,,,0,100,,11386,47,,,0
1002000,'5567',1644,,11402,47,,,0,269,,11403,47,,,0
1002001,'4614',854,,11409,33,,,0,560,,12337,33,,,0,101,,11406,33,,,0,99,,11407,33,,,0,99,,11413,33,,,0,100,,11414,33,,,0,98,,11415,33,,,0,199,,11416,33,,,0,199,,11417,33,,,0
1002001,'4616',740,,11438,33,,,0,171,,12340,33,,,0,100,,11426,33,,,0,100,,12341,33,,,0,100,,11428,33,,,0,101,,11437,33,,,0,100,,11429,33,,,0,100,,11430,33,,,0,100,,11431,33,,,0,100,,11432,33,,,0,100,,11433,33,,,0,99,,11434,33,,,0,200,,11435,33,,,0,198,,11436,33,,,0
1002001,'5454',911,,11418,33,,,0,201,,11419,33,,,0,201,,11420,33,,,0,200,,11421,33,,,0,200,,11422,33,,,0,199,,11424,33,,,0,199,,11423,33,,,0
