7000,'4614',757,,11066,5,,,0,191,,11069,5,,,0,367,,11067,5,,,0,292,,11072,5,,,0,318,,11071,5,,,0
7000,'4616',945,,11083,5,,,0,361,,11081,5,,,0,309,,11082,5,,,0,131,,11080,5,,,0,186,,11084,5,,,0,207,,11086,5,,,0
7000,'4619',2032,,11074,5,,,0,106,,11073,5,,,0
7000,'5454',945,,11079,5,,,0,190,,11075,5,,,0,171,,11663,5,,,0,626,,11078,5,,,0
7000,'5658',1615,,12245,5,,,0
7000,'5659',647,,12243,5,,,0,1153,,12244,5,,,0
7000,'5660',647,,12798,5,,,0,1153,,12799,5,,,0
7000,'5661',1615,,12800,5,,,0
7000,'5663',842,,12802,5,,,0,293,,12801,5,,,0
7001,'4614',645,,11088,6,,,0,176,,11090,6,,,0,338,,11092,6,,,0,290,,11094,6,,,0,361,,11093,6,,,0
7001,'4616',824,,11105,6,,,0,304,,11103,6,,,0,316,,11104,6,,,0,178,,11102,6,,,0,201,,11106,6,,,0,205,,11108,6,,,0
7001,'4619',1918,,11095,6,,,0,112,,11096,6,,,0
7001,'5454',824,,11101,6,,,0,188,,11098,6,,,0,116,,11664,6,,,0,695,,11100,6,,,0
7001,'5658',1444,,12250,6,,,0
7001,'5659',538,,12248,6,,,0,1101,,12249,6,,,0
7001,'5660',538,,12803,6,,,0,1101,,12804,6,,,0
7001,'5661',1444,,12805,6,,,0
7001,'5663',727,,12807,6,,,0,285,,12806,6,,,0
