2001,'4614',649,,10573,13,,,0,87,,10579,13,0,9 10 11,0,70,,10572,13,0,9 10 11,0,105,,10567,13,,,0,45,,10578,13,0,9 10 11,0,75,,10568,13,,,0,100,,11593,13,,,0,201,,10575,13,,,0,97,,10576,13,0,9 10 11,0,406,,10569,13,,,0,320,,10570,13,0,9 10 11,0,198,,10571,13,0,9 10 11,0
2001,'4616',935,,10597,13,,,0,100,,10601,13,,,0,100,,10598,13,,,0,101,,10591,13,,,0,100,,10600,13,,,0,100,,10604,13,,,0,101,,10594,13,,,0,99,,10599,13,,,0,100,,10595,13,,,0,99,,10592,13,,,0,120,,10603,13,0,9 10 11,0,200,,10596,13,0,9 10 11,0,198,,10593,13,0,9 10 11,0
2001,'5289',1637,,10581,13,,,0
2001,'5299',1537,,10584,13,,,0,200,,10582,13,,,0,218,,10583,13,0,9 10 11,0
2001,'5454',754,,11592,13,,,0,202,,10585,13,,,0,200,,10587,13,,,0,201,,10586,13,,,0,201,,10588,13,,,0,199,,10589,13,,,0
2001,'5567',1537,,10607,13,,,0,200,,10605,13,,,0,218,,10606,13,0,9 10 11,0
2001,'5568',1637,,10608,13,,,0
2001,'5659',1232,,11962,13,,,0
2001,'5660',1232,,12530,13,,,0
2001,'5663',825,,12531,13,0,9 10 11,0
2501,'4614',829,,10624,13,,,0,301,,11598,14,,,0,402,,11968,14,,,0,398,,10628,14,,,0,90,,11969,13,,,0
2501,'4616',1132,,10638,14,,,0,400,,10637,14,,,0,200,,10639,14,,,0,200,,10635,14,,,0
2501,'5454',829,,11597,13,,,0,303,,10631,14,,,0,400,,10632,14,,,0,200,,10634,14,,,0,200,,10633,14,,,0
2501,'5659',1309,,11967,13,,,0
2501,'5660',1309,,12534,13,,,0
2501,'5663',829,,12535,13,,,0
1002001,'4614',709,,11408,13,,,0,127,,11409,13,,,0,100,,11742,13,,,0,265,,11404,13,,,0,101,,11405,13,,,0,155,,11406,13,,,0,100,,11407,13,,,0,100,,11413,13,,,0,100,,11414,13,,,0,98,,11415,13,,,0,200,,11416,13,,,0,199,,11417,13,,,0
1002001,'4616',724,,11438,13,,,0,231,,11426,13,,,0,200,,11428,13,,,0,101,,11437,13,,,0,100,,11429,13,,,0,100,,11430,13,,,0,100,,11431,13,,,0,100,,11432,13,,,0,100,,11433,13,,,0,99,,11434,13,,,0,200,,11435,13,,,0,199,,11436,13,,,0
1002001,'5289',1101,,12886,13,,,0
1002001,'5454',855,,11418,13,,,0,201,,11419,13,,,0,201,,11420,13,,,0,200,,11421,13,,,0,200,,11422,13,,,0,199,,11424,13,,,0,199,,11423,13,,,0
1002001,'5659',1101,,12339,13,,,0,256,,12337,13,,,0
1002001,'5660',1357,,12887,13,,,0
1002001,'5662',1101,,12888,13,,,0
1002001,'5663',855,,12889,13,,,0,200,,12890,13,,,0
