2001,'4528',644,,9422,7,,,0,157,,8078,7,0,9 10 11,0,105,,8066,7,,,0,109,,9416,7,,,0,110,,9417,7,,,0,110,,9418,7,,,0,220,,9419,7,0,9 10 11,0,150,,9420,7,,,0,110,,8072,7,,,0,106,,8073,7,0,9 10 11,0,114,,9421,7,,,0,205,,8075,7,0,9 10 11,0,199,,8076,7,0,9 10 11,0
2001,'4532',915,,8085,7,,,0,88,,8089,7,,,0,347,,8088,7,,,0,102,,8082,7,,,0,686,,8084,7,0,9 10 11,0,200,,8081,7,0,9 10 11,0
2001,'5221',905,,8090,7,,,0,654,,8093,7,,,0
2001,'5560',1131,,8092,7,,,0,219,,8091,7,,,0,475,,8094,7,,,0
2001,'5562',1108,,9426,7,,,0,127,,9423,7,,,0,324,,9427,7,,,0,144,,9425,7,,,0,111,,9424,7,,,0
2001,'5563',1131,,9429,7,,,0,219,,9428,7,,,0,475,,9430,7,,,0
2501,'4528',824,,9440,7,,,0,216,,9441,8,,,0,217,,9442,7,,,0,174,,8113,8,,,0,373,,9443,8,,,0,225,,9444,7,,,0
2501,'4532',1255,,8118,8,,,0,775,,8116,8,,,0
2501,'5221',820,,8121,7,,,0,435,,8123,8,,,0,775,,8125,8,,,0
2501,'5560',1040,,8122,8,,,0,760,,8124,7,,,0
2501,'5562',820,,9445,7,,,0,220,,9446,8,,,0,760,,9447,7,,,0
2501,'5563',1040,,9448,8,,,0,760,,9449,7,,,0
1002001,'4528',719,,9868,7,,,0,111,,9869,7,,,0,220,,9870,7,,,0,150,,9871,7,,,0,110,,8826,7,,,0,35,,9872,7,,,0,75,,9873,7,,,0,220,,9874,7,,,0,112,,9875,7,,,0,148,,9876,7,,,0,138,,9877,7,,,0,201,,9878,7,,,0
1002001,'4532',716,,8838,7,,,0,438,,8845,7,,,0,156,,8844,7,,,0,331,,8836,7,,,0,109,,8842,7,,,0,267,,8846,7,,,0,219,,8843,7,,,0
1002001,'4623',924,,9879,7,,,0,606,,9880,7,,,0
1002001,'5221',1003,,8853,7,,,0,232,,8849,7,,,0,222,,8851,7,,,0,258,,8850,7,,,0
1002001,'5222',924,,9881,7,,,0,606,,9882,7,,,0
1002001,'5560',752,,8854,7,,,0,1268,,8852,7,,,0
1002001,'5562',829,,9886,7,,,0,111,,9883,7,,,0,111,,9885,7,,,0,369,,9884,7,,,0,104,,9888,7,,,0,390,,9887,7,,,0
1002001,'5563',752,,9890,7,,,0,1268,,9889,7,,,0
