2001,'4614',655,,10573,21,,,0,102,,10579,38,,,0,2,,10580,2,,,0,70,,10572,38,,,0,88,,10567,21,,,0,99,,10578,38,,,0,21,,10568,21,,,0,100,,10577,21,,,0,101,,10574,21,,,0,100,,10575,21,,,0,114,,10576,38,,,0,389,,10569,21,,,0,373,,10570,38,,,0,196,,10571,38,,,0
2001,'5289',1643,,10581,21,,,0
2001,'5299',1543,,10584,21,,,0,200,,10582,21,,,0,271,,10583,38,,,0
2001,'5544',800,,10590,21,,,0,202,,10585,21,,,0,201,,10587,21,,,0,200,,10586,21,,,0,201,,10588,21,,,0,199,,10589,21,,,0
2001,'5547',845,,10602,38,,,0,97,,10597,21,,,0,100,,10601,21,,,0,100,,10598,21,,,0,101,,10591,21,,,0,100,,10600,21,,,0,100,,10604,21,,,0,100,,10594,21,,,0,99,,10599,21,,,0,100,,10595,21,,,0,99,,10592,21,,,0,174,,10603,38,,,0,200,,10596,38,,,0,196,,10593,38,,,0
2001,'5567',1543,,10607,21,,,0,200,,10605,21,,,0,271,,10606,38,,,0
2001,'5568',1643,,10608,21,,,0
1002001,'4614',715,,11408,21,,,0,143,,11409,38,,,0,84,,11410,21,,,0,165,,11411,21,,,0,100,,11404,21,,,0,101,,11405,21,,,0,111,,11412,38,,,0,101,,11406,38,,,0,98,,11407,38,,,0,99,,11413,38,,,0,100,,11414,38,,,0,98,,11415,38,,,0,199,,11416,38,,,0,198,,11417,38,,,0
1002001,'5544',915,,11418,38,,,0,201,,11419,38,,,0,201,,11420,38,,,0,200,,11421,38,,,0,200,,11422,38,,,0,199,,11424,38,,,0,198,,11423,38,,,0
1002001,'5547',743,,11438,38,,,0,172,,11425,38,,,0,100,,11426,38,,,0,100,,11427,38,,,0,100,,11428,38,,,0,101,,11437,38,,,0,100,,11429,38,,,0,100,,11430,38,,,0,100,,11431,38,,,0,100,,11432,38,,,0,100,,11433,38,,,0,99,,11434,38,,,0,200,,11435,38,,,0,198,,11436,38,,,0
