1500,'4614',901,,10456,4,,,0,54,,10457,4,,,0,70,,10461,4,,,0,32,,10459,4,,,0,71,,10460,4,,,0,31,,10458,4,,,0,143,,10465,4,,,0,28,,10464,4,,,0,74,,10463,4,,,0,23,,10462,4,,,0,404,,10466,4,,,0,100,,10467,4,,,0,100,,10468,4,,,0
1500,'4616',926,,10494,4,,,0,100,,10492,4,,,0,105,,10488,4,,,0,101,,10487,4,,,0,101,,10485,4,,,0,101,,10490,4,,,0,100,,10491,4,,,0,99,,10495,4,,,0,199,,10483,4,,,0,101,,10486,4,,,0,100,,11584,4,,,0
1500,'5454',727,,10477,4,,,0,199,,10481,4,,,0,100,,10474,4,,,0,206,,10478,4,,,0,100,,10470,4,,,0,102,,10473,4,,,0,100,,10469,4,,,0,100,,10479,4,,,0,100,,10480,4,,,0,99,,10475,4,,,0
1500,'5658',828,,11943,4,,,0,303,,11942,4,,,0,802,,11941,4,,,0
1500,'5659',925,,11940,4,,,0
1500,'5660',925,,12508,4,,,0
1500,'5661',828,,12511,4,,,0,303,,12510,4,,,0,802,,12509,4,,,0
1500,'5663',727,,12514,4,,,0,101,,12513,4,,,0,905,,12512,4,,,0
3000,'4614',647,,10665,5,,,0,55,,10669,5,,,0,15,,10661,5,,,0,99,,10668,5,,,0,31,,10662,5,,,0,70,,10640,5,,,0,30,,10641,5,,,0,171,,10644,5,,,0,30,,11602,5,,,0,70,,10646,5,,,0,30,,10648,5,,,0,70,,10649,5,,,0,102,,10647,5,,,0,30,,10651,5,,,0,71,,10666,5,,,0,31,,10652,5,,,0,69,,10667,5,,,0,29,,10653,5,,,0,200,,10656,5,,,0,99,,10657,5,,,0,200,,10659,5,,,0,100,,10660,5,,,0
3000,'4616',617,,10684,5,,,0,100,,10685,5,,,0,100,,10686,5,,,0,100,,10688,5,,,0,30,,10689,5,,,0,70,,10690,5,,,0,31,,10691,5,,,0,70,,10692,5,,,0,30,,10693,5,,,0,70,,10694,5,,,0,100,,10696,5,,,0,30,,10697,5,,,0,100,,10699,5,,,0,170,,10702,5,,,0,30,,10703,5,,,0,100,,10705,5,,,0,401,,10709,5,,,0,100,,10710,5,,,0
3000,'5454',749,,10672,5,,,0,300,,10675,5,,,0,101,,10676,5,,,0,200,,10678,5,,,0,100,,10679,5,,,0,200,,10681,5,,,0,100,,10682,5,,,0,99,,10683,5,,,0
3000,'5658',649,,11980,5,,,0,200,,11981,5,,,0,100,,11982,5,,,0,301,,11983,5,,,0,300,,11984,5,,,0
3000,'5659',617,,11977,5,,,0,114,,11979,5,,,0,15,,11978,5,,,0,271,,11971,5,,,0,30,,11972,5,,,0,301,,11973,5,,,0,372,,11974,5,,,0,30,,11975,5,,,0,299,,11976,5,,,0
3000,'5660',617,,12542,5,,,0,114,,12544,5,,,0,15,,12543,5,,,0,271,,12536,5,,,0,30,,12537,5,,,0,301,,12538,5,,,0,372,,12539,5,,,0,30,,12540,5,,,0,299,,12541,5,,,0
3000,'5661',649,,12545,5,,,0,200,,12546,5,,,0,100,,12547,5,,,0,301,,12548,5,,,0,300,,12549,5,,,0
3000,'5663',847,,12550,5,,,0,401,,12551,5,,,0,169,,12552,5,,,0,100,,12553,5,,,0,31,,12554,5,,,0,170,,12555,5,,,0,132,,12556,5,,,0,100,,12557,5,,,0,99,,12558,5,,,0
1001500,'4614',723,,11343,4,,,0,29,,11341,4,,,0,473,,11345,4,,,0,233,,11351,4,,,0,67,,11347,4,,,0,30,,11346,4,,,0,71,,11348,4,,,0,75,,11349,4,,,0,24,,11350,4,,,0
1001500,'5289',824,,12876,4,,,0
1001500,'5659',643,,12326,4,,,0,181,,12328,4,,,0
1001500,'5660',643,,12877,4,,,0
1001500,'5662',824,,12878,4,,,0
