2001,'4614',650,,10573,14,,,0,87,,10579,14,0,9 10 11,0,70,,10572,14,0,9 10 11,0,105,,10567,14,,,0,45,,10578,14,0,9 10 11,0,75,,10568,14,,,0,100,,11593,14,,,0,101,,11962,14,,,0,100,,10575,14,,,0,97,,10576,14,0,9 10 11,0,406,,10569,14,,,0,320,,10570,14,0,9 10 11,0,198,,10571,14,0,9 10 11,0
2001,'4616',936,,10597,14,,,0,100,,10601,14,,,0,100,,10598,14,,,0,101,,10591,14,,,0,100,,10600,14,,,0,100,,10604,14,,,0,101,,10594,14,,,0,99,,10599,14,,,0,100,,10595,14,,,0,99,,10592,14,,,0,120,,10603,14,0,9 10 11,0,200,,10596,14,0,9 10 11,0,198,,10593,14,0,9 10 11,0
2001,'5289',1638,,10581,14,,,0
2001,'5299',1538,,10584,14,,,0,200,,10582,14,,,0,218,,10583,14,0,9 10 11,0
2001,'5454',755,,11592,14,,,0,202,,10585,14,,,0,200,,10587,14,,,0,201,,10586,14,,,0,201,,10588,14,,,0,199,,10589,14,,,0
2001,'5567',1538,,10607,14,,,0,200,,10605,14,,,0,218,,10606,14,0,9 10 11,0
2001,'5568',1638,,10608,14,,,0
2001,'5640',826,,11963,14,0,9 10 11,0
2501,'4614',830,,10624,14,,,0,301,,11598,15,,,0,179,,11967,14,,,0,223,,11968,15,,,0,398,,10628,15,,,0,90,,11969,14,,,0
2501,'4616',1133,,10638,15,,,0,400,,10637,15,,,0,200,,10639,15,,,0,200,,10635,15,,,0
2501,'5454',830,,11597,14,,,0,303,,10631,15,,,0,400,,10632,15,,,0,200,,10634,15,,,0,200,,10633,15,,,0
2501,'5640',830,,11970,14,,,0
1002001,'4614',710,,11408,14,,,0,127,,11409,14,,,0,100,,11742,14,,,0,265,,11404,14,,,0,101,,11405,14,,,0,55,,12337,14,,,0,100,,11406,14,,,0,100,,11407,14,,,0,100,,11413,14,,,0,100,,11414,14,,,0,98,,11415,14,,,0,200,,11416,14,,,0,199,,11417,14,,,0
1002001,'4616',725,,11438,14,,,0,231,,11426,14,,,0,200,,11428,14,,,0,101,,11437,14,,,0,100,,11429,14,,,0,100,,11430,14,,,0,100,,11431,14,,,0,100,,11432,14,,,0,100,,11433,14,,,0,99,,11434,14,,,0,200,,11435,14,,,0,199,,11436,14,,,0
1002001,'5289',1102,,12338,14,,,0
1002001,'5454',856,,11418,14,,,0,201,,11419,14,,,0,201,,11420,14,,,0,200,,11421,14,,,0,200,,11422,14,,,0,199,,11424,14,,,0,199,,11423,14,,,0
1002001,'5568',1102,,12339,14,,,0
1002001,'5640',856,,12340,14,,,0,200,,12341,14,,,0
