900,'4614',600,,11525,2,,,0,40,,11524,2,,,0,80,,11911,2,,,0,31,,11523,2,,,0,72,,11907,2,,,0,32,,11510,2,,,0,167,,11901,2,,,0,83,,11900,2,,,0,20,,11526,2,,,0,94,,11511,2,,,0,102,,11902,2,,,0,98,,11512,2,,,0,106,,11903,2,,,0,100,,11904,2,,,0,99,,11905,2,,,0,30,,11912,2,,,0,69,,11913,2,,,0,28,,11906,2,,,0,163,,11908,2,,,0,103,,11909,2,,,0,94,,11910,2,,,0
900,'4616',823,,11482,2,,,0,203,,11488,2,,,0,24,,11485,2,,,0,69,,11495,2,,,0,202,,11493,2,,,0,100,,11487,2,,,0,100,,11486,2,,,0,102,,11490,2,,,0,105,,11481,2,,,0,93,,11489,2,,,0,24,,11494,2,,,0,75,,11492,2,,,0,93,,11491,2,,,0
900,'4619',1550,,11914,2,,,0
900,'4931',1550,,11915,2,,,0
900,'5454',823,,11501,2,,,0,100,,11499,2,,,0,127,,11504,2,,,0,175,,11505,2,,,0,96,,11503,2,,,0,101,,11497,2,,,0,99,,11506,2,,,0,102,,11498,2,,,0,106,,11500,2,,,0,117,,11507,2,,,0,173,,11502,2,,,0
900,'5640',723,,11916,2,,,0,199,,11917,2,,,0,302,,11918,2,,,0
9801,'4614',728,,11720,2,,,0,99,,11721,2,,,0,119,,11716,2,,,0,92,,11717,2,,,0,117,,11718,2,,,0,103,,11719,2,,,0,95,,11713,2,,,0,176,,11714,2,,,0,126,,11715,2,,,0,96,,11712,2,,,0
9801,'4616',700,,11709,2,,,0,100,,11710,2,,,0,100,,11711,2,,,0,128,,11702,2,,,0,92,,11703,2,,,0,101,,11704,2,,,0,94,,11705,2,,,0,105,,11706,2,,,0,100,,11707,2,,,0,135,,11708,2,,,0,95,,11701,2,,,0
9901,'4614',913,,12324,2,,,0,743,,12325,2,,,0
9901,'4616',858,,11728,2,,,0,797,,11729,2,,,0
9901,'5454',900,,11730,2,,,0,757,,11731,2,,,0
