2000,'4614',605,,10539,33,0,9 12 2 5,0,101,,10540,33,0,9 12 2 5,0,107,,10541,33,0,9 12 2 5,0,1189,,10537,33,0,9 12 2 5,0,198,,10538,33,0,9 12 2 5,0
2000,'4616',2003,,10559,33,0,9 12 2 5,0,198,,10564,33,0,9 12 2 5,0
2000,'5454',907,,10548,33,0,9 12 2 5,0,202,,10551,33,0,9 12 2 5,0,201,,10550,33,0,9 12 2 5,0,202,,10552,33,0,9 12 2 5,0,200,,10549,33,0,9 12 2 5,0,294,,10553,33,0,9 12 2 5,0
2001,'4614',745,,10579,25,0,9 10 11,0,71,,10572,25,0,9 10 11,0,189,,10578,25,0,9 10 11,0,433,,10576,25,0,9 10 11,0,765,,10570,25,0,9 10 11,0,197,,10571,25,0,9 10 11,0
2001,'4616',834,,12531,25,0,9 10 11,0,1170,,10603,25,0,9 10 11,0,200,,10596,25,0,9 10 11,0,197,,10593,25,0,9 10 11,0
2001,'5299',2003,,10583,25,0,9 10 11,0
2001,'5567',2003,,10606,25,0,9 10 11,0
7201,'4614',723,,11677,28,,,0,30,,11181,28,,,0,70,,12838,28,,,0,33,,11183,28,,,0,71,,12839,28,,,0,30,,11678,28,,,0,70,,11186,28,,,0,30,,11187,28,,,0,70,,11188,28,,,0,29,,11189,28,,,0,70,,11190,28,,,0,30,,11191,28,,,0,70,,11192,28,,,0,30,,11193,28,,,0,69,,11194,28,,,0,30,,11195,28,,,0,70,,12840,28,,,0,30,,11197,28,,,0,70,,11198,28,,,0,31,,11199,28,,,0,70,,11200,28,,,0,30,,11201,28,,,0,70,,11202,28,,,0,30,,11203,28,,,0,70,,12841,28,,,0,100,,11205,28,,,0,100,,11206,28,,,0,100,,12842,28,,,0,131,,11208,28,,,0
7201,'4616',727,,11228,28,,,0,99,,11229,28,,,0,100,,11230,28,,,0,30,,12853,28,,,0,70,,11232,28,,,0,30,,12854,28,,,0,70,,12855,28,,,0,30,,12856,28,,,0,70,,12857,28,,,0,30,,12858,28,,,0,70,,12859,28,,,0,30,,12860,28,,,0,70,,12861,28,,,0,30,,12862,28,,,0,70,,12863,28,,,0,30,,12864,28,,,0,70,,12865,28,,,0,30,,12866,28,,,0,70,,12867,28,,,0,30,,11247,28,,,0,70,,12868,28,,,0,30,,11249,28,,,0,70,,12848,28,,,0,100,,12849,28,,,0,100,,12850,28,,,0,100,,11225,28,,,0,100,,12851,28,,,0,101,,12852,28,,,0
7201,'5454',826,,11209,28,,,0,100,,11210,28,,,0,100,,11211,28,,,0,100,,11212,28,,,0,99,,12843,28,,,0,100,,12844,28,,,0,100,,11215,28,,,0,100,,11216,28,,,0,101,,11217,28,,,0,100,,11218,28,,,0,100,,12845,28,,,0,100,,12846,28,,,0,101,,12847,28,,,0
9200,'4619',1425,,12873,29,,,0,2,,12318,29,,,0
9200,'5289',1534,,12874,29,,,0,2,,11283,29,,,0
9200,'5299',1441,,12875,29,,,0,2,,11286,29,,,0
1002000,'4614',838,,12882,39,,,0,403,,11739,39,,,0,206,,11373,39,,,0,103,,11369,39,,,0,185,,11374,39,,,0,368,,11375,39,,,0,199,,11376,39,,,0
1002000,'4616',633,,11389,39,,,0,100,,12885,39,,,0,100,,11388,39,,,0,100,,12883,39,,,0,100,,11391,39,,,0,101,,11392,39,,,0,100,,11393,39,,,0,100,,12884,39,,,0,101,,11395,39,,,0,100,,11400,39,,,0,100,,11396,39,,,0,98,,11397,39,,,0,175,,11398,39,,,0,196,,11399,39,,,0,198,,11387,39,,,0
1002000,'5299',1638,,11378,39,,,0,269,,11379,39,,,0
1002000,'5454',709,,11737,39,,,0,100,,11386,39,,,0
1002000,'5567',1638,,11402,39,,,0,269,,11403,39,,,0
1002001,'4614',845,,11409,25,,,0,561,,12887,25,,,0,100,,11406,25,,,0,100,,11407,25,,,0,100,,11413,25,,,0,100,,11414,25,,,0,98,,11415,25,,,0,199,,11416,25,,,0,199,,11417,25,,,0
1002001,'4616',733,,11438,25,,,0,171,,12889,25,,,0,100,,11426,25,,,0,100,,12890,25,,,0,100,,11428,25,,,0,101,,11437,25,,,0,100,,11429,25,,,0,100,,11430,25,,,0,100,,11431,25,,,0,100,,11432,25,,,0,100,,11433,25,,,0,99,,11434,25,,,0,200,,11435,25,,,0,198,,11436,25,,,0
1002001,'5454',904,,11418,25,,,0,201,,11419,25,,,0,201,,11420,25,,,0,200,,11421,25,,,0,200,,11422,25,,,0,199,,11424,25,,,0,199,,11423,25,,,0
