100,'4614',500,,11755,9,,,0,146,,9925,9,,,0,71,,9919,9,,,0,83,,9915,9,,,0,21,,9917,9,,,0,80,,9928,9,,,0,20,,11444,9,,,0,20,,9906,9,,,0,100,,9897,9,,,0,70,,9914,9,,,0,31,,9898,9,,,0,70,,9907,9,,,0,31,,9900,9,,,0,70,,9910,9,,,0,31,,9927,9,,,0,260,,9903,9,,,0,20,,9889,9,,,0,20,,9909,9,,,0,60,,9891,9,,,0,19,,9899,9,,,0,19,,9926,9,,,0,99,,9893,9,,,0,69,,9920,9,,,0,129,,9894,9,,,0,70,,9922,9,,,0,97,,9923,9,,,0,100,,9924,9,,,0,99,,9902,9,,,0
100,'4616',636,,9993,9,,,0,70,,9986,9,,,0,202,,9984,9,,,0,32,,9979,9,,,0,70,,9965,9,,,0,133,,9962,9,,,0,70,,9982,9,,,0,130,,9977,9,,,0,300,,11439,9,,,0,69,,9992,9,,,0,30,,9972,9,,,0,69,,9976,9,,,0,99,,9959,9,,,0,30,,9988,9,,,0,266,,9963,9,,,0,100,,9969,9,,,0,100,,9975,9,,,0
100,'5289',739,,12342,9,,,0
100,'5454',736,,9950,9,,,0,100,,9941,9,,,0,104,,9931,9,,,0,170,,9946,9,,,0,30,,9953,9,,,0,101,,9939,9,,,0,70,,9954,9,,,0,31,,9933,9,,,0,100,,9945,9,,,0,100,,9942,9,,,0,169,,9937,9,,,0,30,,9932,9,,,0,68,,9935,9,,,0,29,,9956,9,,,0,170,,9957,9,,,0,29,,9948,9,,,0,69,,9958,9,,,0
100,'5658',806,,11765,9,,,0,100,,11761,9,,,0,104,,11762,9,,,0,30,,11767,9,,,0,171,,11760,9,,,0,201,,11766,9,,,0,100,,11759,9,,,0,99,,11763,9,,,0,30,,11768,9,,,0,267,,11764,9,,,0,30,,11758,9,,,0
100,'5659',545,,11756,9,,,0,70,,11753,9,,,0,124,,11769,9,,,0,101,,11752,9,,,0,171,,11751,9,,,0,403,,11748,9,,,0,30,,11747,9,,,0,70,,11749,9,,,0,30,,11743,9,,,0,267,,11750,9,,,0,129,,11746,9,,,0,69,,11754,9,,,0,130,,11744,9,,,0,97,,11745,9,,,0
100,'5660',545,,12355,9,,,0,70,,12353,9,,,0,225,,12352,9,,,0,171,,12351,9,,,0,403,,12348,9,,,0,30,,12347,9,,,0,70,,12349,9,,,0,30,,12343,9,,,0,267,,12350,9,,,0,129,,12346,9,,,0,69,,12354,9,,,0,130,,12344,9,,,0,97,,12345,9,,,0
100,'5661',806,,12363,9,,,0,100,,12359,9,,,0,104,,12360,9,,,0,30,,12365,9,,,0,171,,12358,9,,,0,201,,12364,9,,,0,100,,12357,9,,,0,99,,12361,9,,,0,30,,12366,9,,,0,267,,12362,9,,,0,30,,12356,9,,,0
100,'5662',739,,12367,9,,,0
100,'5663',736,,12371,9,,,0,70,,12375,9,,,0,30,,12374,9,,,0,205,,12373,9,,,0,71,,12380,9,,,0,131,,12370,9,,,0,70,,12385,9,,,0,100,,12368,9,,,0,30,,12382,9,,,0,70,,12383,9,,,0,30,,12369,9,,,0,70,,12384,9,,,0,227,,12381,9,,,0,170,,12377,9,,,0,28,,12379,9,,,0,70,,12376,9,,,0,30,,12378,9,,,0,98,,12372,9,,,0
7200,'4614',652,,11669,26,,,0,71,,11672,26,,,0,31,,11670,26,,,0,71,,11113,26,,,0,100,,11115,26,,,0,100,,11671,26,,,0,30,,11118,26,,,0,70,,11119,26,,,0,30,,11120,26,,,0,70,,11121,26,,,0,30,,11122,26,,,0,70,,11123,26,,,0,30,,11124,26,,,0,72,,11125,26,,,0,32,,11126,26,,,0,71,,11127,26,,,0,99,,11129,26,,,0,30,,11130,26,,,0,68,,11131,26,,,0,30,,11132,26,,,0,69,,11133,26,,,0,29,,11134,26,,,0,196,,11136,26,,,0,100,,11137,26,,,0
7200,'4616',653,,11154,26,,,0,101,,11156,26,,,0,100,,11158,26,,,0,101,,11160,26,,,0,100,,11162,26,,,0,770,,11177,26,,,0,426,,11152,26,,,0
7200,'5454',753,,11139,26,,,0,101,,11140,26,,,0,101,,11141,26,,,0,100,,11142,26,,,0,100,,11143,26,,,0,300,,11146,26,,,0,100,,11147,26,,,0,100,,11148,26,,,0,100,,11149,26,,,0
7200,'5658',1255,,12258,26,,,0,100,,12259,26,,,0,500,,12260,26,,,0,98,,12261,26,,,0
7200,'5659',856,,12253,26,,,0,99,,12254,26,,,0,604,,12255,26,,,0,392,,12256,26,,,0,300,,12257,26,,,0
7200,'5660',856,,12808,26,,,0,99,,12809,26,,,0,604,,12810,26,,,0,392,,12811,26,,,0,300,,12812,26,,,0
7200,'5661',1255,,12813,26,,,0,100,,12814,26,,,0,500,,12815,26,,,0,98,,12816,26,,,0
7200,'5663',925,,12820,26,,,0,100,,12821,26,,,0,100,,12822,26,,,0,30,,12823,26,,,0,70,,12824,26,,,0,30,,12825,26,,,0,70,,12826,26,,,0,30,,12827,26,,,0,70,,12828,26,,,0,30,,12829,26,,,0,70,,12830,26,,,0,30,,12831,26,,,0,70,,12832,26,,,0,30,,12833,26,,,0,70,,12834,26,,,0,30,,12835,26,,,0,98,,12836,26,,,0,98,,12837,26,,,0,100,,12817,26,,,0,100,,12819,26,,,0,200,,12818,26,,,0
