3001,'4614',621,,10741,14,,,0,30,,10734,14,,,0,102,,10736,14,,,0,57,,10739,14,,,0,17,,10738,14,,,0,31,,10735,14,,,0,169,,10713,14,,,0,30,,11604,14,,,0,70,,10714,14,,,0,30,,10716,14,,,0,70,,10718,14,,,0,30,,10720,14,,,0,101,,10717,14,,,0,70,,10722,14,,,0,30,,10719,14,,,0,100,,10723,14,,,0,199,,10725,14,,,0,69,,10726,14,,,0,30,,10727,14,,,0,199,,10730,14,,,0,100,,10731,14,,,0,100,,10728,14,,,0,100,,10732,14,,,0
3001,'4616',726,,10757,14,,,0,100,,10758,14,,,0,100,,10759,14,,,0,31,,10760,14,,,0,70,,10761,14,,,0,30,,10762,14,,,0,70,,10763,14,,,0,101,,10765,14,,,0,30,,10766,14,,,0,70,,10767,14,,,0,30,,10768,14,,,0,70,,10769,14,,,0,100,,10771,14,,,0,30,,10772,14,,,0,99,,10774,14,,,0,169,,10777,14,,,0,30,,10778,14,,,0,200,,10780,14,,,0,299,,10783,14,,,0
3001,'5289',1528,,10743,14,,,0,130,,10742,14,,,0
3001,'5454',957,,10746,14,,,0,100,,10747,14,,,0,201,,10749,14,,,0,100,,10750,14,,,0,200,,10752,14,,,0,100,,10753,14,,,0,198,,10755,14,,,0,100,,10756,14,,,0
3001,'5568',1528,,10785,14,,,0,130,,10784,14,,,0
3001,'5658',755,,12002,14,,,0,101,,12003,14,,,0,302,,12004,14,,,0,300,,12005,14,,,0,299,,12006,14,,,0
3001,'5659',721,,11999,14,,,0,121,,12001,14,,,0,85,,11994,14,,,0,30,,11995,14,,,0,371,,11996,14,,,0,300,,12000,14,,,0,100,,11997,14,,,0,228,,11998,14,,,0
3001,'5660',721,,12564,14,,,0,121,,12566,14,,,0,85,,12559,14,,,0,30,,12560,14,,,0,371,,12561,14,,,0,300,,12565,14,,,0,100,,12562,14,,,0,228,,12563,14,,,0
3001,'5661',755,,12567,14,,,0,101,,12568,14,,,0,302,,12569,14,,,0,300,,12570,14,,,0,299,,12571,14,,,0
3001,'5663',1158,,12572,14,,,0,300,,12573,14,,,0,170,,12574,14,,,0,100,,12575,14,,,0,28,,12576,14,,,0,200,,12577,14,,,0,200,,12578,14,,,0,99,,12579,14,,,0
