101,'4614',631,,11798,2,,,0,20,,11797,2,,,0,60,,10025,2,,,0,20,,10019,2,,,0,80,,10034,2,,,0,22,,11456,2,,,0,20,,10018,2,,,0,66,,11796,2,,,0,30,,10014,2,,,0,69,,11455,2,,,0,30,,10005,2,,,0,70,,10016,2,,,0,29,,10006,2,,,0,69,,10012,2,,,0,30,,10033,2,,,0,69,,10013,2,,,0,30,,10009,2,,,0,70,,11795,2,,,0,29,,11800,2,,,0,59,,11793,2,,,0,20,,9994,2,,,0,22,,10020,2,,,0,60,,9996,2,,,0,20,,10004,2,,,0,20,,9995,2,,,0,61,,11794,2,,,0,20,,10008,2,,,0,22,,10032,2,,,0,103,,11789,2,,,0,71,,10027,2,,,0,33,,11790,2,,,0,70,,11799,2,,,0,30,,11791,2,,,0,70,,10029,2,,,0,31,,11792,2,,,0,70,,10028,2,,,0,30,,10003,2,,,0,71,,10030,2,,,0,31,,11788,2,,,0,70,,9997,2,,,0
101,'4616',651,,11816,2,,,0,70,,11817,2,,,0,30,,11818,2,,,0,70,,10068,2,,,0,28,,10069,2,,,0,70,,10070,2,,,0,30,,11819,2,,,0,67,,11820,2,,,0,30,,10073,2,,,0,69,,10074,2,,,0,30,,11821,2,,,0,70,,10076,2,,,0,30,,10077,2,,,0,70,,10078,2,,,0,30,,11822,2,,,0,70,,11823,2,,,0,30,,11824,2,,,0,70,,10082,2,,,0,31,,11449,2,,,0,70,,10084,2,,,0,32,,10085,2,,,0,71,,10086,2,,,0,30,,11825,2,,,0,70,,10088,2,,,0,30,,10089,2,,,0,71,,11826,2,,,0,33,,11827,2,,,0,71,,10092,2,,,0,31,,11828,2,,,0,70,,10094,2,,,0,30,,11829,2,,,0,71,,10096,2,,,0,30,,10097,2,,,0,71,,10098,2,,,0,100,,11830,2,,,0
101,'4619',1819,,11801,2,,,0
101,'4931',1819,,11802,2,,,0
101,'5289',751,,11803,2,,,0
101,'5454',751,,10046,2,,,0,70,,11809,2,,,0,30,,10049,2,,,0,69,,11807,2,,,0,29,,11811,2,,,0,70,,10045,2,,,0,30,,10055,2,,,0,70,,11812,2,,,0,29,,10039,2,,,0,69,,10043,2,,,0,29,,10056,2,,,0,71,,11814,2,,,0,30,,11813,2,,,0,70,,11805,2,,,0,30,,11808,2,,,0,70,,11452,2,,,0,31,,11806,2,,,0,70,,10040,2,,,0,30,,10047,2,,,0,71,,10041,2,,,0,30,,10062,2,,,0,72,,10061,2,,,0,30,,10050,2,,,0,70,,11804,2,,,0,34,,10054,2,,,0,70,,10063,2,,,0,30,,11810,2,,,0,70,,10064,2,,,0
101,'5568',751,,11815,2,,,0
2001,'4614',641,,10573,2,,,0,85,,10579,2,0,9 10 11,0,30,,10572,2,0,9 10 11,0,145,,10567,2,,,0,45,,10578,2,0,9 10 11,0,75,,10568,2,,,0,100,,11593,2,,,0,100,,11962,2,,,0,100,,10575,2,,,0,97,,10576,2,0,9 10 11,0,408,,10569,2,,,0,320,,10570,2,0,9 10 11,0,200,,10571,2,0,9 10 11,0
2001,'4616',816,,11963,2,0,9 10 11,0,110,,10597,2,,,0,100,,10601,2,,,0,100,,10598,2,,,0,100,,10591,2,,,0,100,,10600,2,,,0,100,,10604,2,,,0,100,,10594,2,,,0,100,,10599,2,,,0,100,,10595,2,,,0,100,,10592,2,,,0,120,,10603,2,0,9 10 11,0,200,,10596,2,0,9 10 11,0,200,,10593,2,0,9 10 11,0
2001,'5289',1626,,10581,2,,,0
2001,'5299',1526,,10584,2,,,0,200,,10582,2,,,0,220,,10583,2,0,9 10 11,0
2001,'5454',746,,11592,2,,,0,200,,10585,2,,,0,200,,10587,2,,,0,200,,10586,2,,,0,201,,10588,2,,,0,199,,10589,2,,,0
2001,'5567',1526,,10607,2,,,0,200,,10605,2,,,0,220,,10606,2,0,9 10 11,0
2001,'5568',1626,,10608,2,,,0
2501,'4614',814,,10624,2,,,0,302,,11598,3,,,0,139,,11967,2,,,0,261,,11968,3,,,0,400,,10628,3,,,0,90,,11969,2,,,0
2501,'4616',814,,11970,2,,,0,302,,10638,3,,,0,400,,10637,3,,,0,200,,10639,3,,,0,200,,10635,3,,,0
2501,'5454',814,,11597,2,,,0,302,,10631,3,,,0,400,,10632,3,,,0,200,,10634,3,,,0,200,,10633,3,,,0
3001,'4614',611,,10741,2,,,0,30,,10734,2,,,0,70,,11999,2,,,0,30,,10736,2,,,0,17,,10739,2,,,0,57,,10738,2,,,0,15,,12001,2,,,0,16,,10735,2,,,0,69,,11994,2,,,0,30,,11995,2,,,0,70,,10713,2,,,0,30,,11604,2,,,0,70,,10714,2,,,0,30,,10716,2,,,0,70,,10718,2,,,0,30,,10720,2,,,0,70,,11996,2,,,0,30,,10717,2,,,0,70,,10722,2,,,0,30,,10719,2,,,0,100,,10723,2,,,0,70,,12000,2,,,0,101,,11997,2,,,0,30,,10725,2,,,0,70,,10726,2,,,0,30,,10727,2,,,0,100,,11998,2,,,0,100,,10730,2,,,0,100,,10731,2,,,0,100,,10728,2,,,0,100,,10732,2,,,0
3001,'4616',716,,10757,2,,,0,100,,10758,2,,,0,100,,10759,2,,,0,30,,10760,2,,,0,70,,10761,2,,,0,30,,10762,2,,,0,70,,10763,2,,,0,30,,12007,2,,,0,70,,10765,2,,,0,30,,10766,2,,,0,70,,10767,2,,,0,30,,10768,2,,,0,70,,10769,2,,,0,30,,12008,2,,,0,70,,10771,2,,,0,30,,10772,2,,,0,70,,12009,2,,,0,30,,10774,2,,,0,71,,12010,2,,,0,29,,12011,2,,,0,70,,10777,2,,,0,30,,10778,2,,,0,100,,12012,2,,,0,100,,10780,2,,,0,100,,12013,2,,,0,100,,12014,2,,,0,100,,10783,2,,,0
3001,'5289',1515,,10743,2,,,0,131,,10742,2,,,0
3001,'5454',746,,12002,2,,,0,100,,12003,2,,,0,100,,10746,2,,,0,100,,10747,2,,,0,100,,12004,2,,,0,100,,10749,2,,,0,100,,10750,2,,,0,100,,12005,2,,,0,100,,10752,2,,,0,100,,10753,2,,,0,100,,12006,2,,,0,100,,10755,2,,,0,100,,10756,2,,,0
3001,'5568',1515,,10785,2,,,0,131,,10784,2,,,0
7201,'4614',702,,11677,2,,,0,28,,11181,2,,,0,28,,12283,2,,,0,75,,11183,2,,,0,72,,12284,2,,,0,31,,11678,2,,,0,70,,11186,2,,,0,30,,11187,2,,,0,69,,11188,2,,,0,29,,11189,2,,,0,70,,11190,2,,,0,30,,11191,2,,,0,70,,11192,2,,,0,30,,11193,2,,,0,68,,11194,2,,,0,30,,11195,2,,,0,70,,12285,2,,,0,30,,11197,2,,,0,71,,11198,2,,,0,31,,11199,2,,,0,70,,11200,2,,,0,31,,11201,2,,,0,70,,11202,2,,,0,31,,11203,2,,,0,71,,12286,2,,,0,100,,11205,2,,,0,101,,11206,2,,,0,100,,12287,2,,,0,132,,11208,2,,,0
7201,'4616',708,,11228,2,,,0,98,,11229,2,,,0,100,,11230,2,,,0,30,,12298,2,,,0,69,,11232,2,,,0,30,,12299,2,,,0,70,,12300,2,,,0,29,,12301,2,,,0,70,,12302,2,,,0,30,,12303,2,,,0,70,,12304,2,,,0,30,,12305,2,,,0,70,,12306,2,,,0,30,,12307,2,,,0,70,,12308,2,,,0,30,,12309,2,,,0,70,,12310,2,,,0,31,,12311,2,,,0,70,,12312,2,,,0,30,,11247,2,,,0,70,,12313,2,,,0,31,,11249,2,,,0,70,,12293,2,,,0,101,,12294,2,,,0,101,,12295,2,,,0,100,,11225,2,,,0,101,,12296,2,,,0,101,,12297,2,,,0
7201,'5454',806,,11209,2,,,0,100,,11210,2,,,0,100,,11211,2,,,0,99,,11212,2,,,0,98,,12288,2,,,0,100,,12289,2,,,0,100,,11215,2,,,0,100,,11216,2,,,0,101,,11217,2,,,0,101,,11218,2,,,0,100,,12290,2,,,0,100,,12291,2,,,0,102,,12292,2,,,0
1002001,'4614',701,,11408,2,,,0,125,,11409,2,,,0,100,,11742,2,,,0,225,,11404,2,,,0,100,,11405,2,,,0,95,,12337,2,,,0,100,,11406,2,,,0,100,,11407,2,,,0,100,,11413,2,,,0,100,,11414,2,,,0,100,,11415,2,,,0,200,,11416,2,,,0,200,,11417,2,,,0
1002001,'4616',716,,11438,2,,,0,130,,12340,2,,,0,100,,11426,2,,,0,100,,12341,2,,,0,100,,11428,2,,,0,100,,11437,2,,,0,100,,11429,2,,,0,100,,11430,2,,,0,100,,11431,2,,,0,100,,11432,2,,,0,100,,11433,2,,,0,100,,11434,2,,,0,200,,11435,2,,,0,200,,11436,2,,,0
1002001,'5289',1051,,12338,2,,,0
1002001,'5454',846,,11418,2,,,0,200,,11419,2,,,0,200,,11420,2,,,0,200,,11421,2,,,0,200,,11422,2,,,0,200,,11424,2,,,0,200,,11423,2,,,0
1002001,'5568',1051,,12339,2,,,0
