100,'4614',445,,11755,1,,,0,85,,12355,1,,,0,70,,12353,1,,,0,30,,9925,1,,,0,70,,9919,1,,,0,42,,9915,1,,,0,60,,9917,1,,,0,19,,12352,1,,,0,21,,9928,1,,,0,60,,11444,1,,,0,20,,9906,1,,,0,30,,12351,1,,,0,70,,9897,1,,,0,30,,9914,1,,,0,70,,9898,1,,,0,30,,9907,1,,,0,70,,9900,1,,,0,30,,9910,1,,,0,70,,9927,1,,,0,30,,12348,1,,,0,70,,12347,1,,,0,30,,12349,1,,,0,70,,12343,1,,,0,20,,9903,1,,,0,60,,9889,1,,,0,20,,9909,1,,,0,20,,9891,1,,,0,60,,9899,1,,,0,20,,9926,1,,,0,30,,12350,1,,,0,70,,9893,1,,,0,30,,9920,1,,,0,70,,12346,1,,,0,30,,12354,1,,,0,70,,9894,1,,,0,30,,9922,1,,,0,70,,12344,1,,,0,28,,9923,1,,,0,70,,12345,1,,,0,30,,9924,1,,,0,100,,9902,1,,,0
100,'4616',620,,9993,1,,,0,30,,9986,1,,,0,70,,12371,1,,,0,30,,12375,1,,,0,70,,12374,1,,,0,30,,9984,1,,,0,72,,9979,1,,,0,30,,9965,1,,,0,70,,12373,1,,,0,30,,12380,1,,,0,70,,9962,1,,,0,30,,9982,1,,,0,70,,12370,1,,,0,30,,12385,1,,,0,70,,9977,1,,,0,30,,12368,1,,,0,70,,12382,1,,,0,30,,12383,1,,,0,70,,12369,1,,,0,30,,12384,1,,,0,70,,11439,1,,,0,30,,9992,1,,,0,70,,9972,1,,,0,30,,9976,1,,,0,70,,12381,1,,,0,30,,9959,1,,,0,70,,9988,1,,,0,30,,12377,1,,,0,70,,12379,1,,,0,30,,12376,1,,,0,70,,12378,1,,,0,28,,9963,1,,,0,70,,12372,1,,,0,30,,9969,1,,,0,100,,9975,1,,,0
100,'5289',722,,12342,1,,,0
100,'5454',720,,9950,1,,,0,30,,12363,1,,,0,70,,9941,1,,,0,30,,12359,1,,,0,72,,9931,1,,,0,30,,12360,1,,,0,70,,12365,1,,,0,30,,9946,1,,,0,70,,9953,1,,,0,30,,12358,1,,,0,70,,9939,1,,,0,30,,9954,1,,,0,70,,9933,1,,,0,30,,12364,1,,,0,70,,9945,1,,,0,30,,12357,1,,,0,70,,9942,1,,,0,30,,12361,1,,,0,70,,12366,1,,,0,30,,9937,1,,,0,70,,9932,1,,,0,28,,9935,1,,,0,70,,9956,1,,,0,30,,12362,1,,,0,70,,12356,1,,,0,30,,9957,1,,,0,70,,9948,1,,,0,30,,9958,1,,,0
100,'5568',722,,12367,1,,,0
101,'4614',651,,12397,14,4,,0,61,,12396,14,4,,0,20,,10025,14,4,,0,23,,10019,14,4,,0,80,,10034,14,4,,0,21,,11456,14,4,,0,60,,10018,14,4,,0,26,,12395,14,4,,0,70,,10014,14,4,,0,30,,11455,14,4,,0,70,,10005,14,4,,0,30,,10016,14,4,,0,70,,10006,14,4,,0,30,,10012,14,4,,0,70,,10033,14,4,,0,30,,10013,14,4,,0,70,,10009,14,4,,0,30,,12394,14,4,,0,70,,12399,14,4,,0,20,,12392,14,4,,0,20,,9994,14,4,,0,60,,10020,14,4,,0,20,,9996,14,4,,0,20,,10004,14,4,,0,60,,9995,14,4,,0,20,,12393,14,4,,0,20,,10008,14,4,,0,60,,10032,14,4,,0,100,,12388,14,4,,0,30,,10027,14,4,,0,73,,12389,14,4,,0,30,,12398,14,4,,0,70,,12390,14,4,,0,30,,10029,14,4,,0,70,,12391,14,4,,0,30,,10028,14,4,,0,70,,10003,14,4,,0,30,,10030,14,4,,0,70,,12387,14,4,,0,30,,9997,14,4,,0
101,'4616',712,,12412,14,4,,0,30,,12413,14,4,,0,70,,12414,14,4,,0,30,,10068,14,4,,0,70,,10069,14,4,,0,30,,10070,14,4,,0,70,,12415,14,4,,0,30,,12416,14,4,,0,70,,10073,14,4,,0,30,,10074,14,4,,0,70,,12417,14,4,,0,30,,10076,14,4,,0,70,,10077,14,4,,0,30,,10078,14,4,,0,70,,12418,14,4,,0,30,,12419,14,4,,0,70,,12420,14,4,,0,30,,10082,14,4,,0,70,,11449,14,4,,0,30,,10084,14,4,,0,70,,10085,14,4,,0,30,,10086,14,4,,0,70,,12421,14,4,,0,30,,10088,14,4,,0,70,,10089,14,4,,0,30,,12422,14,4,,0,73,,12423,14,4,,0,30,,10092,14,4,,0,70,,12424,14,4,,0,30,,10094,14,4,,0,70,,12425,14,4,,0,30,,10096,14,4,,0,70,,10097,14,4,,0,30,,10098,14,4,,0,100,,12426,14,4,,0
101,'4619',1842,,11801,14,4,,0
101,'4931',1842,,11802,14,4,,0
101,'5289',815,,12386,14,4,,0
101,'5454',812,,10046,14,4,,0,30,,12405,14,4,,0,71,,10049,14,4,,0,30,,12403,14,4,,0,70,,12407,14,4,,0,30,,10045,14,4,,0,70,,10055,14,4,,0,30,,12408,14,4,,0,70,,10039,14,4,,0,30,,10043,14,4,,0,70,,10056,14,4,,0,30,,12410,14,4,,0,70,,12409,14,4,,0,30,,12401,14,4,,0,70,,12404,14,4,,0,30,,11452,14,4,,0,70,,12402,14,4,,0,30,,10040,14,4,,0,70,,10047,14,4,,0,29,,10041,14,4,,0,70,,10062,14,4,,0,30,,10061,14,4,,0,70,,10050,14,4,,0,30,,12400,14,4,,0,73,,10054,14,4,,0,30,,10063,14,4,,0,70,,12406,14,4,,0,30,,10064,14,4,,0
101,'5568',815,,12411,14,4,,0
901,'4614',509,,11577,1,,,0,37,,11576,1,,,0,79,,12503,1,,,0,25,,11574,1,,,0,70,,11930,1,,,0,30,,11560,1,,,0,70,,11932,1,,,0,100,,11919,1,,,0,100,,11579,1,,,0,100,,11562,1,,,0,100,,11920,1,,,0,100,,11563,1,,,0,100,,11921,1,,,0,100,,12500,1,,,0,30,,11923,1,,,0,70,,11924,1,,,0,30,,12504,1,,,0,70,,11934,1,,,0,100,,12502,1,,,0,100,,11928,1,,,0,100,,12501,1,,,0,100,,11929,1,,,0,201,,11927,1,,,0
901,'4616',625,,12505,1,,,0,100,,11533,1,,,0,32,,11534,1,,,0,68,,12507,1,,,0,95,,11539,1,,,0,100,,11536,1,,,0,100,,12506,1,,,0,100,,11544,1,,,0,100,,11537,1,,,0,100,,11538,1,,,0,100,,11541,1,,,0,30,,11546,1,,,0,70,,11531,1,,,0,100,,11540,1,,,0,100,,11543,1,,,0,100,,11542,1,,,0,200,,11532,1,,,0
901,'4619',1450,,11935,1,,,0
901,'4931',1450,,11936,1,,,0
901,'5454',722,,11551,1,,,0,78,,11555,1,,,0,150,,11553,1,,,0,170,,11556,1,,,0,100,,11554,1,,,0,100,,11548,1,,,0,100,,11557,1,,,0,100,,11549,1,,,0,33,,11559,1,,,0,67,,11550,1,,,0,130,,11558,1,,,0,168,,11552,1,,,0
3001,'4614',656,,10741,55,4,,0,72,,10734,55,4,,0,31,,12564,55,4,,0,76,,10736,55,4,,0,15,,10739,55,4,,0,55,,10738,55,4,,0,14,,12566,55,4,,0,16,,10735,55,4,,0,70,,12559,55,4,,0,31,,12560,55,4,,0,70,,10713,55,4,,0,30,,11604,55,4,,0,70,,10714,55,4,,0,31,,10716,55,4,,0,70,,10718,55,4,,0,30,,10720,55,4,,0,72,,12561,55,4,,0,30,,10717,55,4,,0,71,,10722,55,4,,0,31,,10719,55,4,,0,97,,10723,55,4,,0,70,,12565,55,4,,0,98,,12562,55,4,,0,28,,10725,55,4,,0,68,,10726,55,4,,0,29,,10727,55,4,,0,99,,12563,55,4,,0,99,,10730,55,4,,0,100,,10731,55,4,,0,98,,10728,55,4,,0,99,,10732,55,4,,0
3001,'4616',801,,10757,55,4,,0,102,,10758,55,4,,0,100,,10759,55,4,,0,32,,10760,55,4,,0,70,,10761,55,4,,0,30,,10762,55,4,,0,70,,10763,55,4,,0,31,,12572,55,4,,0,70,,10765,55,4,,0,30,,10766,55,4,,0,70,,10767,55,4,,0,30,,10768,55,4,,0,70,,10769,55,4,,0,30,,12573,55,4,,0,70,,10771,55,4,,0,29,,10772,55,4,,0,69,,12574,55,4,,0,29,,10774,55,4,,0,70,,12575,55,4,,0,28,,12576,55,4,,0,70,,10777,55,4,,0,29,,10778,55,4,,0,100,,12577,55,4,,0,100,,10780,55,4,,0,99,,12578,55,4,,0,98,,12579,55,4,,0,99,,10783,55,4,,0
3001,'5289',1610,,10743,55,4,,0,126,,10742,55,4,,0
3001,'5454',831,,12567,55,4,,0,101,,12568,55,4,,0,102,,10746,55,4,,0,100,,10747,55,4,,0,102,,12569,55,4,,0,100,,10749,55,4,,0,100,,10750,55,4,,0,99,,12570,55,4,,0,99,,10752,55,4,,0,99,,10753,55,4,,0,98,,12571,55,4,,0,98,,10755,55,4,,0,100,,10756,55,4,,0
3001,'5568',1610,,10785,55,4,,0,126,,10784,55,4,,0
